
sets
i        orders          /0*40/
k        routes          /1*40/
p        positions       /0*40/
;

alias(i,j)
alias(i,h)
alias(i,hh)
alias(i,jj)
alias(k,kk)
                
                    Parameters

rho(i)	Processing time
/
0	0
1	26
2	39
3	72
4	57
5	87
6	99
7	48
8	92
9	97
10	3
11	3
12	47
13	50
14	93
15	51
16	78
17	81
18	32
19	1
20	75
21	99
22	63
23	51
24	83
25	84
26	1
27	88
28	71
29	23
30	39
31	44
32	42
33	12
34	26
35	33
36	37
37	47
38	13
39	49
40	69
/

gamma(i)	Duedate
/
0	0
1	52
2	63
3	91
4	32
5	5
6	84
7	90
8	67
9	85
10	23
11	83
12	8
13	68
14	18
15	61
16	60
17	46
18	97
19	69
20	9
21	67
22	91
23	7
24	36
25	43
26	89
27	70
28	12
29	30
30	35
31	47
32	7
33	90
34	57
35	80
36	10
37	82
38	90
39	92
40	20
/

sigma(i)	Size
/
0	0
1	7
2	8
3	7
4	7
5	5
6	3
7	2
8	2
9	6
10	8
11	2
12	8
13	3
14	2
15	4
16	5
17	3
18	2
19	8
20	3
21	9
22	5
23	1
24	6
25	3
26	3
27	7
28	4
29	2
30	9
31	3
32	7
33	3
34	8
35	6
36	7
37	2
38	5
39	4
40	8
/

epsilon(i)	Priority
/
0	0
1	9
2	6
3	8
4	6
5	4
6	3
7	4
8	9
9	4
10	3
11	2
12	9
13	1
14	9
15	8
16	9
17	5
18	7
19	2
20	1
21	1
22	6
23	8
24	9
25	2
26	6
27	4
28	3
29	5
30	6
31	3
32	4
33	4
34	6
35	2
36	3
37	3
38	3
39	6
40	3
/

psi	Vehicle Capacity
/ 10 /
;

Table kappa(i,j)                 Setup
         0        1        2        3        4        5        6        7        8        9        10       11       12       13       14       15       16       17       18       19       20       21       22       23       24       25       26       27       28       29       30       31       32       33       34       35       36       37       38       39       40       
0        0        717      500      1010     1284     716      1181     1056     901      1412     778      1068     1034     416      792      894      1067     56       670      1444     670      978      976      507      566      865      27       763      1327     840      902      865      609      1266     1403     939      754      1125     860      418      1274     
1        717      0        240      514      581      147      496      717      700      738      257      677      759      550      350      720      742      773      94       789      179      533      258      212      476      464      733      292      705      521      496      229      126      749      697      585      284      895      469      427      557      
2        500      240      0        560      785      217      737      689      608      914      420      673      704      322      342      618      709      555      239      950      297      549      492      118      297      446      512      295      841      628      485      366      185      819      903      713      424      830      601      340      785      
3        1010     514      560      0        501      386      763      252      363      501      757      187      328      638      221      395      280      1060     606      494      693      68       503      641      474      156      1012     264      353      1029     131      297      613      260      592      1081     792      457      969      887      611      
4        1284     581      785      501      0        572      411      737      864      203      686      663      821      1016     591      896      763      1340     656      284      708      569      347      792      874      619      1297     581      308      920      613      430      705      518      118      926      732      937      844      1000     154      
5        716      147      217      386      572      0        590      573      554      696      404      537      613      465      204      575      597      772      228      734      317      395      315      263      360      319      727      145      630      665      353      149      227      635      690      731      430      749      616      508      587      
6        1181     496      737      763      411      590      0        1015     1081     612      425      950      1086     1044     731      1108     1043     1236     515      694      513      818      284      681      950      814      1201     689      706      577      828      523      577      881      466      555      464      1219     501      806      267      
7        1056     717      689      252      737      573      1015     0        196      694      972      75       87       645      370      224      27       1099     801      662      890      199      750      793      489      254      1052     428      519      1238     220      527      794      314      815      1300     1002     204      1185     1029     858      
8        901      700      608      363      864      554      1081     196      0        855      956      253      139      484      360      32       192      940      771      834      856      295      800      723      350      266      894      414      689      1208     257      560      748      503      955      1281     978      229      1165     940      965      
9        1412     738      914      501      203      696      612      694      855      0        876      620      782      1099     657      887      716      1467     822      84       884      567      531      941      944      648      1421     665      180      1119     631      547      865      414      172      1128     921      877      1043     1165     347      
10       778      257      420      757      686      404      425      972      956      876      0        928      1016     740      607      975      997      831      190      942      124      784      344      321      705      721      801      549      888      271      752      461      235      974      787      328      45       1153     213      383      603      
11       1068     677      673      187      663      537      950      75       253      620      928      0        162      665      339      283      99       1114     764      590      853      145      690      771      503      227      1067     396      446      1197     189      475      762      250      740      1255     960      275      1142     1012     786      
12       1034     759      704      328      821      613      1086     87       139      782      1016     162      0        618      409      159      68       1074     839      749      927      268      816      814      474      295      1028     467      607      1278     269      585      825      397      901      1344     1043     137      1229     1043     939      
13       416      550      322      638      1016     465      1044     645      484      1099     740      665      618      0        443      478      653      456      561      1114     616      594      779      423      165      483      410      437      983      924      516      589      507      882      1131     1016     740      709      908      548      1050     
14       792      350      342      221      591      204      731      370      360      657      607      339      409      443      0        385      394      843      431      671      520      207      447      432      287      115      796      58       543      870      151      207      424      481      702      935      634      545      820      676      656      
15       894      720      618      395      896      575      1108     224      32       887      975      283      159      478      385      0        217      931      789      866      873      327      827      735      351      295      886      437      721      1225     287      587      764      534      988      1299     997      231      1183     947      996      
16       1067     742      709      280      763      597      1043     27       192      716      997      99       68       653      394      217      0        1109     825      682      914      226      778      814      501      278      1062     452      540      1263     245      554      817      329      839      1325     1027     177      1211     1049     885      
17       56       773      555      1060     1340     772      1236     1099     940      1467     831      1114     1074     456      843      931      1109     0        726      1498     724      1027     1032     563      611      914      47       816      1380     884      950      920      664      1315     1459     983      806      1161     907      465      1331     
18       670      94       239      606      656      228      515      801      771      822      190      764      839      561      431      789      825      726      0        876      89       622      317      166      515      547      689      373      797      439      581      323      62       843      769      510      207      974      394      344      615      
19       1444     789      950      494      284      734      694      662      834      84       942      590      749      1114     671      866      682      1498     876      0        943      557      597      986      955      648      1452     686      144      1191     626      585      915      365      255      1203     987      835      1116     1216     431      
20       670      179      297      693      708      317      513      890      856      884      124      853      927      616      520      873      914      724      89       943      0        710      362      196      587      636      691      461      871      352      670      407      114      927      818      427      127      1061     311      301      651      
21       978      533      549      68       569      395      818      199      295      567      784      145      268      594      207      327      226      1027     622      557      710      0        551      639      428      112      979      260      414      1053     77       330      622      289      660      1110     816      400      997      883      676      
22       976      258      492      503      347      315      284      750      800      531      344      690      816      779      447      827      778      1032     317      597      362      551      0        469      673      534      992      404      551      598      551      240      373      670      456      623      390      951      525      658      299      
23       507      212      118      641      792      263      681      793      723      941      321      771      814      423      432      735      814      563      166      986      196      639      469      0        415      543      525      379      890      510      581      403      103      895      909      598      317      942      487      246      769      
24       566      476      297      474      874      360      950      489      350      944      705      503      474      165      287      351      501      611      515      955      587      428      673      415      0        318      563      293      821      925      350      458      473      716      987      1009     715      579      896      603      924      
25       865      464      446      156      619      319      814      254      266      648      721      227      295      483      115      295      278      914      547      648      636      112      534      543      318      0        866      174      509      985      39       296      539      402      721      1049     749      432      934      784      706      
26       27       733      512      1012     1297     727      1201     1052     894      1421     801      1067     1028     410      796      886      1062     47       689      1452     691      979      992      525      563      866      0        769      1333     866      903      875      627      1268     1415     965      777      1116     886      443      1290     
27       763      292      295      264      581      145      689      428      414      665      549      396      467      437      58       437      452      816      373      686      461      260      404      379      293      174      769      0        564      811      209      171      366      523      695      877      576      603      761      624      633      
28       1327     705      841      353      308      630      706      519      689      180      888      446      607      983      543      721      540      1380     797      144      871      414      551      890      821      509      1333     564      0        1149     485      486      829      234      334      1173     932      698      1077     1128     462      
29       840      521      628      1029     920      665      577      1238     1208     1119     271      1197     1278     924      870      1225     1263     884      439      1191     352      1053     598      510      925      985      866      811      1149     0        1018     732      461      1245     1009     99       237      1413     77       426      812      
30       902      496      485      131      613      353      828      220      257      631      752      189      269      516      151      287      245      950      581      626      670      77       551      581      350      39       903      209      485      1018     0        317      575      366      712      1080     781      406      965      823      708      
31       865      229      366      297      430      149      523      527      560      547      461      475      585      589      207      587      554      920      323      585      407      330      240      403      458      296      875      171      486      732      317      0        346      520      547      783      497      722      672      642      465      
32       609      126      185      613      705      227      577      794      748      865      235      762      825      507      424      764      817      664      62       915      114      622      373      103      473      539      627      366      829      461      575      346      0        859      821      539      242      958      425      300      672      
33       1266     749      819      260      518      635      881      314      503      414      974      250      397      882      481      534      329      1315     843      365      927      289      670      895      716      402      1268     523      234      1245     366      520      859      0        564      1285     1013     471      1179     1141     665      
34       1403     697      903      592      118      690      466      815      955      172      787      740      901      1131     702      988      839      1459     769      255      818      660      456      909      987      721      1415     695      334      1009     712      547      821      564      0        1006     833      1009     932      1113     201      
35       939      585      713      1081     926      731      555      1300     1281     1128     328      1255     1344     1016     935      1299     1325     983      510      1203     427      1110     623      598      1009     1049     965      877      1173     99       1080     783      539      1285     1006     0        302      1480     116      525      806      
36       754      284      424      792      732      430      464      1002     978      921      45       960      1043     740      634      997      1027     806      207      987      127      816      390      317      715      749      777      576      932      237      781      497      242      1013     833      302      0        1179     186      350      648      
37       1125     895      830      457      937      749      1219     204      229      877      1153     275      137      709      545      231      177      1161     974      835      1061     400      951      942      579      432      1116     603      698      1413     406      722      958      471      1009     1480     1179     0        1365     1165     1061     
38       860      469      601      969      844      616      501      1185     1165     1043     213      1142     1229     908      820      1183     1211     907      394      1116     311      997      525      487      896      934      886      761      1077     77       965      672      425      1179     932      116      186      1365     0        442      735      
39       418      427      340      887      1000     508      806      1029     940      1165     383      1012     1043     548      676      947      1049     465      344      1216     301      883      658      246      603      784      443      624      1128     426      823      642      300      1141     1113     525      350      1165     442      0        951      
40       1274     557      785      611      154      587      267      858      965      347      603      786      939      1050     656      996      885      1331     615      431      651      676      299      769      924      706      1290     633      462      812      708      465      672      665      201      806      648      1061     735      951      0        
;



Table delta(i,j)                 Distance
         0        1        2        3        4        5        6        7        8        9        10       11       12       13       14       15       16       17       18       19       20       21       22       23       24       25       26       27       28       29       30       31       32       33       34       35       36       37       38       39       40       
0        0        406      210      266      416      382      345      92       239      355      409      240      358      249      133      273      390      57       347      177      72       35       191      411      449      307      101      188      276      220      422      225      202      354      412      341      387      295      210      158      292      
1        406      0        252      139      129      324      120      322      167      51       325      268      125      157      330      251      297      349      253      245      355      370      311      128      49       382      307      364      265      306      356      207      204      288      312      379      90       146      276      297      220      
2        210      252      0        138      323      403      255      120      132      212      422      263      271      127      226      279      394      166      338      53       139      181      59       319      301      386      152      295      291      275      446      49       111      364      417      407      279      109      243      214      273      
3        266      139      138      0        185      290      117      183      29       89       303      175      133      17       203      176      274      209      218      113      217      231      195      180      183      305      168      252      191      205      331      89       64       249      295      315      142      78       170      173      158      
4        416      129      323      185      0        211      73       350      198      129      207      211      59       198      307      182      182      361      150      295      385      383      380      5        116      294      316      315      192      250      237      274      234      182      192      282      46       237      232      272      150      
5        382      324      403      290      211      0        206      361      279      297      28       150      199      290      249      125      31       344      73       355      389      359      446      210      325      115      308      207      115      162      43       362      292      40       38       85       235      367      178      229      132      
6        345      120      255      117      73       206      0        277      127      91       211      157      15       128      241      134      182      289      133      224      312      311      311      68       135      262      244      259      148      196      241      206      161      168      200      259      46       181      172      206      102      
7        92       322      120      183      350      361      277      0        158      272      385      211      291      165      131      239      361      47       310      85       35       60       116      345      367      312      54       203      246      206      403      132      120      326      384      340      315      203      182      136      247      
8        239      167      132      29       198      279      127      158      0        116      295      154      142      15       174      160      266      182      210      97       193      204      185      193      209      284      140      225      174      181      321      86       38       238      288      297      159      98       146      144      146      
9        355      51       212      89       129      297      91       272      116      0        303      224      101      106      280      211      274      298      224      198      306      320      271      126      94       343      256      317      225      260      333      164      153      259      291      345      82       112      229      247      182      
10       409      325      422      303      207      28       211      385      295      303      0        174      202      305      276      147      29       369      85       374      414      385      466      206      323      141      332      235      138      188      30       379      310      59       16       109      235      380      203      254      149      
11       240      268      263      175      211      150      157      211      154      224      174      0        162      169      110      34       151      196      107      211      240      214      299      207      292      129      158      104      36       39       192      228      154      116      174      144      203      252      30       82       62       
12       358      125      271      133      59       199      15       291      142      101      202      162      0        144      251      137      174      302      128      240      327      324      327      53       134      262      257      265      149      202      233      222      176      163      190      256      41       195      180      216      104      
13       249      157      127      17       198      290      128      165      15       106      305      169      144      0        188      173      276      192      220      98       200      213      182      193      201      298      151      240      187      196      332      79       47       249      298      311      157      83       161      159      157      
14       133      330      226      203      307      249      241      131      174      280      276      110      251      188      0        144      257      99       217      174      150      111      242      302      365      182      79       72       145      87       289      211      149      221      279      213      287      263      80       35       167      
15       273      251      279      176      182      125      134      239      160      211      147      34       137      173      144      0        122      228      73       229      269      246      320      178      270      133      188      134      15       69       168      240      168      87       145      139      178      255      64       115      33       
16       390      297      394      274      182      31       182      361      266      274      29       151      174      276      257      122      0        348      55       347      391      365      439      180      297      141      309      222      115      170      59       351      282      35       23       115      207      350      181      233      121      
17       57       349      166      209      361      344      289      47       182      298      369      196      302      192      99       228      348      0        302      126      52       21       162      356      391      282      45       167      232      183      385      173      145      312      371      313      331      242      166      115      242      
18       347      253      338      218      150      73       133      310      210      224      85       107      128      220      217      73       55       302      0        292      342      320      384      147      258      145      261      195      72       135      112      295      227      35       78       132      165      295      137      188      66       
19       177      245      53       113      295      355      224      85       97       198      374      211      240      98       174      229      347      126      292      0        114      144      92       290      293      333      103      242      241      222      398      47       66       316      371      354      255      118      190      160      226      
20       72       355      139      217      385      389      312      35       193      306      414      240      327      200      150      269      391      52       342      114      0        52       119      380      401      333      81       219      276      231      432      160      155      356      415      363      350      232      211      161      280      
21       35       370      181      231      383      359      311      60       204      320      385      214      324      213      111      246      365      21       320      144      52       0        170      378      413      292      66       175      250      198      400      192      166      329      388      324      352      261      183      131      262      
22       191      311      59       195      380      446      311      116      185      271      466      299      327      182      242      320      439      162      384      92       119      170      0        376      360      415      163      314      331      306      489      107      158      407      462      440      337      167      276      238      318      
23       411      128      319      180      5        210      68       345      193      126      206      207      53       193      302      178      180      356      147      290      380      378      376      0        117      291      311      311      188      246      236      269      229      180      191      279      43       233      228      267      145      
24       449      49       301      183      116      325      135      367      209      94       323      292      134      201      365      270      297      391      258      293      401      413      360      117      0        396      349      392      283      331      353      255      247      293      308      389      93       195      304      330      238      
25       307      382      386      305      294      115      262      312      284      343      141      129      262      298      182      133      141      282      145      333      333      292      415      291      396      0        257      118      118      110      138      355      282      119      154      37       303      382      143      177      162      
26       101      307      152      168      316      308      244      54       140      256      332      158      257      151      79       188      309      45       261      103      81       66       163      311      349      257      0        151      194      152      350      146      104      274      333      285      286      209      129      81       200      
27       188      364      295      252      315      207      259      203      225      317      235      104      265      240      72       134      222      167      195      242      219      175      314      311      392      118      151      0        127      64       242      276      208      188      242      153      306      320      88       84       165      
28       276      265      291      191      192      115      148      246      174      225      138      36       149      187      145      15       115      232      72       241      276      250      331      188      283      118      194      127      0        64       158      253      180      80       138      124      191      269      66       118      45       
29       220      306      275      205      250      162      196      206      181      260      188      39       202      196      87       69       170      183      135      222      231      198      306      246      331      110      152      64       64       0        202      246      173      135      193      134      242      279      35       70       101      
30       422      356      446      331      237      43       241      403      321      333      30       192      233      332      289      168      59       385      112      398      432      400      489      236      353      138      350      242      158      202      0        405      335      82       45       102      265      408      221      270      174      
31       225      207      49       89       274      362      206      132      86       164      379      228      222      79       211      240      351      173      295      47       160      192      107      269      255      355      146      276      253      246      405      0        73       322      374      373      230      72       212      192      230      
32       202      204      111      64       234      292      161      120      38       153      310      154      176      47       149      168      282      145      227      66       155      166      158      229      247      282      104      208      180      173      335      73       0        252      306      299      196      114      138      124      161      
33       354      288      364      249      182      40       168      326      238      259      59       116      163      249      221      87       35       312      35       316      356      329      407      180      293      119      274      188      80       135      82       322      252      0        58       100      200      327      146      197      92       
34       412      312      417      295      192      38       200      384      288      291      16       174      190      298      279      145      23       371      78       371      415      388      462      191      308      154      333      242      138      193      45       374      306      58       0        124      221      371      204      256      144      
35       341      379      407      315      282      85       259      340      297      345      109      144      256      311      213      139      115      313      132      354      363      324      440      279      389      37       285      153      124      134      102      373      299      100      124      0        296      394      164      204      163      
36       387      90       279      142      46       235      46       315      159      82       235      203      41       157      287      178      207      331      165      255      350      352      337      43       93       303      286      306      191      242      265      230      196      200      221      296      0        191      219      252      145      
37       295      146      109      78       237      367      181      203      98       112      380      252      195      83       263      255      350      242      295      118      232      261      167      233      195      382      209      320      269      279      408      72       114      327      371      394      191      0        244      237      236      
38       210      276      243      170      232      178      172      182      146      229      203      30       180      161      80       64       181      166      137      190      211      183      276      228      304      143      129      88       66       35       221      212      138      146      204      164      219      244      0        51       87       
39       158      297      214      173      272      229      206      136      144      247      254      82       216      159      35       115      233      115      188      160      161      131      238      267      330      177      81       84       118      70       270      192      124      197      256      204      252      237      51       0        135      
40       292      220      273      158      150      132      102      247      146      182      149      62       104      157      167      33       121      242      66       226      280      262      318      145      238      162      200      165      45       101      174      230      161      92       144      163      145      236      87       135      0        
;

