
sets
i        orders          /0*40/
k        routes          /1*40/
p        positions       /0*40/
;

alias(i,j)
alias(i,h)
alias(i,hh)
alias(i,jj)
alias(k,kk)
                
                    Parameters

rho(i)	Processing time
/
0	0
1	76
2	38
3	44
4	35
5	24
6	4
7	93
8	90
9	19
10	15
11	76
12	53
13	98
14	98
15	99
16	92
17	21
18	46
19	84
20	40
21	95
22	18
23	16
24	76
25	74
26	73
27	32
28	16
29	79
30	78
31	90
32	31
33	70
34	15
35	94
36	31
37	5
38	54
39	89
40	19
/

gamma(i)	Duedate
/
0	0
1	49
2	25
3	68
4	66
5	14
6	60
7	32
8	27
9	55
10	87
11	90
12	49
13	44
14	99
15	14
16	35
17	8
18	82
19	82
20	2
21	64
22	4
23	32
24	74
25	62
26	25
27	6
28	17
29	72
30	36
31	95
32	25
33	15
34	78
35	44
36	39
37	64
38	17
39	76
40	62
/

sigma(i)	Size
/
0	0
1	2
2	4
3	4
4	9
5	9
6	3
7	8
8	3
9	5
10	7
11	3
12	9
13	8
14	6
15	3
16	7
17	3
18	9
19	1
20	2
21	3
22	3
23	4
24	3
25	6
26	3
27	5
28	7
29	7
30	6
31	9
32	3
33	4
34	6
35	5
36	6
37	5
38	6
39	7
40	4
/

epsilon(i)	Priority
/
0	0
1	7
2	5
3	2
4	1
5	2
6	3
7	6
8	4
9	2
10	5
11	1
12	8
13	1
14	3
15	1
16	4
17	4
18	3
19	3
20	4
21	2
22	7
23	5
24	3
25	3
26	2
27	4
28	3
29	7
30	1
31	2
32	1
33	8
34	9
35	1
36	7
37	3
38	7
39	1
40	8
/

psi	Vehicle Capacity
/ 26 /
;

Table kappa(i,j)                 Setup
         0        1        2        3        4        5        6        7        8        9        10       11       12       13       14       15       16       17       18       19       20       21       22       23       24       25       26       27       28       29       30       31       32       33       34       35       36       37       38       39       40       
0        0        714      877      1051     275      540      679      734      1062     396      693      995      558      742      398      499      542      1031     450      1158     486      617      359      448      1166     655      864      610      812      1175     690      773      333      833      736      894      492      714      673      928      697      
1        714      0        211      369      624      811      46       259      500      615      453      359      580      171      398      601      930      337      749      589      338      180      644      311      510      87       184      747      215      461      287      460      815      417      45       368      253      516      784      463      467      
2        877      211      0        173      824      854      220      443      300      823      652      420      790      349      602      812      1139     327      959      657      425      263      730      435      518      229      266      958      95       336      265      386      1016     305      228      208      456      714      993      603      430      
3        1051     369      173      0        992      996      387      562      252      984      777      452      936      473      767      964      1298     324      1117     667      592      435      889      607      493      401      351      1103     248      217      412      487      1184     390      374      271      622      836      1133     675      550      
4        275      624      824      992      0        770      605      550      1069     120      451      823      287      589      228      224      350      890      201      947      536      600      563      469      991      596      728      339      786      1069     715      847      191      879      630      905      371      459      402      706      788      
5        540      811      854      996      770      0        764      982      877      877      1053     1168     1002     937      752      961      1080     1139     968      1390     474      634      214      520      1320     724      995      1104     760      1190     589      532      872      631      853      743      737      1098     1167     1213     454      
6        679      46       220      387      605      764      0        288      494      604      471      405      582      206      382      598      920      382      740      634      292      135      599      267      556      41       230      749      203      496      250      425      797      390      90       352      236      533      788      500      427      
7        734      259      443      562      550      982      288      0        743      491      214      273      393      93       339      437      783      354      608      429      520      408      787      463      441      321      219      554      472      561      536      712      721      677      223      625      258      274      576      230      708      
8        1062     500      300      252      1069     877      494      743      0        1088     950      690      1077     649      862      1092     1403     571      1225     915      575      468      822      619      745      486      559      1243     291      458      372      345      1258     250      525      168      721      1013     1283     897      427      
9        396      615      823      984      120      877      604      491      1088     0        356      761      171      547      225      105      316      843      136      862      593      626      666      521      925      604      690      226      798      1037     752      899      233      919      611      930      368      354      289      618      849      
10       693      453      652      777      451      1053     471      214      950      356      0        441      210      305      311      271      604      550      443      507      633      566      843      563      590      495      432      353      669      765      703      878      587      858      425      821      329      62       367      262      858      
11       995      359      420      452      823      1168     405      273      690      761      441      0        646      254      608      698      1041     136      872      239      694      539      994      657      171      446      177      794      496      353      629      787      993      720      315      629      504      484      804      243      811      
12       558      580      790      936      287      1002     582      393      1077     171      210      646      0        469      266      68       395      746      234      714      653      640      788      578      799      593      609      167      786      954      776      940      387      942      564      930      370      192      207      470      902      
13       742      171      349      473      589      937      206      93       649      547      305      254      469      0        365      506      850      300      672      453      466      335      752      418      424      243      143      634      380      490      456      630      770      589      131      533      251      366      661      295      632      
14       398      398      602      767      228      752      382      339      862      225      311      608      266      365      0        250      541      665      362      759      388      401      539      313      779      379      501      410      573      841      530      684      418      697      401      704      145      349      464      530      640      
15       499      601      812      964      224      961      598      437      1092     105      271      698      68       506      250      0        345      792      173      777      637      643      748      563      856      605      649      160      800      996      776      934      319      943      590      940      374      258      216      533      891      
16       542      930      1139     1298     350      1080     920      783      1403     316      604      1041     395      850      541      345      0        1137     181      1097     887      938      886      818      1194     920      993      271      1114     1340     1059     1197     208      1226     925      1243     684      574      300      858      1139     
17       1031     337      327      324      890      1139     382      354      571      843      550      136      746      300      665      792      1137     0        963      344      672      505      981      649      191      420      167      902      415      220      569      711      1069     633      303      531      541      600      917      378      747      
18       450      749      959      1117     201      968      740      608      1225     136      443      872      234      672      362      173      181      963      0        948      723      762      763      652      1030     740      815      176      935      1162     887      1031     173      1054     744      1066     505      424      234      704      978      
19       1158     589      657      667      947      1390     634      429      915      862      507      239      714      453      759      777      1097     344      948      0        916      770      1205     872      196      675      414      830      735      515      867      1027     1094     959      544      866      687      524      821      244      1049     
20       486      338      425      592      536      474      292      520      575      593      633      694      653      466      388      637      887      672      723      916      0        169      311      75       848      252      522      798      344      755      203      310      713      352      379      408      304      688      853      751      255      
21       617      180      263      435      600      634      135      408      468      626      566      539      640      335      401      643      938      505      762      770      169      0        480      171      686      94       363      801      195      587      138      311      789      301      225      305      270      627      848      630      299      
22       359      644      730      889      563      214      599      787      822      666      843      994      788      752      539      748      886      981      763      1205     311      480      0        336      1153     561      827      892      642      1063     478      487      681      572      683      666      534      887      955      1015     404      
23       448      311      435      607      469      520      267      463      619      521      563      657      578      418      313      563      818      649      652      872      75       171      336      0        817      232      491      723      364      753      251      379      650      411      348      451      234      617      778      694      328      
24       1166     510      518      493      991      1320     556      441      745      925      590      171      799      424      779      856      1194     191      1030     196      848      686      1153     817      0        596      326      939      607      322      759      903      1158     824      470      720      675      625      941      351      938      
25       655      87       229      401      596      724      41       321      486      604      495      446      593      243      379      605      920      420      740      675      252      94       561      232      596      0        271      759      195      524      215      391      788      363      131      336      235      557      801      538      389      
26       864      184      266      351      728      995      230      219      559      690      432      177      609      143      501      649      993      167      815      414      522      363      827      491      326      271      0        773      328      347      452      614      912      552      143      471      374      489      796      338      635      
27       610      747      958      1103     339      1104     749      554      1243     226      353      794      167      634      410      160      271      902      176      830      798      801      892      723      939      759      773      0        952      1114     935      1094     348      1102     731      1095     531      313      63       594      1051     
28       812      215      95       248      786      760      203      472      291      798      669      496      786      380      573      800      1114     415      935      735      344      195      642      364      607      195      328      952      0        430      170      295      977      224      249      153      430      732      992      656      335      
29       1175     461      336      217      1069     1190     496      561      458      1037     765      353      954      490      841      996      1340     220      1162     515      755      587      1063     753      322      524      347      1114     430      0        600      699      1256     604      444      486      704      818      1133     596      756      
30       690      287      265      412      715      589      250      536      372      752      703      629      776      456      530      776      1059     569      887      867      203      138      478      251      759      215      452      935      170      600      0        176      900      167      332      204      405      764      983      750      182      
31       773      460      386      487      847      532      425      712      345      899      878      787      940      630      684      934      1197     711      1031     1027     310      311      487      379      903      391      614      1094     295      699      176      0        1023     100      504      218      571      939      1145     923      83       
32       333      815      1016     1184     191      872      797      721      1258     233      587      993      387      770      418      319      208      1069     173      1094     713      789      681      650      1158     788      912      348      977      1256     900      1023     0        1062     819      1093     562      578      404      849      959      
33       833      417      305      390      879      631      390      677      250      919      858      720      942      589      697      943      1226     633      1054     959      352      301      572      411      824      363      552      1102     224      604      167      100      1062     0        458      120      571      920      1149     875      177      
34       736      45       228      374      630      853      90       223      525      611      425      315      564      131      401      590      925      303      744      544      379      225      683      348      470      131      143      731      249      444      332      504      819      458      0        402      260      487      765      419      512      
35       894      368      208      271      905      743      352      625      168      930      821      629      930      533      704      940      1243     531      1066     866      408      305      666      451      720      336      471      1095     153      486      204      218      1093     120      402      0        566      884      1137     805      289      
36       492      253      456      622      371      737      236      258      721      368      329      504      370      251      145      374      684      541      505      687      304      270      534      234      675      235      374      531      430      704      405      571      562      571      260      566      0        383      578      482      540      
37       714      516      714      836      459      1098     533      274      1013     354      62       484      192      366      349      258      574      600      424      524      688      627      887      617      625      557      489      313      732      818      764      939      578      920      487      884      383      0        319      283      917      
38       673      784      993      1133     402      1167     788      576      1283     289      367      804      207      661      464      216      300      917      234      821      853      848      955      778      941      801      796      63       992      1133     983      1145     404      1149     765      1137     578      319      0        592      1105     
39       928      463      603      675      706      1213     500      230      897      618      262      243      470      295      530      533      858      378      704      244      751      630      1015     694      351      538      338      594      656      596      750      923      849      875      419      805      482      283      592      0        928      
40       697      467      430      550      788      454      427      708      427      849      858      811      902      632      640      891      1139     747      978      1049     255      299      404      328      938      389      635      1051     335      756      182      83       959      177      512      289      540      917      1105     928      0        
;



Table delta(i,j)                 Distance
         0        1        2        3        4        5        6        7        8        9        10       11       12       13       14       15       16       17       18       19       20       21       22       23       24       25       26       27       28       29       30       31       32       33       34       35       36       37       38       39       40       
0        0        217      150      120      369      303      131      378      142      121      36       228      329      116      374      215      53       232      384      289      279      288      327      424      159      356      378      118      18       156      82       283      202      120      177      248      42       375      396      182      149      
1        217      0        79       98       234      191      108      427      279      139      201      353      222      283      204      406      200      361      413      263      158      227      147      446      95       381      367      128      220      313      293      298      280      97       112      299      257      271      374      319      309      
2        150      79       0        34       295      242      86       431      243      115      127      326      272      238      276      355      148      333      424      286      209      261      220      461      96       392      390      49       148      273      231      308      265      46       125      296      192      323      401      286      268      
3        120      98       34       0        292      233      61       403      210      86       103      293      264      204      280      321      114      300      397      265      202      244      226      435      79       366      368      49       121      239      200      282      234      16       108      267      161      314      380      252      234      
4        369      234      295      292      0        67       245      319      331      248      375      354      52       360      65       467      323      363      288      158      91       117      102      306      218      264      217      339      382      365      414      214      275      279      194      253      393      59       210      348      366      
5        303      191      242      233      67       0        182      286      265      182      310      294      31       292      102      402      256      303      260      112      33       65       100      285      156      231      197      282      316      300      346      166      213      219      130      198      325      81       197      284      300      
6        131      108      86       61       245      182      0        344      172      32       130      248      211      176      244      299      98       255      337      204      154      185      196      374      28       306      307      109      140      205      196      222      181      45       52       209      163      260      319      212      201      
7        378      427      431      403      319      286      344      0        242      316      409      174      275      277      380      300      329      177      37       175      304      221      386      61       339      55       110      444      396      247      355      129      176      387      316      136      366      266      128      213      253      
8        142      279      243      210      331      265      172      242      0        140      176      87       281      38       360      138      103      92       253      200      255      221      330      293      187      229      264      235      159      36       115      171      77       198      183      125      124      314      285      43       35       
9        121      139      115      86       248      182      32       316      140      0        130      216      209      147      255      270      79       223      311      186      158      173      212      350      48       280      286      129      133      174      176      197      150      70       57       181      147      256      300      180      171      
10       36       201      127      103      375      310      130      409      176      130      0        263      338      152      373      249      79       267      413      309      284      302      323      453      158      384      402      88       24       192      114      308      232      107      181      277      75       386      419      217      186      
11       228      353      326      293      354      294      248      174      87       216      263      0        302      113      396      133      190      8        196      201      294      237      377      233      258      179      229      322      245      76       186      153      82       280      246      105      205      323      251      46       83       
12       329      222      272      264      52       31       211      275      281      209      338      302      0        311      104      416      281      311      247      108      63       65       119      268      186      220      179      313      343      315      368      163      223      249      159      201      349      50       176      297      316      
13       116      283      238      204      360      292      176      277      38       147      152      113      311      0        384      122      90       116      290      235      279      253      350      330      196      267      302      222      133      39       78       209      115      195      197      163      91       346      323      68       33       
14       374      204      276      280      65       102      244      380      360      255      373      396      104      384      0        499      334      405      351      211      105      166      57       370      216      324      280      323      384      396      430      267      314      269      198      300      403      124      275      384      396      
15       215      406      355      321      467      402      299      300      138      270      249      133      416      122      499      0        207      127      325      325      394      353      469      361      319      312      362      332      226      102      137      282      195      314      319      233      175      444      385      120      103      
16       53       200      148      114      323      256      98       329      103      79       79       190      281      90       334      207      0        195      334      236      235      236      291      374      124      305      325      133      70       127      97       230      153      107      136      197      69       325      342      146      121      
17       232      361      333      300      363      303      255      177      92       223      267      8        311      116      405      127      195      0        200      210      303      246      386      236      266      184      235      328      249      78       187      161      91       287      255      113      207      331      258      50       85       
18       384      413      424      397      288      260      337      37       253      311      413      196      247      290      351      325      334      200      0        153      282      198      361      40       330      31       75       441      402      263      369      116      182      381      304      136      376      234      91       230      269      
19       289      263      286      265      158      112      204      175      200      186      309      201      108      235      211      325      236      210      153      0        129      47       212      184      189      122      104      313      305      229      306      55       129      249      161      96       297      121      115      205      231      
20       279      158      209      202      91       33       154      304      255      158      284      294      63       279      105      394      235      303      282      129      0        83       85       309      127      252      222      251      291      291      328      180      212      189      102      204      304      114      225      279      290      
21       288      227      261      244      117      65       185      221      221      173      302      237      65       253      166      353      236      246      198      47       83       0        165      226      165      168      141      293      303      253      316      101      159      228      136      136      302      93       146      233      255      
22       327      147      220      226      102      100      196      386      330      212      323      377      119      350      57       469      291      386      361      212      85       165      0        386      168      332      297      268      335      367      388      264      295      217      155      289      359      156      295      358      365      
23       424      446      461      435      306      285      374      61       293      350      453      233      268      330      370      361      374      236      40       184      309      226      386      0        366      69       89       479      442      302      408      152      222      419      340      176      416      249      97       269      308      
24       159      95       96       79       218      156      28       339      187      48       158      258      186      196      216      319      124      266      330      189      127      165      168      366      0        298      293      128      168      222      222      214      185      64       29       208      191      235      304      225      219      
25       356      381      392      366      264      231      306      55       229      280      384      179      220      267      324      312      305      184      31       122      252      168      332      69       298      0        60       410      374      242      345      84       155      350      272      108      350      211      81       209      248      
26       378      367      390      368      217      197      307      110      264      286      402      229      179      302      280      362      325      235      75       104      222      141      297      89       293      60       0        415      395      283      379      95       187      352      265      139      378      160      22       252      288      
27       118      128      49       49       339      282      109      444      235      129      88       322      313      222      323      332      133      328      441      313      251      293      268      479      128      410      415      0        111      260      200      327      271      65       157      308      160      363      428      278      254      
28       18       220      148      121      382      316      140      396      159      133      24       245      343      133      384      226      70       249      402      305      291      303      335      442      168      374      395      111      0        172      90       300      220      123      188      266      51       389      413      199      166      
29       156      313      273      239      365      300      205      247      36       174      192      76       315      39       396      102      127      78       263      229      291      253      367      302      222      242      283      260      172      0        109      194      100      229      219      145      129      345      305      33       7        
30       82       293      231      200      414      346      196      355      115      176      114      186      368      78       430      137      97       187      369      306      328      316      388      408      222      345      379      200      90       109      0        284      191      196      233      240      39       409      399      142      103      
31       283      298      308      282      214      166      222      129      171      197      308      153      163      209      267      282      230      161      116      55       180      101      264      152      214      84       95       327      300      194      284      0        94       266      188      49       282      173      114      165      198      
32       202      280      265      234      275      213      181      176      77       150      232      82       223      115      314      195      153      91       182      129      212      159      295      222      185      155      187      271      220      100      191      94       0        220      170      48       194      249      208      75       104      
33       120      97       46       16       279      219      45       387      198      70       107      280      249      195      269      314      107      287      381      249      189      228      217      419      64       350      352      65       123      229      196      266      220      0        92       251      160      299      364      240      224      
34       177      112      125      108      194      130      52       316      183      57       181      246      159      197      198      319      136      255      304      161      102      136      155      340      29       272      265      157      188      219      233      188      170      92       0        186      205      208      276      217      216      
35       248      299      296      267      253      198      209      136      125      181      277      105      201      163      300      233      197      113      136      96       204      136      289      176      208      108      139      308      266      145      240      49       48       251      186      0        242      218      160      116      149      
36       42       257      192      161      393      325      163      366      124      147      75       205      349      91       403      175      69       207      376      297      304      302      359      416      191      350      378      160      51       129      39       282      194      160      205      242      0        392      397      159      122      
37       375      271      323      314      59       81       260      266      314      256      386      323      50       346      124      444      325      331      234      121      114      93       156      249      235      211      160      363      389      345      409      173      249      299      208      218      392      0        152      324      347      
38       396      374      401      380      210      197      319      128      285      300      419      251      176      323      275      385      342      258      91       115      225      146      295      97       304      81       22       428      413      305      399      114      208      364      276      160      397      152      0        274      309      
39       182      319      286      252      348      284      212      213      43       180      217      46       297      68       384      120      146      50       230      205      279      233      358      269      225      209      252      278      199      33       142      165      75       240      217      116      159      324      274      0        39       
40       149      309      268      234      366      300      201      253      35       171      186      83       316      33       396      103      121      85       269      231      290      255      365      308      219      248      288      254      166      7        103      198      104      224      216      149      122      347      309      39       0        
;

