
sets
i        orders          /0*40/
k        routes          /1*40/
p        positions       /0*40/
;

alias(i,j)
alias(i,h)
alias(i,hh)
alias(i,jj)
alias(k,kk)
                
                    Parameters

rho(i)	Processing time
/
0	0
1	63
2	97
3	10
4	65
5	37
6	91
7	70
8	91
9	89
10	56
11	39
12	10
13	95
14	63
15	14
16	63
17	83
18	79
19	50
20	61
21	98
22	57
23	83
24	95
25	47
26	81
27	18
28	66
29	74
30	87
31	49
32	66
33	92
34	53
35	28
36	40
37	20
38	40
39	22
40	45
/

gamma(i)	Duedate
/
0	0
1	60
2	17
3	97
4	5
5	14
6	24
7	86
8	83
9	34
10	15
11	52
12	61
13	29
14	3
15	67
16	20
17	52
18	86
19	38
20	70
21	76
22	24
23	10
24	89
25	12
26	47
27	36
28	47
29	94
30	78
31	2
32	9
33	63
34	22
35	79
36	37
37	12
38	1
39	24
40	22
/

sigma(i)	Size
/
0	0
1	9
2	1
3	6
4	9
5	2
6	7
7	3
8	5
9	4
10	6
11	3
12	5
13	8
14	8
15	9
16	5
17	4
18	1
19	3
20	7
21	9
22	8
23	1
24	1
25	9
26	8
27	6
28	8
29	1
30	6
31	6
32	4
33	9
34	7
35	9
36	9
37	5
38	1
39	5
40	7
/

epsilon(i)	Priority
/
0	0
1	1
2	2
3	6
4	6
5	6
6	5
7	7
8	2
9	5
10	6
11	2
12	6
13	8
14	2
15	4
16	5
17	6
18	4
19	9
20	3
21	1
22	1
23	4
24	9
25	6
26	2
27	6
28	2
29	6
30	7
31	9
32	7
33	8
34	5
35	3
36	8
37	7
38	5
39	2
40	6
/

psi	Vehicle Capacity
/ 15 /
;

Table kappa(i,j)                 Setup
         0        1        2        3        4        5        6        7        8        9        10       11       12       13       14       15       16       17       18       19       20       21       22       23       24       25       26       27       28       29       30       31       32       33       34       35       36       37       38       39       40       
0        0        208      300      245      509      808      368      565      371      425      664      465      388      560      126      521      795      421      477      765      556      496      814      718      594      491      493      326      799      629      416      642      633      689      448      704      320      322      463      412      141      
1        208      0        501      446      542      602      566      360      458      593      734      350      180      762      296      431      718      379      685      812      600      638      1001     519      411      295      548      479      659      728      231      643      473      637      298      527      520      506      548      615      268      
2        300      501      0        208      688      1103     255      861      333      188      566      648      675      260      302      668      888      672      239      685      520      516      518      977      835      791      458      181      973      487      717      650      843      761      669      931      226      85       386      247      359      
3        245      446      208      0        485      1029     122      788      485      396      753      699      626      406      159      742      999      500      256      868      683      319      690      962      839      701      618      360      1034     685      619      798      875      881      691      949      74       286      558      170      211      
4        509      542      688      485      0        878      518      689      878      868      1171     892      642      880      412      971      1258     206      691      1274     1066     321      1167     967      910      588      1003     803      1190     1126     517      1146     996      1169     834      1026     506      754      968      579      372      
5        808      602      1103     1029     878      0        1142     242      988      1177     1197     641      431      1363     869      717      903      676      1279     1231     1051     1126     1593     311      426      329      1024     1058     672      1232     413      1017     530      909      553      460      1100     1101     1061     1198     823      
6        368      566      255      122      518      1142     0        903      573      436      821      817      746      368      274      858      1107     575      174      940      767      274      654      1084     962      813      704      432      1152     742      730      891      996      986      813      1071     48       340      637      63       319      
7        565      360      861      788      689      242      903      0        768      943      1002     468      197      1122     629      556      794      482      1037     1052     857      905      1356     296      314      102      821      825      613      1024     182      847      429      768      375      404      859      863      848      958      584      
8        371      458      333      485      878      988      573      768      0        248      293      398      572      502      471      382      561      785      568      396      198      801      642      782      626      734      133      157      683      270      685      318      596      432      457      695      534      259      93       578      506      
9        425      593      188      396      868      1177     436      943      248      0        400      636      747      257      466      629      799      833      367      521      390      703      416      1005     853      888      338      119      931      310      823      531      835      669      682      933      412      114      256      415      520      
10       664      734      566      753      1171     1197     821      1002     293      400      0        558      816      628      761      495      512      1077     767      120      146      1072     635      942      790      987      186      392      729      107      950      228      720      397      643      822      789      481      202      809      799      
11       465      350      648      699      892      641      817      468      398      636      558      0        315      876      589      91       371      723      882      590      413      958      1040     390      235      482      395      523      334      604      477      380      199      310      93       297      770      605      449      849      585      
12       388      180      675      626      642      431      746      197      572      747      816      315      0        934      473      406      677      448      865      874      672      795      1162     348      267      173      632      628      554      831      164      678      358      625      228      384      700      670      654      796      439      
13       560      762      260      406      880      1363     368      1122     502      257      628      876      934      0        543      878      1056     904      212      745      642      633      287      1226     1080     1051     594      354      1183     525      976      784      1075     926      910      1168     374      273      511      315      600      
14       126      296      302      159      412      869      274      629      471      466      761      589      473      543      0        647      921      370      415      868      664      369      817      816      702      541      600      391      921      713      459      760      750      814      566      815      230      353      558      329      57       
15       521      431      668      742      971      717      858      556      382      629      495      91       406      878      647      0        287      808      906      515      354      1017     1020     447      297      573      349      523      306      553      568      300      227      218      182      330      811      614      415      883      649      
16       795      718      888      999      1258     903      1107     794      561      799      512      371      677      1056     921      287      0        1094     1126     463      424      1290     1133     595      487      832      463      718      264      608      841      289      375      130      448      446      1062     819      546      1123     929      
17       421      379      672      500      206      676      575      482      785      833      1077     723      448      904      370      808      1094     0        745      1169     956      466      1185     762      714      381      897      745      1002     1049     312      1016     806      1016     655      829      548      721      878      639      314      
18       477      685      239      256      691      1279     174      1037     568      367      767      882      865      212      415      906      1126     745      0        888      745      424      490      1189     1055     954      686      411      1210     674      873      881      1073     999      894      1157     197      309      609      112      468      
19       765      812      685      868      1274     1231     940      1052     396      521      120      590      874      745      868      515      463      1169     888      0        213      1187     730      958      811      1047     272      509      705      220      1018     216      728      367      681      826      906      600      311      929      902      
20       556      600      520      683      1066     1051     767      857      198      390      146      413      672      642      664      354      424      956      745      213      0        1000     710      800      646      844      65       338      610      202      810      141      581      297      497      684      730      439      136      767      695      
21       496      638      516      319      321      1126     274      905      801      703      1072     958      795      633      369      1017     1290     466      424      1187     1000     0        914      1143     1048     804      934      679      1287     1001     722      1111     1109     1179     928      1165     290      598      877      318      374      
22       814      1001     518      690      1167     1593     654      1356     642      416      635      1040     1162     287      817      1020     1133     1185     490      730      710      914      0        1418     1265     1296     684      536      1309     529      1227     844      1238     1007     1094     1337     661      495      608      598      875      
23       718      519      977      962      967      311      1084     296      782      1005     942      390      348      1226     816      447      595      762      1189     958      800      1143     1418     0        156      387      786      887      361      994      449      741      232      615      325      150      1037     953      839      1130     785      
24       594      411      835      839      910      426      962      314      626      853      790      235      267      1080     702      297      487      714      1055     811      646      1048     1265     156      0        374      630      736      302      839      411      595      114      483      171      117      914      806      683      1004     679      
25       491      295      791      701      588      329      813      102      734      888      987      482      173      1051     541      573      832      381      954      1047     844      804      1296     387      374      0        802      773      677      998      84       851      484      791      392      478      771      800      819      870      494      
26       493      548      458      618      1003     1024     704      821      133      338      186      395      632      594      600      349      463      897      686      272      65       934      684      786      630      802      0        277      626      209      763      194      576      333      473      679      665      378      83       705      632      
27       326      479      181      360      803      1058     432      825      157      119      392      523      628      354      391      523      718      745      411      509      338      679      536      887      736      773      277      0        829      327      710      470      722      590      564      818      397      102      205      429      439      
28       799      659      973      1034     1190     672      1152     613      683      931      729      334      554      1183     921      306      264      1002     1210     705      610      1287     1309     361      302      677      626      829      0        811      709      501      196      338      361      215      1105     920      702      1182     912      
29       629      728      487      685      1126     1232     742      1024     270      310      107      604      831      525      713      553      608      1049     674      220      202      1001     529      994      839      998      209      327      811      0        953      320      781      487      682      883      713      403      179      725      756      
30       416      231      717      619      517      413      730      182      685      823      950      477      164      976      459      568      841      312      873      1018     810      722      1227     449      411      84       763      710      709      953      0        830      513      787      392      522      689      731      773      788      411      
31       642      643      650      798      1146     1017     891      847      318      531      228      380      678      784      760      300      289      1016     881      216      141      1111     844      741      595      851      194      470      501      320      830      0        512      168      472      610      851      572      275      896      783      
32       633      473      843      875      996      530      996      429      596      835      720      199      358      1075     750      227      375      806      1073     728      581      1109     1238     232      114      484      576      722      196      781      513      512      0        383      184      102      948      803      639      1033     735      
33       689      637      761      881      1169     909      986      768      432      669      397      310      625      926      814      218      130      1016     999      367      297      1179     1007     615      483      791      333      590      338      487      787      168      383      0        399      473      942      691      416      1000     826      
34       448      298      669      691      834      553      813      375      457      682      643      93       228      910      566      182      448      655      894      681      497      928      1094     325      171      392      473      564      361      682      392      472      184      399      0        262      765      636      518      850      553      
35       704      527      931      949      1026     460      1071     404      695      933      822      297      384      1168     815      330      446      829      1157     826      684      1165     1337     150      117      478      679      818      215      883      522      610      102      473      262      0        1023     895      741      1110     794      
36       320      520      226      74       506      1100     48       859      534      412      789      770      700      374      230      811      1062     548      197      906      730      290      661      1037     914      771      665      397      1105     713      689      851      948      942      765      1023     0        310      601      99       278      
37       322      506      85       286      754      1101     340      863      259      114      481      605      670      273      353      614      819      721      309      600      439      598      495      953      806      800      378      102      920      403      731      572      803      691      636      895      310      0        304      330      407      
38       463      548      386      558      968      1061     637      848      93       256      202      449      654      511      558      415      546      878      609      311      136      877      608      839      683      819      83       205      702      179      773      275      639      416      518      741      601      304      0        634      596      
39       412      615      247      170      579      1198     63       958      578      415      809      849      796      315      329      883      1123     639      112      929      767      318      598      1130     1004     870      705      429      1182     725      788      896      1033     1000     850      1110     99       330      634      0        377      
40       141      268      359      211      372      823      319      584      506      520      799      585      439      600      57       649      929      314      468      902      695      374      875      785      679      494      632      439      912      756      411      783      735      826      553      794      278      407      596      377      0        
;



Table delta(i,j)                 Distance
         0        1        2        3        4        5        6        7        8        9        10       11       12       13       14       15       16       17       18       19       20       21       22       23       24       25       26       27       28       29       30       31       32       33       34       35       36       37       38       39       40       
0        0        75       323      164      199      6        135      346      275      359      247      193      447      41       230      237      269      276      207      329      322      264      8        312      99       337      231      147      296      103      220      196      332      363      107      365      197      352      333      110      256      
1        75       0        273      101      131      74       62       296      265      342      269      228      412      81       223      165      244      268      167      291      322      201      71       278      28       279      277      71       232      37       186      125      276      341      70       324      123      303      294      68       272      
2        323      273      0        303      156      318      222      23       170      171      273      299      158      292      178      160      117      176      119      64       220      90       324      75       246      43       354      239      80       285      116      174      33       150      329      67       198      30       62       213      255      
3        164      101      303      0        147      166      94       325      344      411      365      329      457      181      305      153      311      348      226      339      404      215      157      331      101      295      378      68       239      64       250      129      295      405      67       365      107      333      341      150      366      
4        199      131      156      147      0        195      71       179      223      276      280      269      310      182      195      46       179      228      96       194      286      72       197      188      103      152      327      83       101      134      121      19       151      266      176      217      47       186      196      97       272      
5        6        74       318      166      195      0        133      340      268      352      241      187      441      35       223      235      263      269      201      323      316      260      13       306      97       332      226      146      292      104      214      193      328      357      111      359      195      347      327      105      250      
6        135      62       222      94       71       133      0        246      249      317      278      251      370      129      212      103      217      253      132      250      310      143      132      240      35       223      305      28       173      63       156      63       221      312      106      279      62       252      253      63       277      
7        346      296      23       325      179      340      246      0        178      167      284      315      138      314      191      181      127      184      140      62       223      112      347      78       269      49       367      262      97       308      136      196      41       145      352      52       220      7        59       236      265      
8        275      265      170      344      223      268      249      178      0        85       109      156      200      234      45       258      55       6        127      119      63       207      280      100      249      212      200      276      223      296      102      242      202      97       335      154      269      179      124      198      89       
9        359      342      171      411      276      352      317      167      85       0        177      235      129      318      130      303      100      86       186      106      76       240      364      99       323      213      270      343      244      370      161      296      204      25       412      123      324      165      109      274      155      
10       247      269      273      365      280      241      278      284      109      177      0        66       304      208      97       323      157      104      193      228      106      289      255      209      264      312      93       306      311      306      175      295      303      197      336      264      318      286      233      216      22       
11       193      228      299      329      269      187      251      315      156      235      66       0        356      157      125      316      191      152      199      266      169      295      201      246      230      334      58       278      322      266      188      281      325      251      291      304      300      318      271      188      85       
12       447      412      158      457      310      441      370      138      200      129      304      356      0        409      237      318      180      203      245      120      205      248      450      134      387      184      397      390      236      431      227      329      178      107      475      92       354      132      117      345      282      
13       41       81       292      181      182      35       129      314      234      318      208      157      409      0        188      225      230      234      173      293      281      241      47       276      95       310      200      147      273      117      184      183      304      323      134      330      190      320      297      86       216      
14       230      223      178      305      195      223      212      191      45       130      97       125      237      188      0        235      65       46       102      140      99       194      235      120      208      216      176      240      215      255      81       213      206      139      293      179      239      193      145      157      82       
15       237      165      160      153      46       235      103      181      258      303      323      316      318      225      235      0        210      264      133      210      321      69       235      208      138      144      373      103      87       159      157      42       146      289      197      226      48       188      210      142      315      
16       269      244      117      311      179      263      217      127      55       100      157      191      180      230      65       210      0        61       86       75       113      154      273      55       224      157      241      242      168      271      61       198      147      96       313      114      226      129      80       176      138      
17       276      268      176      348      228      269      253      184      6        86       104      152      203      234      46       264      61       0        132      125      58       213      281      106      252      218      195      281      229      299      107      247      208      99       338      160      274      185      130      202      83       
18       207      167      119      226      96       201      132      140      127      186      193      199      245      173      102      133      86       132      0        124      190      96       209      111      143      143      256      157      123      189      25       115      136      179      232      158      142      146      128      100      183      
19       329      291      64       339      194      323      250      62       119      106      228      266      120      293      140      210      75       125      124      0        160      142      331      20       266      106      316      272      141      311      109      213      97       86       354      39       240      62       5        225      208      
20       322      322      220      404      286      316      310      223      63       76       106      169      205      281      99       321      113      58       190      160      0        268      328      145      308      262      197      338      281      354      165      305      252      100      392      188      332      222      164      257      85       
21       264      201      90       215      72       260      143      112      207      240      289      295      248      241      194      69       154      213      96       142      268      0        263      142      173      80       353      155      32       206      113      87       80       224      249      156      108      119      142      155      276      
22       8        71       324      157      197      13       132      347      280      364      255      201      450      47       235      235      273      281      209      331      328      263      0        315      96       337      239      142      295      97       222      193      333      367      99       367      194      353      335      111      263      
23       312      278      75       331      188      306      240      78       100      99       209      246      134      276      120      208      55       106      111      20       145      142      315      0        254      118      296      262      145      299      93       207      108      82       343      59       235      79       25       211      189      
24       99       28       246      101      103      97       35       269      249      323      264      230      387      95       208      138      224      252      143      266      308      173      96       254      0        251      281      52       204      46       164      97       248      320      89       298      98       276      270      50       265      
25       337      279      43       295      152      332      223      49       212      213      312      334      184      310      216      144      157      218      143      106      262      80       337      118      251      0        390      235      56       286      147      167      10       192      329      101      188      54       104      226      295      
26       231      277      354      378      327      226      305      367      200      270      93       58       397      200      176      373      241      195      256      316      197      353      239      296      281      390      0        331      380      314      244      338      381      290      334      353      357      370      321      243      115      
27       147      71       239      68       83       146      28       262      276      343      306      278      390      147      240      103      242      281      157      272      338      155      142      262      52       235      331      0        182      56       181      68       234      336      95       298      56       269      274      90       305      
28       296      232      80       239      101      292      173      97       223      244      311      322      236      273      215      87       168      229      123      141      281      32       295      145      204      56       380      182      0        235      136      114      59       226      277      147      132      104      140      187      298      
29       103      37       285      64       134      104      63       308      296      370      306      266      431      117      255      159      271      299      189      311      354      206      97       299      46       286      314      56       235      0        210      122      284      367      44       341      112      315      313      97       308      
30       220      186      116      250      121      214      156      136      102      161      175      188      227      184      81       157      61       107      25       109      165      113      222      93       164      147      244      181      136      210      0        140      138      156      253      145      167      141      113      118      163      
31       196      125      174      129      19       193      63       196      242      296      295      281      329      183      213      42       198      247      115      213      305      87       193      207      97       167      338      68       114      122      140      0        167      286      163      236      27       203      215      101      288      
32       332      276      33       295      151      328      221      41       202      204      303      325      178      304      206      146      147      208      136      97       252      80       333      108      248      10       381      234      59       284      138      167      0        182      328      93       188      46       94       222      286      
33       363      341      150      405      266      357      312      145      97       25       197      251      107      323      139      289      96       99       179      86       100      224      367      82       320      192      290      336      226      367      156      286      182      0        409      99       314      142      88       273      175      
34       107      70       329      67       176      111      106      352      335      412      336      291      475      134      293      197      313      338      232      354      392      249      99       343      89       329      334      95       277      44       253      163      328      409      0        385      149      359      357      137      341      
35       365      324      67       365      217      359      279      52       154      123      264      304      92       330      179      226      114      160      158      39       188      156      367      59       298      101      353      298      147      341      145      236      93       99       385      0        262      47       34       259      244      
36       197      123      198      107      47       195      62       220      269      324      318      300      354      190      239      48       226      274      142      240      332      108      194      235      98       188      357      56       132      112      167      27       188      314      149      262      0        227      242      115      312      
37       352      303      30       333      186      347      252      7        179      165      286      318      132      320      193      188      129      185      146      62       222      119      353      79       276      54       370      269      104      315      141      203      46       142      359      47       227      0        58       242      267      
38       333      294      62       341      196      327      253      59       124      109      233      271      117      297      145      210      80       130      128      5        164      142      335      25       270      104      321      274      140      313      113      215      94       88       357      34       242      58       0        229      213      
39       110      68       213      150      97       105      63       236      198      274      216      188      345      86       157      142      176      202      100      225      257      155      111      211      50       226      243      90       187      97       118      101      222      273      137      259      115      242      229      0        216      
40       256      272      255      366      272      250      277      265      89       155      22       85       282      216      82       315      138      83       183      208      85       276      263      189      265      295      115      305      298      308      163      288      286      175      341      244      312      267      213      216      0        
;

