

sets
i        orders          /0*80/
k        routes          /1*80/
p        positions       /0*80/
;

alias(i,j)
alias(i,h)
alias(i,hh)
alias(i,jj)
alias(k,kk)
                            Parameters

rho(i)	Processing time
/
0	0
1	75
2	45
3	88
4	93
5	8
6	60
7	84
8	99
9	34
10	48
11	16
12	63
13	62
14	84
15	29
16	23
17	32
18	79
19	79
20	19
21	89
22	52
23	96
24	15
25	7
26	31
27	22
28	89
29	40
30	40
31	12
32	23
33	57
34	2
35	30
36	13
37	97
38	78
39	88
40	77
41	14
42	34
43	33
44	71
45	70
46	13
47	94
48	85
49	64
50	2
51	94
52	50
53	52
54	24
55	61
56	46
57	93
58	61
59	38
60	69
61	22
62	56
63	24
64	71
65	74
66	20
67	31
68	72
69	99
70	95
71	30
72	96
73	28
74	57
75	34
76	80
77	39
78	55
79	72
80	75
/

gamma(i)	Duedate
/
0	0
1	72
2	7
3	35
4	72
5	88
6	71
7	58
8	71
9	61
10	2
11	24
12	23
13	33
14	43
15	78
16	79
17	51
18	85
19	97
20	66
21	30
22	4
23	94
24	86
25	59
26	82
27	52
28	20
29	51
30	52
31	40
32	38
33	1
34	25
35	16
36	33
37	71
38	11
39	18
40	49
41	6
42	66
43	71
44	32
45	33
46	9
47	16
48	22
49	89
50	51
51	8
52	33
53	99
54	98
55	8
56	3
57	93
58	75
59	49
60	39
61	22
62	25
63	72
64	91
65	78
66	87
67	37
68	94
69	43
70	97
71	31
72	33
73	42
74	4
75	39
76	26
77	22
78	24
79	63
80	86
/

sigma(i)	Size
/
0	0
1	4
2	6
3	1
4	8
5	1
6	7
7	5
8	6
9	4
10	3
11	5
12	2
13	7
14	8
15	4
16	9
17	7
18	1
19	8
20	7
21	3
22	8
23	8
24	1
25	8
26	3
27	4
28	1
29	4
30	2
31	3
32	4
33	7
34	7
35	3
36	2
37	1
38	3
39	8
40	2
41	2
42	4
43	9
44	5
45	5
46	9
47	1
48	1
49	2
50	4
51	6
52	2
53	8
54	9
55	9
56	6
57	2
58	1
59	4
60	3
61	5
62	4
63	7
64	1
65	2
66	8
67	5
68	4
69	6
70	8
71	9
72	2
73	1
74	5
75	2
76	9
77	9
78	8
79	5
80	2
/

epsilon(i)	Priority
/
0	0
1	3
2	3
3	3
4	7
5	8
6	5
7	3
8	6
9	6
10	3
11	4
12	2
13	4
14	6
15	1
16	8
17	9
18	5
19	9
20	7
21	8
22	6
23	5
24	3
25	8
26	2
27	4
28	9
29	1
30	4
31	9
32	8
33	5
34	9
35	7
36	2
37	1
38	9
39	2
40	7
41	4
42	9
43	9
44	8
45	1
46	2
47	1
48	5
49	6
50	4
51	7
52	4
53	2
54	4
55	3
56	5
57	5
58	7
59	5
60	7
61	4
62	7
63	1
64	4
65	8
66	9
67	7
68	5
69	4
70	5
71	7
72	6
73	6
74	4
75	2
76	6
77	7
78	3
79	6
80	3
/

psi	Vehicle Capacity
/ 78 /
;

Table kappa(i,j)                 Setup
         0        1        2        3        4        5        6        7        8        9        10       11       12       13       14       15       16       17       18       19       20       21       22       23       24       25       26       27       28       29       30       31       32       33       34       35       36       37       38       39       40       41       42       43       44       45       46       47       48       49       50       51       52       53       54       55       56       57       58       59       60       61       62       63       64       65       66       67       68       69       70       71       72       73       74       75       76       77       78       79       80       
0        0        351      561      384      209      564      610      454      72       207      389      498      414      438      315      196      432      578      308      67       177      376      420      472      321      353      421      359      228      88       149      437      489      505      270      356      207      243      169      456      291      183      150      376      158      531      562      322      532      549      628      531      509      654      539      574      501      306      498      143      124      397      493      127      160      521      229      108      590      193      563      112      272      171      475      483      439      193      379      471      255      
1        351      0        556      263      245      241      288      110      342      413      117      427      457      258      136      342      86       232      44       292      213      348      469      458      439      286      370      229      465      440      217      238      406      230      357      260      373      439      437      139      378      505      320      468      268      401      464      405      193      274      311      278      262      310      195      496      228      210      355      430      454      363      196      458      416      430      199      354      254      451      355      269      88       447      159      132      247      544      31       470      606      
2        561      556      0        792      673      764      543      636      489      374      672      953      927      807      660      726      552      712      550      572      446      846      937      960      251      273      882      326      788      599      481      343      162      783      290      296      357      349      731      499      811      725      677      908      649      208      1002     239      703      433      830      832      817      638      580      1029     781      353      240      704      670      196      744      533      720      964      408      455      574      424      911      473      570      449      703      614      797      655      579      94       707      
3        384      263      792      0        175      282      518      265      423      547      163      164      215      67       134      232      325      345      250      320      364      101      228      197      620      520      108      475      346      451      339      500      656      184      541      499      522      582      355      392      194      447      253      249      226      659      209      598      293      531      319      181      161      502      407      237      180      440      614      365      420      595      204      511      335      171      389      454      471      560      182      377      222      544      222      317      77       540      257      700      587      
4        209      245      673      175      0        393      534      314      252      384      221      300      254      232      140      97       331      429      207      146      228      180      264      290      472      413      223      386      224      278      193      437      558      316      398      401      365      420      208      382      145      293      90       243      51       578      360      457      377      510      449      333      311      548      436      377      311      338      535      210      255      482      314      336      187      319      268      286      497      390      355      218      160      372      309      358      235      371      260      580      423      
5        564      241      764      282      393      0        312      134      570      653      176      390      493      224      256      483      213      83       274      498      451      382      505      453      678      510      375      447      608      649      449      421      604      101      597      481      614      680      601      267      471      686      483      531      437      579      391      642      61       378      70       134      141      256      210      430      105      442      535      603      644      583      80       683      580      376      440      588      258      689      222      501      296      683      89       150      210      751      209      687      809      
6        610      288      543      518      534      312      0        253      579      595      355      666      729      485      413      630      203      232      328      561      439      616      742      714      559      364      627      307      752      696      461      232      384      388      496      336      550      606      721      156      663      781      606      749      554      335      684      517      259      110      355      436      433      96       112      721      390      341      303      710      726      411      347      693      701      660      396      576      54       648      528      507      375      655      310      202      470      799      276      491      863      
7        454      110      636      265      314      134      253      0        450      523      104      413      479      232      177      411      86       124      149      391      324      365      492      461      544      377      373      315      537      541      326      298      478      154      463      348      483      549      519      152      424      595      399      503      348      460      435      508      82       283      204      205      196      241      141      472      154      308      415      516      548      451      112      565      498      408      308      464      205      562      294      378      181      558      69       52       218      646      79       556      706      
8        72       342      489      423      252      570      579      450      0        138      401      551      477      471      334      260      415      574      301      107      140      429      484      531      249      291      473      306      300      128      125      388      423      522      199      298      135      175      241      428      354      245      211      443      206      468      613      250      532      508      637      554      533      632      518      628      519      255      438      214      186      329      505      116      232      572      184      37       564      137      596      73       274      121      481      473      470      222      372      400      287      
9        207      413      374      547      384      653      595      523      138      0        497      684      616      588      443      399      469      641      379      244      202      563      623      668      123      248      607      290      430      226      214      373      347      622      114      268      44       36       370      461      493      352      350      582      341      403      745      141      606      504      723      660      639      664      558      762      619      253      385      342      300      253      597      158      364      703      217      101      592      59       712      170      367      78       567      534      585      283      445      293      340      
10       389      117      672      163      221      176      355      104      401      497      0        320      375      144      81       315      163      209      126      323      295      261      388      361      540      401      272      346      442      473      284      354      523      125      458      376      462      527      429      231      321      511      310      398      262      517      351      510      156      369      238      167      148      345      245      385      122      323      471      429      468      478      104      510      408      319      297      421      309      526      238      335      130      517      88       156      131      575      100      585      632      
11       498      427      953      164      300      390      666      413      551      684      320      0        149      180      298      310      483      467      414      443      517      122      157      76       769      682      77       639      383      548      487      664      819      291      693      662      665      720      415      551      227      507      350      210      344      824      66       751      420      690      401      258      249      636      553      77       288      602      778      436      499      756      326      620      402      30       546      585      615      688      192      517      385      668      357      464      195      621      418      860      655      
12       414      457      927      215      254      493      729      479      477      616      375      149      0        268      321      217      530      560      431      372      481      114      13       80       717      667      119      636      251      445      446      679      811      392      648      653      605      652      294      594      123      381      266      62       281      828      208      706      508      731      519      373      358      717      620      197      388      591      784      319      383      736      417      524      285      179      522      514      684      608      328      463      390      584      438      531      282      501      458      833      528      
13       438      258      807      67       232      224      485      232      471      588      144      180      268      0        151      298      305      293      256      372      396      160      281      234      652      534      151      483      413      510      375      497      663      123      571      511      560      622      421      374      260      512      316      309      283      660      206      627      244      511      255      113      94       458      373      241      119      454      614      430      483      611      150      565      401      176      413      499      435      606      125      418      239      592      177      283      15       602      244      717      651      
14       315      136      660      134      140      256      413      177      334      443      81       298      321      151      0        235      211      289      116      248      246      212      334      323      501      387      236      341      362      397      228      368      522      189      420      366      412      475      348      272      250      430      229      336      181      526      342      476      237      409      315      220      198      416      308      371      186      307      480      348      388      463      179      439      327      305      262      359      372      466      270      275      89       454      169      224      144      497      138      569      553      
15       196      342      726      232      97       483      630      411      260      399      315      310      217      298      235      0        428      524      302      157      286      191      223      277      504      480      236      461      127      238      248      520      625      398      439      471      391      436      122      477      94       214      49       184      84       652      376      496      471      602      534      408      387      646      534      383      394      411      611      133      192      542      403      311      103      336      334      297      595      390      413      253      255      368      402      456      304      314      358      632      357      
16       432      86       552      325      331      213      203      86       415      469      163      483      530      305      211      428      0        176      129      375      279      418      543      523      474      298      434      234      552      520      290      212      393      239      396      268      426      490      524      69       459      591      407      547      355      374      511      436      154      206      281      291      280      224      108      546      239      235      329      516      538      370      198      532      503      481      252      422      167      513      379      341      175      512      155      68       291      625      73       473      687      
17       578      232      712      345      429      83       232      124      574      641      209      467      560      293      289      524      176      0        273      515      445      447      573      527      650      471      445      407      651      666      449      368      550      176      572      441      600      664      637      214      525      716      517      594      468      518      472      612      53       307      125      216      219      173      138      511      179      411      477      636      670      540      143      690      616      454      424      586      178      683      305      502      306      680      125      108      279      770      201      640      830      
18       308      44       550      250      207      274      328      149      301      379      126      414      431      256      116      302      129      273      0        248      177      326      443      439      415      277      352      227      424      396      176      251      407      249      332      254      341      407      395      174      344      461      278      438      226      409      456      383      231      304      343      293      275      354      238      487      246      198      363      386      410      354      220      416      374      420      171      315      296      415      363      229      46       409      188      175      247      501      71       461      562      
19       67       292      572      320      146      498      561      391      107      244      323      443      372      372      248      157      375      515      248      0        148      321      379      423      346      339      365      334      225      151      112      405      482      438      283      336      233      281      176      405      249      219      108      342      98       516      505      339      468      508      561      464      442      599      483      520      434      281      480      157      164      394      426      193      159      464      201      143      537      244      497      99       209      225      409      423      373      254      318      479      315      
20       177      213      446      364      228      451      439      324      140      202      295      517      481      396      246      286      279      445      177      148      0        404      491      517      256      194      442      186      373      259      37       260      339      420      176      189      167      232      324      288      366      359      240      464      205      369      571      234      407      372      520      459      439      492      379      594      417      133      332      304      300      256      395      256      307      531      53       143      424      238      517      68       165      234      365      340      391      360      245      352      424      
21       376      348      846      101      180      382      616      365      429      563      261      122      114      160      212      191      418      447      326      321      404      0        127      114      652      579      45       541      278      428      372      577      720      282      578      562      546      600      303      483      117      396      229      149      222      731      186      636      395      621      414      270      253      603      506      198      279      500      686      320      381      651      305      498      287      146      438      464      570      566      244      399      289      546      324      417      173      504      347      753      543      
22       420      469      937      228      264      505      742      492      484      623      388      157      13       281      334      223      543      573      443      379      491      127      0        85       725      678      132      647      250      448      455      691      822      404      657      664      613      659      296      606      130      381      272      58       290      839      214      714      521      744      531      385      371      730      633      202      401      602      795      321      386      746      430      528      288      187      533      521      697      613      339      471      402      590      451      544      295      502      471      843      528      
23       472      458      960      197      290      453      714      461      531      668      361      76       80       234      323      277      523      527      439      423      517      114      85       0        762      694      88       656      328      512      484      690      835      352      689      677      653      705      368      589      184      457      322      142      327      845      128      747      478      728      471      325      313      692      602      117      349      615      800      391      455      766      384      588      357      104      552      567      666      665      267      507      403      643      411      513      249      575      454      867      605      
24       321      439      251      620      472      678      559      544      249      123      540      769      717      652      501      504      474      650      415      346      256      652      725      762      0        195      693      254      549      349      282      327      247      664      82       223      114      98       489      449      595      475      454      688      436      310      826      42       624      457      748      707      688      640      546      847      661      239      302      461      422      164      633      281      481      786      243      213      568      173      771      254      416      198      598      542      646      403      469      174      458      
25       353      286      273      520      413      510      364      377      291      248      401      682      667      534      387      480      298      471      277      339      194      579      678      694      195      0        613      64       565      419      232      132      145      516      137      30       205      251      513      261      556      535      435      655      397      178      730      153      452      263      578      564      548      445      356      757      514      80       146      491      476      77       480      382      498      692      146      270      374      307      640      244      298      321      440      365      525      505      312      183      568      
26       421      370      882      108      223      375      627      373      473      607      272      77       119      151      236      236      434      445      352      365      442      45       132      88       693      613      0        573      319      473      411      604      752      273      618      594      588      643      346      501      158      439      274      169      266      760      141      676      394      640      399      253      239      607      515      154      270      533      715      364      426      686      302      544      331      100      474      508      578      610      213      441      318      590      326      425      166      548      365      789      586      
27       359      229      326      475      386      447      307      315      306      290      346      639      636      483      341      461      234      407      227      334      186      541      647      656      254      64       573      0        557      434      222      84       180      457      188      34       246      299      510      197      531      542      419      629      377      192      683      213      389      214      515      507      491      385      293      713      456      53       150      490      483      136      420      409      493      647      133      292      313      347      585      247      254      357      379      301      473      527      254      241      591      
28       228      465      788      346      224      608      752      537      300      430      442      383      251      413      362      127      552      651      424      225      373      278      250      328      549      565      319      557      0        219      335      625      707      521      498      562      435      465      60       597      161      130      146      194      197      742      448      550      598      716      657      526      505      772      658      445      516      505      705      89       146      618      528      302      68       412      425      336      719      404      519      323      377      378      528      582      421      254      482      697      277      
29       88       440      599      451      278      649      696      541      128      226      473      548      445      510      397      238      520      666      396      151      259      428      448      512      349      419      473      434      219      0        235      514      548      585      316      426      243      257      160      543      327      126      201      398      226      595      614      360      619      631      712      609      587      742      627      621      582      382      565      131      76       453      576      83       162      574      308      151      677      189      633      191      360      162      560      572      513      104      467      513      167      
30       149      217      481      339      193      449      461      326      125      214      284      487      446      375      228      248      290      449      176      112      37       372      455      484      282      232      411      222      335      235      0        293      377      409      206      226      184      246      288      308      329      327      202      427      167      407      543      264      408      400      517      446      425      509      394      564      405      169      369      269      269      293      387      242      271      503      89       138      443      241      498      52       155      234      360      347      371      338      247      387      402      
31       437      238      343      500      437      421      232      298      388      373      354      664      679      497      368      520      212      368      251      405      260      577      691      690      327      132      604      84       625      514      293      0        182      450      267      106      329      380      580      155      582      619      482      679      436      163      703      284      360      132      486      501      489      317      240      735      449      132      117      562      560      181      409      492      562      669      207      375      247      430      586      325      289      441      367      271      485      610      254      273      674      
32       489      406      162      656      558      604      384      478      423      347      523      819      811      663      522      625      393      550      407      482      339      720      822      835      247      145      752      180      707      548      377      182      0        628      235      158      312      335      654      337      702      669      580      800      543      65       864      212      543      273      668      679      665      478      417      893      627      220      80       631      610      95       588      499      640      827      291      397      413      405      760      385      434      425      546      454      652      624      427      111      684      
33       505      230      783      184      316      101      388      154      522      622      125      291      392      123      189      398      239      176      249      438      420      282      404      352      664      516      273      457      521      585      409      450      628      0        582      489      587      652      520      306      377      608      406      432      364      613      298      632      131      434      136      51       45       347      278      336      4        441      568      525      571      592      42       628      499      278      421      545      335      650      141      459      255      640      84       196      109      684      203      699      738      
34       270      357      290      541      398      597      496      463      199      114      458      693      648      571      420      439      396      572      332      283      176      578      657      689      82       137      618      188      498      316      206      267      235      582      0        161      76       113      440      375      528      441      390      623      367      290      748      58       544      399      667      625      606      572      473      770      579      163      271      414      384      140      551      263      430      708      161      167      500      173      689      186      334      191      516      464      565      389      388      200      449      
35       356      260      296      499      401      481      336      348      298      268      376      662      653      511      366      471      268      441      254      336      189      562      664      677      223      30       594      34       562      426      226      106      158      489      161      0        224      273      512      230      545      539      428      644      388      180      709      182      422      238      549      538      522      416      326      737      487      62       143      491      480      103      452      395      496      671      138      280      345      326      615      245      277      338      412      335      501      516      285      209      580      
36       207      373      357      522      365      614      550      483      135      44       462      665      605      560      412      391      426      600      341      233      167      546      613      653      114      205      588      246      435      243      184      329      312      587      76       224      0        65       376      417      483      369      341      575      326      366      723      117      566      460      684      626      606      619      514      742      584      208      345      349      313      217      561      186      368      683      175      99       548      101      682      147      332      115      530      492      556      312      405      270      372      
37       243      439      349      582      420      680      606      549      175      36       527      720      652      622      475      436      490      664      407      281      232      600      659      705      98       251      643      299      465      257      246      380      335      652      113      273      65       0        405      478      529      383      387      618      378      395      780      124      631      512      749      691      670      679      576      798      649      267      380      376      332      244      626      185      399      739      240      138      607      75       745      204      397      100      595      556      618      306      470      272      360      
38       169      437      731      355      208      601      721      519      241      370      429      415      294      421      348      122      524      637      395      176      324      303      296      368      489      513      346      510      60       160      288      580      654      520      440      512      376      405      0        565      188      93       120      242      171      691      481      492      586      678      655      531      509      747      632      483      516      457      655      29       90       563      522      243      21       443      377      276      691      344      534      269      349      318      517      560      427      207      458      640      240      
39       456      139      499      392      382      267      156      152      428      461      231      551      594      374      272      477      69       214      174      405      288      483      606      589      449      261      501      197      597      543      308      155      337      306      375      230      417      478      565      0        517      624      451      607      399      312      580      409      206      138      331      357      348      204      98       615      306      212      268      554      569      327      263      544      544      550      250      429      135      511      446      355      221      514      221      117      360      646      136      426      710      
40       291      378      811      194      145      471      663      424      354      493      321      227      123      260      250      94       459      525      344      249      366      117      130      184      595      556      158      531      161      327      329      582      702      377      528      545      483      529      188      517      0        281      142      98       162      723      293      585      472      649      513      374      355      666      559      296      372      483      681      209      272      622      391      404      175      255      410      391      622      485      359      342      299      462      400      474      271      394      386      717      428      
41       183      505      725      447      293      686      781      595      245      352      511      507      381      512      430      214      591      716      461      219      359      396      381      457      475      535      439      542      130      126      327      619      669      608      441      539      369      383      93       624      281      0        202      324      249      713      573      486      666      727      742      621      600      815      699      573      604      489      681      82       59       574      607      201      111      536      411      273      755      313      627      295      418      285      600      633      518      125      529      639      148      
42       150      320      677      253      90       483      606      399      211      350      310      350      266      316      229      49       407      517      278      108      240      229      272      322      454      435      274      419      146      201      202      482      580      406      390      428      341      387      120      451      142      202      0        234      52       609      415      447      466      570      539      421      399      629      514      425      401      368      569      119      167      495      405      269      98       375      290      248      574      343      436      204      232      321      398      441      320      286      339      584      335      
43       376      468      908      249      243      531      749      503      443      582      398      210      62       309      336      184      547      594      438      342      464      149      58       142      688      655      169      629      194      398      427      679      800      432      623      644      575      618      242      607      98       324      234      0        259      822      270      681      541      742      563      419      402      744      642      260      428      582      779      268      332      721      453      479      236      240      509      481      706      568      382      437      394      544      469      554      322      447      474      814      470      
44       158      268      649      226      51       437      554      348      206      341      262      344      281      283      181      84       355      468      226      98       205      222      290      327      436      397      266      377      197      226      167      436      543      364      367      388      326      378      171      399      162      249      52       259      0        568      406      424      417      520      495      384      361      577      462      421      360      327      527      167      207      461      360      285      149      365      251      241      522      343      407      182      180      324      351      389      286      321      287      555      374      
45       531      401      208      659      578      579      335      460      468      403      517      824      828      660      526      652      374      518      409      516      369      731      839      845      310      178      760      192      742      595      407      163      65       613      290      180      366      395      691      312      723      713      609      822      568      0        864      273      517      226      641      665      652      430      382      895      613      241      45       669      654      150      572      551      676      829      318      444      369      463      750      422      442      481      529      429      648      676      418      174      738      
46       562      464      1002     209      360      391      684      435      613      745      351      66       208      206      342      376      511      472      456      505      571      186      214      128      826      730      141      683      448      614      543      703      864      298      748      709      723      780      481      580      293      573      415      270      406      864      0        806      430      717      391      257      253      645      572      39       296      649      818      502      565      805      337      685      468      41       598      647      632      750      175      576      431      731      373      485      220      687      451      910      721      
47       322      405      239      598      457      642      517      508      250      141      510      751      706      627      476      496      436      612      383      339      234      636      714      747      42       153      676      213      550      360      264      284      212      632      58       182      117      124      492      409      585      486      447      681      424      273      806      0        588      415      712      677      659      598      506      828      630      201      263      465      431      124      601      299      483      766      214      216      527      196      743      243      388      219      564      504      620      424      435      153      480      
48       532      193      703      293      377      61       259      82       532      606      156      420      508      244      237      471      154      53       231      468      407      395      521      478      624      452      394      389      598      619      408      360      543      131      544      422      566      631      586      206      472      666      466      541      417      517      430      588      0        318      126      177      176      215      152      468      134      387      474      585      621      524      94       646      564      409      391      546      205      645      268      461      260      640      72       89       229      723      161      627      782      
49       549      274      433      531      510      378      110      283      508      504      369      690      731      511      409      602      206      307      304      508      372      621      744      728      457      263      640      214      716      631      400      132      273      434      399      238      460      512      678      138      649      727      570      742      520      226      717      415      318      0        432      485      478      205      168      753      435      256      193      664      670      304      392      617      659      688      323      499      143      561      576      440      350      570      350      238      497      730      274      380      795      
