

sets
i        orders          /0*80/
k        routes          /1*80/
p        positions       /0*80/
;

alias(i,j)
alias(i,h)
alias(i,hh)
alias(i,jj)
alias(k,kk)
                            Parameters

rho(i)	Processing time
/
0	0
1	83
2	17
3	9
4	27
5	46
6	74
7	39
8	36
9	18
10	28
11	23
12	22
13	74
14	57
15	98
16	21
17	70
18	16
19	20
20	38
21	42
22	38
23	69
24	73
25	96
26	1
27	64
28	7
29	92
30	85
31	52
32	89
33	79
34	91
35	48
36	83
37	13
38	58
39	62
40	25
41	49
42	63
43	85
44	12
45	56
46	69
47	57
48	42
49	18
50	81
51	28
52	40
53	59
54	37
55	16
56	45
57	31
58	89
59	88
60	65
61	56
62	17
63	66
64	77
65	26
66	72
67	90
68	76
69	42
70	44
71	50
72	29
73	18
74	21
75	74
76	92
77	24
78	31
79	96
80	72
/

gamma(i)	Duedate
/
0	0
1	39
2	31
3	39
4	32
5	60
6	99
7	66
8	72
9	60
10	31
11	97
12	69
13	78
14	66
15	80
16	96
17	88
18	77
19	66
20	2
21	73
22	75
23	20
24	24
25	89
26	27
27	45
28	5
29	59
30	14
31	30
32	70
33	93
34	58
35	67
36	51
37	39
38	93
39	80
40	43
41	40
42	24
43	90
44	1
45	13
46	95
47	55
48	23
49	71
50	99
51	20
52	60
53	67
54	44
55	73
56	35
57	16
58	63
59	36
60	25
61	6
62	11
63	56
64	42
65	59
66	48
67	50
68	73
69	83
70	21
71	18
72	35
73	72
74	85
75	4
76	80
77	32
78	31
79	20
80	92
/

sigma(i)	Size
/
0	0
1	8
2	9
3	4
4	6
5	7
6	7
7	1
8	1
9	3
10	9
11	9
12	6
13	7
14	3
15	9
16	7
17	2
18	8
19	3
20	2
21	7
22	1
23	3
24	8
25	5
26	5
27	2
28	1
29	6
30	3
31	4
32	3
33	8
34	2
35	9
36	7
37	1
38	1
39	8
40	3
41	3
42	5
43	2
44	9
45	8
46	7
47	1
48	2
49	4
50	9
51	6
52	7
53	7
54	5
55	2
56	5
57	4
58	1
59	2
60	7
61	3
62	8
63	6
64	7
65	6
66	8
67	6
68	7
69	1
70	8
71	2
72	3
73	6
74	6
75	6
76	9
77	9
78	5
79	1
80	2
/

epsilon(i)	Priority
/
0	0
1	2
2	5
3	4
4	9
5	7
6	2
7	6
8	4
9	7
10	7
11	2
12	1
13	7
14	9
15	2
16	3
17	6
18	5
19	6
20	3
21	1
22	4
23	8
24	8
25	2
26	4
27	1
28	5
29	2
30	1
31	8
32	7
33	5
34	5
35	5
36	1
37	4
38	7
39	5
40	4
41	9
42	7
43	9
44	8
45	2
46	3
47	4
48	8
49	4
50	2
51	7
52	2
53	9
54	2
55	2
56	7
57	9
58	3
59	8
60	9
61	9
62	7
63	4
64	9
65	3
66	7
67	9
68	9
69	6
70	3
71	9
72	4
73	9
74	3
75	9
76	2
77	1
78	9
79	7
80	6
/

psi	Vehicle Capacity
/ 101 /
;

Table kappa(i,j)                 Setup
         0        1        2        3        4        5        6        7        8        9        10       11       12       13       14       15       16       17       18       19       20       21       22       23       24       25       26       27       28       29       30       31       32       33       34       35       36       37       38       39       40       41       42       43       44       45       46       47       48       49       50       51       52       53       54       55       56       57       58       59       60       61       62       63       64       65       66       67       68       69       70       71       72       73       74       75       76       77       78       79       80       
0        0        274      660      166      736      262      673      277      625      527      737      580      490      261      590      753      656      414      340      606      661      782      688      152      551      773      489      841      895      602      124      776      679      536      707      181      289      559      248      331      992      950      837      677      600      785      581      743      505      697      124      147      492      539      741      629      531      312      412      196      679      462      517      885      691      724      109      748      387      631      247      656      246      733      321      467      850      745      382      583      943      
1        274      0        385      108      463      79       592      58       533      338      595      594      363      316      529      607      502      368      102      575      395      598      424      123      277      652      335      655      695      461      234      516      447      262      469      96       104      505      228      233      775      721      636      564      413      725      360      745      232      469      152      133      217      505      547      417      468      62       145      323      639      189      249      678      541      711      287      634      114      504      325      451      330      491      395      275      656      514      112      326      729      
2        660      385      0        493      81       412      659      389      605      356      563      777      467      622      645      566      487      569      348      713      151      485      127      508      124      640      417      521      518      487      599      203      275      133      263      481      398      638      533      470      542      467      472      593      379      789      284      884      167      296      536      514      170      662      430      323      604      352      253      665      748      207      178      489      515      838      656      639      272      533      641      350      648      260      685      346      504      310      285      164      512      
3        166      108      493      0        570      113      610      119      554      400      640      572      394      262      536      654      551      362      184      571      499      662      526      18       385      688      378      721      767      503      145      616      533      369      558      23       146      508      193      240      856      807      708      595      475      736      439      731      339      553      45       35       325      500      615      492      474      150      248      245      640      296      354      754      588      702      191      666      221      540      263      523      267      582      341      336      725      600      217      424      808      
4        736      463      81       570      0        484      675      463      624      387      563      812      503      683      672      563      496      615      429      741      201      470      114      584      205      640      454      498      484      505      671      153      269      214      248      559      467      668      597      528      492      415      444      604      395      799      306      908      248      285      612      590      250      696      419      332      636      426      326      731      770      288      258      453      519      860      728      643      349      548      704      353      711      235      742      389      477      286      365      199      467      
5        262      79       412      113      484      0        519      26       461      288      534      514      294      243      453      547      443      289      181      496      447      550      426      118      319      586      272      609      654      398      187      513      421      302      448      117      33       428      152      154      743      695      595      496      363      651      326      666      278      441      142      116      256      427      502      379      391      61       158      262      561      237      302      641      481      632      244      566      147      437      254      410      260      473      320      224      612      488      172      321      695      
6        673      592      659      610      675      519      0        534      60       312      162      217      232      420      88       176      183      259      677      122      788      287      561      604      667      131      272      321      394      172      549      572      413      651      443      625      488      119      430      370      514      527      364      78       281      136      374      239      655      404      611      589      623      152      302      343      142      537      539      499      102      640      694      410      173      190      575      102      574      127      440      326      444      468      392      350      348      429      630      496      470      
7        277      58       389      119      463      26       534      0        475      290      541      537      306      269      471      554      450      310      156      516      421      552      410      128      294      596      280      610      653      406      211      499      414      277      439      119      45       446      178      175      738      688      594      508      365      667      321      687      252      434      154      130      231      447      502      376      409      37       137      288      580      211      276      638      488      652      267      578      122      448      281      408      287      463      347      226      612      481      145      306      691      
8        625      533      605      554      624      461      60       475      0        254      153      227      172      377      71       170      143      212      617      134      731      268      511      549      608      153      212      311      384      119      501      528      367      593      399      569      430      94       380      314      504      507      345      64       229      197      320      284      595      361      557      535      563      134      272      294      102      477      479      459      145      580      634      395      145      236      531      125      514      80       400      281      404      425      359      290      335      390      570      441      457      
9        527      338      356      400      387      288      312      290      254      0        263      425      116      358      289      274      170      241      400      357      477      262      280      403      355      329      70       321      368      144      416      327      177      339      212      405      254      282      298      208      465      429      310      256      75       447      86       529      345      188      422      396      313      309      215      108      249      275      242      429      394      335      384      358      208      483      466      318      283      192      383      130      389      243      394      63       325      235      340      192      416      
10       737      595      563      640      563      534      162      541      153      263      0        376      248      507      224      17       93       342      663      279      705      127      449      639      598      77       262      160      233      137      615      440      293      586      317      650      500      247      489      408      353      365      202      90       200      247      291      393      597      278      652      628      567      288      154      241      248      533      505      589      262      593      636      248      55       344      652      83       546      108      531      213      537      337      502      322      186      291      604      410      308      
11       580      594      777      572      812      514      217      537      227      425      376      0        310      322      158      391      368      228      693      96       883      495      704      560      751      348      360      535      609      329      466      737      575      734      610      592      493      149      378      363      729      735      573      286      430      248      507      162      727      574      557      542      696      116      499      498      176      554      594      385      142      701      763      622      372      147      471      320      617      304      333      493      334      638      260      433      561      608      666      616      683      
12       490      363      467      394      503      294      232      306      172      116      248      310      0        277      186      263      166      132      445      249      579      301      396      392      450      293      49       359      421      112      368      441      285      434      321      406      262      173      243      160      531      509      367      202      147      368      202      425      432      290      404      380      400      195      271      208      137      306      310      356      297      413      471      418      201      381      410      272      343      145      302      217      308      351      296      127      372      334      398      305      481      
13       261      316      622      262      683      243      420      269      377      358      507      322      277      0        333      524      439      166      418      345      682      577      600      248      550      530      297      635      698      382      143      669      534      532      568      284      238      302      92       158      808      782      644      435      416      525      436      485      513      546      239      229      486      279      548      466      278      300      380      81       418      475      541      696      469      463      156      503      383      399      25       483      31       598      79       316      649      593      415      491      758      
14       590      529      645      536      672      453      88       471      71       289      224      158      186      333      0        241      210      177      620      70       764      339      560      529      636      214      234      382      455      174      466      586      423      620      457      553      425      31       351      299      575      578      416      134      280      200      365      239      619      420      534      514      587      65       341      348      62       478      495      412      111      599      657      466      215      195      489      185      525      146      353      339      357      485      303      313      407      452      580      481      529      
15       753      607      566      654      563      547      176      554      170      274      17       391      263      524      241      0        104      359      674      294      709      117      450      653      604      79       275      145      218      151      631      437      294      592      316      664      514      264      505      424      338      352      190      106      208      254      297      403      604      277      667      642      574      304      149      245      265      545      515      606      275      601      642      235      66       355      669      90       556      124      548      215      553      334      519      333      173      287      614      415      294      
16       656      502      487      551      496      443      183      450      143      170      93       368      166      439      210      104      0        279      570      277      624      142      381      550      512      160      172      197      264      56       535      388      230      499      260      560      409      222      410      325      381      373      216      108      111      303      206      422      508      221      565      540      478      262      131      164      209      441      413      519      284      503      547      268      38       374      576      153      453      64       463      143      469      284      445      229      214      246      511      328      331      
17       414      368      569      362      615      289      259      310      212      241      342      228      132      166      177      359      279      0        466      209      663      421      515      354      529      364      171      476      542      223      290      568      415      511      451      380      265      148      174      135      657      638      491      269      279      377      327      376      502      422      357      338      471      138      398      340      116      326      367      248      277      474      537      543      306      343      318      337      389      234      189      349      194      481      166      225      493      466      437      415      607      
18       340      102      348      184      429      181      677      156      617      400      663      693      445      418      620      674      570      466      0        670      322      649      416      202      227      725      411      704      735      534      326      512      475      215      490      163      200      598      331      330      803      742      677      642      470      813      401      842      181      498      228      217      181      601      595      461      560      142      165      420      731      141      183      715      608      806      375      709      121      579      426      496      431      507      497      341      700      539      71       336      760      
19       606      575      713      571      741      496      122      516      134      357      279      96       249      345      70       294      277      209      670      0        829      400      630      562      700      253      298      439      513      244      485      655      493      683      527      589      471      76       379      342      633      640      478      190      350      182      434      176      680      490      563      545      648      70       406      418      113      528      553      418      72       659      718      526      279      136      501      224      581      213      362      409      364      554      300      376      465      521      634      549      587      
20       661      395      151      499      201      447      788      421      731      477      705      883      579      682      764      709      624      663      322      829      0        634      278      516      134      782      530      671      669      617      628      349      424      152      414      481      444      752      590      546      690      613      623      727      513      922      418      1004     169      445      544      527      196      772      578      464      716      385      303      709      871      209      145      640      655      959      682      778      300      665      698      494      704      411      754      452      655      461      282      296      661      
21       782      598      485      662      470      550      287      552      268      262      127      495      301      577      339      117      142      421      649      400      634      0        362      665      543      192      293      59       121      198      665      333      210      533      223      668      517      357      541      452      239      240      77       211      187      370      249      520      551      189      682      657      524      397      57       190      349      536      485      657      388      557      588      127      124      471      709      207      528      198      602      155      608      235      587      326      72       185      583      351      191      
22       688      424      127      526      114      426      561      410      511      280      449      704      396      600      560      450      381      515      416      630      278      362      0        538      222      527      349      394      390      391      607      95       156      222      138      519      404      558      519      442      419      347      345      489      281      685      196      795      252      174      565      540      239      587      308      217      527      376      279      655      656      280      277      361      405      747      664      528      312      434      622      239      629      132      653      292      377      182      346      109      386      
23       152      123      508      18       584      118      604      128      549      403      639      560      392      248      529      653      550      354      202      562      516      665      538      0        401      685      378      723      771      501      127      627      540      385      566      40       150      501      183      235      861      814      712      592      478      729      445      720      356      560      28       18       341      491      618      498      467      162      260      228      631      312      371      758      588      692      173      663      235      537      248      528      251      591      326      340      728      607      234      435      814      
24       551      277      124      385      205      319      667      294      608      355      598      751      450      550      636      604      512      529      227      700      134      543      222      401      0        672      402      587      598      498      505      313      336      18       337      370      314      623      458      411      639      569      546      609      400      802      307      875      46       360      429      410      64       641      485      360      586      258      170      581      745      89       55       572      545      832      561      665      172      546      566      393      573      343      621      323      575      387      169      192      604      
25       773      652      640      688      640      586      131      596      153      329      77       348      293      530      214      79       160      364      725      253      782      192      527      685      672      0        317      209      279      191      648      516      371      659      394      700      553      243      525      450      396      419      261      95       272      178      365      336      669      355      696      673      639      280      228      317      255      592      572      611      217      663      708      300      127      290      681      29       611      148      553      290      557      413      513      384      239      366      669      486      355      
26       489      335      417      378      454      272      272      280      212      70       262      360      49       297      234      275      172      171      411      298      530      293      349      378      402      317      0        352      408      126      371      397      245      386      281      388      238      222      248      159      513      484      352      231      119      409      156      473      386      253      393      368      353      244      255      171      187      275      267      372      343      369      424      402      209      429      417      299      302      169      322      186      329      311      327      79       362      299      359      256      463      
27       841      655      521      721      498      609      321      610      311      321      160      535      359      635      382      145      197      476      704      439      671      59       394      723      587      209      352      0        73       253      724      353      251      579      257      727      575      403      599      511      193      210      58       249      245      386      302      545      599      228      741      716      573      443      109      243      398      593      539      715      420      606      634      91       173      498      768      230      582      248      660      208      665      263      641      384      29       212      637      396      148      
28       895      695      518      767      484      654      394      653      384      368      233      609      421      698      455      218      264      542      735      513      669      121      390      771      598      279      408      73       0        319      780      333      264      591      261      771      621      475      657      568      120      143      59       323      295      454      335      616      614      240      791      764      591      516      154      277      469      632      570      777      492      627      648      32       243      569      826      302      613      319      723      244      729      258      709      431      49       211      665      412      76       
29       602      461      487      503      505      398      172      406      119      144      137      329      112      382      174      151      56       223      534      244      617      198      391      501      498      191      126      253      319      0        481      411      249      483      283      513      364      181      355      272      435      423      270      112      109      304      202      403      489      245      515      490      458      218      180      175      161      401      383      463      264      479      528      322      88       355      521      175      422      48       407      164      413      310      389      194      270      279      479      324      385      
30       124      234      599      145      671      187      549      211      501      416      615      466      368      143      466      631      535      290      326      485      628      665      607      127      505      648      371      724      780      481      0        690      578      488      608      168      204      435      125      212      882      844      723      553      486      663      478      629      462      594      108      110      442      417      626      521      406      248      346      101      557      419      482      772      569      606      57       623      333      508      135      546      136      636      214      360      734      643      346      499      832      
31       776      516      203      616      153      513      572      499      528      327      440      737      441      669      586      437      388      568      512      655      349      333      95       627      313      516      397      353      333      411      690      0        162      314      128      610      489      588      593      511      341      264      297      496      306      685      241      811      346      167      654      629      334      621      288      238      562      465      371      730      672      375      369      302      404      762      746      523      406      448      693      247      700      104      716      354      330      150      441      192      314      
32       679      447      275      533      269      421      413      414      367      177      293      575      285      534      423      294      230      415      475      493      424      210      156      540      336      371      245      251      264      249      578      162      0        329      36       532      391      426      468      380      329      275      210      338      144      531      99       650      350      24       563      537      326      460      154      77       400      387      312      602      511      362      385      241      250      602      631      373      354      287      558      86       565      66       571      220      239      67       404      147      285      
33       536      262      133      369      214      302      651      277      593      339      586      734      434      532      620      592      499      511      215      683      152      533      222      385      18       659      386      579      591      483      488      314      329      0        331      355      296      606      440      393      636      567      539      595      387      787      295      859      34       353      414      394      46       624      476      349      569      240      152      563      729      75       56       566      532      815      544      652      155      531      548      382      555      339      602      306      568      381      155      182      599      
34       707      469      263      558      248      448      443      439      399      212      317      610      321      568      457      316      260      451      490      527      414      223      138      566      337      394      281      257      261      283      608      128      36       331      0        557      418      461      501      413      312      252      210      368      180      559      132      682      355      39       590      564      333      495      170      113      435      411      330      636      543      371      388      234      277      633      662      398      372      319      592      118      599      30       606      253      241      50       419      155      271      
35       181      96       481      23       559      117      625      119      569      405      650      592      406      284      553      664      560      380      163      589      481      668      519      40       370      700      388      727      771      513      168      610      532      355      557      0        151      525      213      255      857      807      712      608      481      753      440      751      324      553      65       58       312      518      620      495      490      146      240      268      657      281      336      757      598      721      213      679      210      551      286      527      290      580      364      342      730      599      201      419      810      
36       289      104      398      146      467      33       488      45       430      254      500      493      262      238      425      514      409      265      200      471      444      517      404      150      314      553      238      575      621      364      204      489      391      296      418      151      0        400      146      130      711      664      562      464      330      621      295      642      275      410      172      146      250      401      469      347      363      64       146      268      534      236      303      608      447      607      261      534      145      405      253      377      259      444      313      190      579      458      180      297      663      
37       559      505      638      508      668      428      119      446      94       282      247      149      173      302      31       264      222      148      598      76       752      357      558      501      623      243      222      403      475      181      435      588      426      606      461      525      400      0        322      273      595      594      434      159      282      229      362      252      604      425      505      485      572      40       354      349      38       456      477      381      133      583      642      485      233      211      458      214      506      159      322      344      325      489      272      300      426      459      559      475      547      
38       248      228      533      193      597      152      430      178      380      298      489      378      243      92       351      505      410      174      331      379      590      541      519      183      458      525      248      599      657      355      125      593      468      440      501      213      146      322      0        90       761      728      601      429      365      551      368      537      420      483      183      166      394      309      504      406      290      208      288      137      450      382      449      651      444      509      169      500      291      382      108      428      115      530      168      247      610      531      323      410      711      
39       331      233      470      240      528      154      370      175      314      208      408      363      160      158      299      424      325      135      330      342      546      452      442      235      411      450      159      511      568      272      212      511      380      393      413      255      130      273      90       0        671      637      511      356      275      498      280      512      379      394      245      222      350      272      414      316      237      191      243      222      407      347      412      561      360      477      259      428      259      304      181      338      188      442      215      160      521      441      304      334      621      
40       992      775      542      856      492      743      514      738      504      465      353      729      531      808      575      338      381      657      803      633      690      239      419      861      639      396      513      193      120      435      882      341      329      636      312      857      711      595      761      671      0        79       165      443      396      567      417      732      664      306      883      857      644      635      260      364      588      714      641      886      611      683      693      113      363      686      930      419      683      438      833      336      840      298      823      525      168      263      731      468      50       
41       950      721      467      807      415      695      527      688      507      429      365      735      509      782      578      352      373      638      742      640      613      240      347      814      569      419      484      210      143      423      844      264      275      567      252      807      664      594      728      637      79       0        163      451      365      596      369      755      595      254      837      811      578      634      243      322      582      662      583      857      627      617      623      119      362      707      895      440      624      435      807      299      813      234      804      484      180      207      670      405      76       
42       837      636      472      708      444      595      364      594      345      310      202      573      367      644      416      190      216      491      677      478      623      77       345      712      546      261      352      58       59       270      723      297      210      539      210      712      562      434      601      511      165      163      0        288      237      439      276      594      560      186      732      706      536      474      96       218      425      573      512      722      464      571      595      52       201      546      770      279      555      275      669      185      675      212      658      372      33       162      608      357      115      
43       677      564      593      595      604      496      78       508      64       256      90       286      202      435      134      106      108      269      642      190      727      211      489      592      609      95       231      249      323      112      553      496      338      595      368      608      464      159      429      356      443      451      288      0        213      196      309      317      602      328      602      579      570      198      224      272      164      505      494      517      181      591      641      336      94       268      586      71       532      64       458      252      463      392      422      304      275      351      589      432      397      
44       600      413      379      475      395      363      281      365      229      75       200      430      147      416      280      208      111      279      470      350      513      187      281      478      400      272      119      245      295      109      486      306      144      387      180      481      330      282      365      275      396      365      237      213      0        409      95       513      397      146      497      471      367      315      141      67       255      350      309      491      374      393      436      286      145      465      534      265      351      154      441      69       448      209      442      139      250      187      408      218      346      
45       785      725      789      736      799      651      136      667      197      447      247      248      368      525      200      254      303      377      813      182      922      370      685      729      802      178      409      386      454      304      663      685      531      787      559      753      621      229      551      498      567      596      439      196      409      0        504      171      791      520      734      714      759      246      401      468      262      672      676      601      111      777      830      477      281      132      682      164      711      257      543      446      546      581      482      487      416      537      767      627      529      
46       581      360      284      439      306      326      374      321      320      86       291      507      202      436      365      297      206      327      401      434      418      249      196      445      307      365      156      302      335      202      478      241      99       295      132      440      295      362      368      280      417      369      276      309      95       504      0        602      308      116      467      441      278      391      194      59       331      298      236      503      465      308      346      318      238      555      531      359      279      248      460      94       467      162      477      120      299      164      334      122      370      
47       743      745      884      731      908      666      239      687      284      529      393      162      425      485      239      403      422      376      842      176      1004     520      795      720      875      336      473      545      616      403      629      811      650      859      682      751      642      252      537      512      732      755      594      317      513      171      602      0        856      643      718      703      824      241      541      578      290      701      729      547      139      835      894      636      412      49       634      315      756      363      496      564      496      707      422      552      574      669      808      720      692      
48       505      232      167      339      248      278      655      252      595      345      597      727      432      513      619      604      508      502      181      680      169      551      252      356      46       669      386      599      614      489      462      346      350      34       355      324      275      604      420      379      664      595      560      602      397      791      308      856      0        374      384      365      32       619      494      364      567      216      136      540      729      43       38       590      543      814      517      660      131      538      528      398      534      365      585      306      589      406      123      203      625      
49       697      469      296      553      285      441      404      434      361      188      278      574      290      546      420      277      221      422      498      490      445      189      174      560      360      355      253      228      240      245      594      167      24       353      39       553      410      425      483      394      306      254      186      328      146      520      116      643      374      0        583      557      350      459      134      82       400      409      335      616      504      387      409      217      238      594      647      359      378      280      571      80       577      64       580      235      215      48       428      171      261      
