

sets
i        orders          /0*10/
k        routes          /1*10/
p        positions       /0*10/
;

alias(i,j)
alias(i,h)
alias(i,hh)
alias(i,jj)
alias(k,kk)
                            Parameters

rho(i)	Processing time
/
0	0
1	98
2	54
3	29
4	59
5	95
6	60
7	34
8	57
9	39
10	64
/

gamma(i)	Duedate
/
0	0
1	31
2	43
3	9
4	17
5	5
6	35
7	28
8	36
9	52
10	59
/

sigma(i)	Size
/
0	0
1	3
2	2
3	5
4	7
5	8
6	2
7	1
8	4
9	4
10	2
/

epsilon(i)	Priority
/
0	0
1	3
2	9
3	4
4	6
5	1
6	3
7	7
8	6
9	6
10	3
/

psi	Vehicle Capacity
/ 24 /
;

Table kappa(i,j)                 Setup
         0        1        2        3        4        5        6        7        8        9        10       
0        0        400      164      481      295      271      318      363      397      337      325      
1        400      0        440      483      288      331      500      399      257      297      226      
2        164      440      0        343      218      173      155      236      332      252      277      
3        481      483      343      0        226      220      219      119      227      196      264      
4        295      288      218      226      0        50       218      117      113      42       69       
5        271      331      173      220      50       0        170      101      160      79       119      
6        318      500      155      219      218      170      0        151      309      229      287      
7        363      399      236      119      117      101      151      0        169      102      172      
8        397      257      332      227      113      160      309      169      0        83       74       
9        337      297      252      196      42       79       229      102      83       0        71       
10       325      226      277      264      69       119      287      172      74       71       0        
;



Table delta(i,j)                 Distance
         0        1        2        3        4        5        6        7        8        9        10       
0        0        62       111      119      127      190      88       199      136      225      131      
1        62       0        130      112      159      139      25       166      163      166      74       
2        111      130      0        227      233      267      145      140      35       284      199      
3        119      112      227      0        86       120      119      276      254      177      109      
4        127      159      233      86       0        207      177      321      251      263      186      
5        190      139      267      120      207      0        122      252      302      59       68       
6        88       25       145      119      177      122      0        157      179      143      54       
7        199      166      140      276      321      252      157      0        163      237      192      
8        136      163      35       254      251      302      179      163      0        319      234      
9        225      166      284      177      263      59       143      237      319      0        93       
10       131      74       199      109      186      68       54       192      234      93       0        
;

