

sets
i        orders          /0*10/
k        routes          /1*10/
p        positions       /0*10/
;

alias(i,j)
alias(i,h)
alias(i,hh)
alias(i,jj)
alias(k,kk)
                            Parameters

rho(i)	Processing time
/
0	0
1	63
2	96
3	99
4	85
5	22
6	20
7	18
8	82
9	95
10	56
/

gamma(i)	Duedate
/
0	0
1	84
2	9
3	43
4	81
5	45
6	88
7	16
8	41
9	43
10	72
/

sigma(i)	Size
/
0	0
1	6
2	2
3	3
4	1
5	1
6	5
7	4
8	3
9	2
10	3
/

epsilon(i)	Priority
/
0	0
1	4
2	4
3	5
4	9
5	3
6	1
7	2
8	2
9	1
10	8
/

psi	Vehicle Capacity
/ 28 /
;

Table kappa(i,j)                 Setup
         0        1        2        3        4        5        6        7        8        9        10       
0        0        312      124      129      179      414      373      143      266      364      181      
1        312      0        209      183      161      439      387      456      47       52       344      
2        124      209      0        53       56       339      291      258      161      261      153      
3        129      183      53       0        71       389      340      272      137      235      205      
4        179      161      56       71       0        331      280      315      114      212      185      
5        414      439      339      389      331      0        52       469      410      473      238      
6        373      387      291      340      280      52       0        440      358      422      204      
7        143      456      258      272      315      469      440      0        409      507      236      
8        266      47       161      137      114      410      358      409      0        100      299      
9        364      52       261      235      212      473      422      507      100      0        394      
10       181      344      153      205      185      238      204      236      299      394      0        
;



Table delta(i,j)                 Distance
         0        1        2        3        4        5        6        7        8        9        10       
0        0        190      314      103      81       212      176      19       53       217      256      
1        190      0        129      157      203      245      79       201      158      79       65       
2        314      129      0        256      308      300      192      327      274      113      71       
3        103      157      256      0        53       119      189      123      51       144      216      
4        81       203      308      53       0        133      219      99       53       198      264      
5        212      245      300      119      133      0        297      231      167      193      286      
6        176      79       192      189      219      297      0        179      167      157      121      
7        19       201      327      123      99       231      179      0        72       233      267      
8        53       158      274      51       53       167      167      72       0        170      223      
9        217      79       113      144      198      193      157      233      170      0        94       
10       256      65       71       216      264      286      121      267      223      94       0        
;

