
sets
i        orders          /0*80/
k        routes          /1*80/
p        positions       /0*80/
;

alias(i,j)
alias(i,h)
alias(i,hh)
alias(i,jj)
alias(k,kk)
                
                    Parameters

rho(i)	Processing time
/
0	0
1	80
2	88
3	1
4	98
5	87
6	65
7	68
8	67
9	80
10	31
11	18
12	94
13	75
14	27
15	20
16	2
17	99
18	93
19	12
20	67
21	76
22	8
23	73
24	70
25	71
26	85
27	73
28	33
29	29
30	77
31	10
32	44
33	83
34	53
35	61
36	67
37	34
38	82
39	16
40	51
41	57
42	44
43	18
44	37
45	24
46	28
47	13
48	70
49	42
50	11
51	4
52	9
53	1
54	52
55	33
56	54
57	48
58	73
59	73
60	33
61	62
62	88
63	25
64	10
65	49
66	70
67	80
68	55
69	87
70	30
71	84
72	36
73	8
74	39
75	88
76	87
77	30
78	27
79	7
80	67
/

gamma(i)	Duedate
/
0	0
1	65
2	52
3	73
4	18
5	12
6	87
7	90
8	89
9	7
10	52
11	70
12	4
13	5
14	44
15	31
16	98
17	97
18	18
19	78
20	47
21	99
22	67
23	55
24	62
25	56
26	69
27	5
28	57
29	40
30	96
31	51
32	23
33	25
34	56
35	90
36	48
37	43
38	9
39	20
40	48
41	88
42	56
43	27
44	56
45	83
46	12
47	72
48	44
49	29
50	66
51	58
52	95
53	77
54	18
55	56
56	49
57	95
58	6
59	9
60	43
61	9
62	87
63	72
64	31
65	50
66	1
67	73
68	79
69	42
70	31
71	38
72	17
73	38
74	21
75	75
76	71
77	60
78	15
79	23
80	50
/

sigma(i)	Size
/
0	0
1	2
2	9
3	6
4	8
5	4
6	1
7	6
8	7
9	6
10	7
11	6
12	2
13	3
14	4
15	9
16	7
17	7
18	3
19	3
20	7
21	8
22	1
23	2
24	6
25	9
26	8
27	1
28	6
29	7
30	3
31	9
32	1
33	2
34	6
35	4
36	5
37	3
38	3
39	2
40	6
41	5
42	9
43	9
44	7
45	3
46	7
47	8
48	6
49	8
50	2
51	2
52	8
53	8
54	7
55	5
56	5
57	2
58	4
59	5
60	4
61	9
62	3
63	5
64	8
65	4
66	5
67	2
68	7
69	4
70	5
71	2
72	3
73	3
74	7
75	9
76	5
77	6
78	7
79	6
80	3
/

epsilon(i)	Priority
/
0	0
1	2
2	2
3	1
4	9
5	5
6	8
7	3
8	7
9	5
10	8
11	2
12	1
13	4
14	5
15	9
16	5
17	4
18	9
19	4
20	5
21	9
22	3
23	5
24	9
25	7
26	1
27	8
28	6
29	5
30	3
31	1
32	1
33	6
34	4
35	5
36	7
37	1
38	7
39	2
40	6
41	8
42	8
43	6
44	4
45	5
46	7
47	2
48	8
49	3
50	1
51	6
52	7
53	9
54	6
55	3
56	6
57	6
58	2
59	8
60	6
61	6
62	9
63	3
64	4
65	9
66	2
67	3
68	1
69	3
70	5
71	4
72	8
73	1
74	4
75	6
76	2
77	6
78	2
79	1
80	5
/

psi	Vehicle Capacity
/ 38 /
;

Table kappa(i,j)                 Setup
         0        1        2        3        4        5        6        7        8        9        10       11       12       13       14       15       16       17       18       19       20       21       22       23       24       25       26       27       28       29       30       31       32       33       34       35       36       37       38       39       40       41       42       43       44       45       46       47       48       49       50       51       52       53       54       55       56       57       58       59       60       61       62       63       64       65       66       67       68       69       70       71       72       73       74       75       76       77       78       79       80       
0        0        1152     1163     2036     905      797      1654     1631     2196     1984     446      1717     1510     958      1178     1657     699      1456     1361     631      485      445      1451     771      2402     1400     1793     1650     2487     437      1355     1868     963      1605     1695     1709     125      1393     1945     255      845      1049     2166     740      1768     1596     1820     1882     1730     1708     552      1995     2503     737      613      2131     1429     919      1864     1500     604      2114     1500     739      645      1004     1734     1480     598      1405     2170     1337     1911     2079     1008     552      2231     1146     1475     1883     1578     
1        1152     0        1972     1178     436      514      2083     599      1501     1934     1543     1759     1925     1638     1941     2234     1374     1787     824      1004     1535     1142     1904     396      1876     1566     650      2288     2156     1140     584      716      628      2098     832      1593     1171     1300     933      1320     836      1758     1405     932      619      1237     1152     800      2117     1381     1495     849      1992     448      1344     1590     1868     1695     728      497      1581     966      2027     1012     515      1576     678      969      568      259      1671     1990     1451     1798     1251     1291     1557     719      1445     1088     1432     
2        1163     1972     0        2297     1552     1459     732      2187     2245     1448     805      1198     673      348      81       584      598      758      1624     1794     720      1599     602      1715     2223     940      2593     529      2090     1591     1808     2622     2054     632      2067     1361     1270     1222     2398     1298     1186     237      2291     1898     2480     1554     1963     2439     825      1574     611      2772     2285     1714     641      2042     612      278      2525     2070     573      2789     531      977      1611     461      2290     1644     1461     2161     2027     292      1818     1745     866      704      2249     1489     1178     2126     1336     
3        2036     1178     2297     0        1151     1248     2001     610      408      1412     2273     1412     1886     1964     2232     2254     1829     1722     710      2131     2218     2208     1910     1486     859      1454     1136     2357     1268     2204     691      1042     1806     2075     358      1163     2111     1108     375      2272     1252     2061     269      2085     915      789      355      587      1982     845      2099     1148     966      1546     1859     647      1875     2083     814      683      2184     941      2061     1450     1561     1837     585      654      1490     1009     745      2159     690      1075     1436     1844     470      909      1207     172      1074     
4        905      436      1552     1151     0        112      1650     734      1375     1568     1222     1367     1492     1212     1517     1797     960      1356     560      1017     1194     1062     1468     414      1673     1147     1040     1852     1882     1058     460      1077     840      1662     799      1230     967      913      1040     1128     399      1332     1316     1001     945      931      995      991      1687     1073     1124     1224     1786     466      942      1385     1433     1279     1013     602      1212     1276     1590     581      440      1143     840      707      339      609      1449     1557     1201     1495     816      896      1420     374      1053     1012     1068     
5        797      514      1459     1248     112      0        1594     846      1453     1568     1109     1353     1435     1123     1427     1729     863      1307     623      954      1082     979      1408     397      1731     1113     1139     1778     1917     974      559      1181     833      1600     900      1234     864      910      1149     1025     344      1243     1402     952      1051     966      1072     1103     1637     1104     1015     1326     1842     440      840      1445     1373     1184     1123     715      1103     1385     1524     499      390      1062     952      765      256      709      1504     1477     1251     1523     759      792      1496     419      1043     1103     1075     
6        1654     2083     732      2001     1650     1594     0        2091     1828     812      1424     632      159      713      657      280      954      304      1462     2240     1327     2096     204      1954     1682     566      2612     402      1454     2088     1718     2607     2364     112      1874     868      1777     916      2208     1855     1253     662      1913     2316     2450     1213     1646     2311     93       1167     1171     2759     1719     1975     1040     1572     231      804      2455     2002     1180     2703     201      1120     1884     649      2179     1414     1710     2201     1528     439      1381     1178     835      1102     1814     1422     796      1842     928      
7        1631     599      2187     610      734      846      2091     0        984      1711     1954     1614     1948     1838     2137     2301     1629     1788     630      1595     1921     1710     1949     959      1408     1527     598      2382     1761     1708     383      546      1221     2137     326      1392     1680     1189     336      1838     1009     1952     864      1530     388      979      706      260      2100     1103     1838     690      1522     1017     1630     1144     1912     1932     364      131      1927     614      2093     1225     1058     1738     106      710      1038     400      1238     2125     1075     1469     1344     1595     1044     701      1327     568      1250     
8        2196     1501     2245     408      1375     1453     1828     984      0        1132     2363     1202     1738     1937     2172     2099     1860     1580     838      2389     2295     2433     1775     1756     453      1330     1539     2212     876      2428     944      1449     2120     1917     676      959      2287     1023     783      2445     1360     2018     146      2361     1317     695      381      994      1792     677      2157     1556     558      1815     1907     290      1744     2067     1221     1029     2235     1346     1924     1525     1810     1800     977      717      1708     1369     378      2062     446      754      1427     1906     62       1053     1078     419      924      
9        1984     1934     1448     1412     1568     1568     812      1711     1132     0        1923     275      791      1261     1367     1090     1361     690      1131     2445     1831     2374     856      1966     892      598      2301     1214     648      2367     1409     2258     2401     921      1416     341      2106     658      1710     2230     1261     1282     1248     2480     2099     733      1082     1868     745      609      1664     2400     915      2007     1443     847      839      1394     2061     1666     1710     2271     973      1264     1945     1131     1771     1012     1778     1955     778      1183     722      395      975      1482     1101     1218     531      1287     503      
10       446      1543     805      2273     1222     1109     1424     1954     2363     1923     0        1648     1304     715      842      1361     564      1297     1565     1049     97       827      1234     1187     2492     1325     2192     1327     2498     820      1630     2257     1409     1351     1957     1705     517      1431     2243     503      1021     765      2359     1169     2143     1701     2006     2212     1511     1785     262      2392     2582     1161     488      2246     1223     622      2226     1823     245      2484     1242     837      1062     814      2060     1655     974      1785     2266     1038     2014     2100     998      468      2388     1364     1472     2108     1605     
11       1717     1759     1198     1412     1367     1353     632      1614     1202     275      1648     0        570      991      1117     911      1086     442      998      2198     1555     2116     626      1749     1057     323      2185     1029     894      2108     1276     2155     2184     730      1347     249      1840     459      1665     1961     1029     1019     1296     2239     1996     650      1062     1800     590      567      1389     2303     1104     1787     1169     940      603      1125     1974     1550     1435     2203     760      1008     1718     859      1686     904      1547     1811     895      948      758      558      710      1208     1184     1042     315      1266     364      
12       1510     1925     673      1886     1492     1435     159      1948     1738     791      1304     570      0        588      593      368      811      164      1321     2089     1207     1950     73       1794     1628     434      2461     474      1439     1942     1572     2458     2206     190      1741     785      1635     786      2077     1719     1094     557      1814     2162     2302     1097     1532     2173     220      1066     1046     2611     1674     1815     898      1494     81       694      2311     1856     1063     2562     190      961      1725     508      2038     1282     1551     2047     1458     394      1291     1128     676      958      1728     1272     679      1724     821      
13       958      1638     348      1964     1212     1123     713      1838     1937     1261     715      991      588      0        305      701      288      594      1280     1571     618      1404     520      1406     1958     689      2251     706      1879     1396     1459     2277     1772     651      1722     1108     1079     917      2052     1146     839      120      1972     1660     2134     1242     1636     2091     797      1280     458      2428     2030     1411     358      1754     507      136      2177     1721     475      2441     544      633      1311     140      1941     1309     1151     1819     1749     389      1524     1505     527      424      1945     1141     899      1791     1053     
14       1178     1941     81       2232     1517     1427     657      2137     2172     1367     842      1117     593      305      0        527      575      677      1565     1806     752      1618     521      1698     2144     862      2556     485      2009     1610     1756     2582     2048     560      2008     1282     1289     1150     2341     1326     1143     186      2220     1906     2438     1482     1895     2388     750      1500     630      2732     2206     1699     628      1966     531      266      2479     2022     602      2743     456      938      1597     402      2239     1581     1443     2124     1950     220      1742     1665     806      692      2175     1437     1102     2061     1260     
15       1657     2234     584      2254     1797     1729     280      2301     2099     1090     1361     911      368      701      527      0        981      532      1679     2272     1269     2103     352      2061     1963     801      2796     124      1730     2095     1921     2800     2451     182      2105     1141     1776     1153     2441     1831     1398     610      2179     2360     2646     1465     1900     2531     348      1431     1131     2953     1999     2074     1058     1848     389      748      2662     2204     1118     2916     209      1234     1978     692      2394     1646     1809     2375     1806     324      1652     1458     987      1124     2087     1613     1047     2092     1188     
16       699      1374     598      1829     960      863      954      1629     1860     1361     564      1086     811      288      575      981      0        767      1123     1294     475      1141     751      1122     1947     762      2001     994      1935     1133     1261     2036     1484     910      1553     1142     823      882      1871     912      620      402      1875     1379     1898     1175     1526     1887     1030     1244     313      2184     2032     1125     88       1714     730      321      1953     1506     380      2217     808      403      1024     305      1735     1181     868      1570     1726     676      1481     1539     446      147      1877     953      911      1658     1049     
17       1456     1787     758      1722     1356     1307     304      1788     1580     690      1297     442      164      594      677      532      767      0        1160     2011     1201     1888     195      1677     1490     269      2309     636      1332     1880     1414     2303     2097     355      1577     636      1582     622      1912     1679     963      597      1653     2076     2146     933      1368     2010     330      906      1035     2455     1543     1702     855      1343     165      719      2152     1698     1065     2401     343      851      1616     483      1877     1118     1441     1898     1311     507      1135     998      550      909      1572     1119     515      1559     660      
18       1361     824      1624     710      560      623      1462     630      838      1131     1565     998      1321     1280     1565     1679     1123     1160     0        1575     1509     1600     1326     968      1113     897      1187     1765     1341     1594     279      1162     1376     1511     443      795      1449     559      777      1608     544      1386     805      1561     1002     413      459      851      1469     556      1388     1311     1226     1023     1149     825      1289     1391     995      553      1473     1241     1472     739      999      1163     717      150      880      824      890      1525     646      974      758      1133     877      215      700      543      641      
19       631      1004     1794     2131     1017     954      2240     1595     2389     2445     1049     2198     2089     1571     1806     2272     1294     2011     1575     0        1105     243      2036     645      2686     1902     1534     2272     2860     248      1452     1639     497      2204     1773     2133     533      1802     1931     576      1193     1669     2322     134      1587     1914     2011     1804     2309     2048     1183     1733     2797     585      1214     2399     2011     1544     1712     1480     1234     1920     2102     1191     579      1596     1681     1719     701      1252     2459     1956     2205     2458     1500     1148     2436     1373     1915     2010     1982     
20       485      1535     720      2218     1194     1082     1327     1921     2295     1831     97       1555     1207     618      752      1269     475      1201     1509     1105     0        892      1137     1192     2413     1233     2185     1238     2410     885      1587     2244     1442     1256     1910     1617     572      1350     2203     580      966      669      2296     1222     2126     1626     1943     2181     1414     1707     167      2383     2501     1171     404      2170     1126     526      2205     1791     151      2465     1146     773      1070     718      2028     1592     968      1771     2188     945      1938     2014     914      391      2318     1311     1386     2052     1521     
21       445      1142     1599     2208     1062     979      2096     1710     2433     2374     827      2116     1950     1404     1618     2103     1141     1888     1600     243      892      0        1892     753      2695     1807     1718     2094     2832     8        1518     1816     717      2049     1851     2078     329      1751     2044     337      1155     1494     2379     377      1749     1903     2051     1937     2170     2029     988      1921     2803     696      1056     2413     1869     1362     1867     1588     1029     2090     1945     1110     654      1446     1803     1737     724      1399     2465     1782     2207     2426     1406     993      2475     1388     1850     2074     1935     
22       1451     1904     602      1910     1468     1408     204      1949     1775     856      1234     626      73       520      521      352      751      195      1326     2036     1137     1892     0        1759     1680     455      2451     447      1503     1884     1570     2452     2166     194      1752     830      1575     804      2089     1655     1069     485      1847     2112     2297     1123     1557     2178     280      1100     978      2605     1730     1778     837      1537     37       622      2311     1853     992      2564     151      925      1686     446      2041     1295     1513     2033     1505     327      1330     1184     652      899      1768     1265     706      1745     854      
23       771      396      1715     1486     414      397      1954     959      1756     1966     1187     1749     1794     1406     1698     2061     1122     1677     968      645      1192     753      1759     0        2079     1500     1022     2096     2296     750      813      1103     435      1948     1128     1631     779      1307     1294     925      727      1524     1683     604      1015     1345     1382     1184     2003     1487     1179     1226     2192     59       1073     1790     1727     1437     1124     839      1260     1361     1863     834      125      1373     1051     1117     255      656      1858     1784     1613     1908     1127     1012     1806     788      1441     1368     1471     
24       2402     1876     2223     859      1673     1731     1682     1408     453      892      2492     1057     1628     1958     2144     1963     1947     1490     1113     2686     2413     2695     1680     2079     0        1284     1981     2084     446      2689     1294     1896     2473     1785     1086     862      2506     1065     1234     2657     1558     2016     598      2675     1760     805      725      1443     1626     706      2259     2007     116      2135     2010     289      1655     2094     1669     1435     2327     1799     1818     1679     2113     1817     1415     966      1987     1776     231      1996     491      505      1501     2024     392      1312     1058     842      906      
25       1400     1566     940      1454     1147     1113     566      1527     1330     598      1325     323      434      689      862      801      762      269      897      1902     1233     1807     455      1500     1284     0        2061     902      1192     1800     1158     2049     1930     625      1309     423      1524     352      1644     1641     772      735      1395     1952     1891     667      1101     1745     573      652      1067     2201     1349     1531     845      1108     421      825      1892     1442     1117     2138     606      711      1453     551      1614     849      1279     1659     1088     732      890      817      402      884      1327     874      253      1291     406      
26       1793     650      2593     1136     1040     1139     2612     598      1539     2301     2192     2185     2461     2251     2556     2796     2001     2309     1187     1534     2185     1718     2451     1022     1981     2061     0        2863     2353     1718     910      126      1055     2644     920      1974     1800     1741     768      1941     1418     2370     1405     1429     221      1567     1299     554      2632     1696     2142     204      2093     1063     1979     1730     2415     2320     332      636      2228     412      2587     1617     1147     2173     568      1290     1218     431      1826     2581     1673     2067     1811     1929     1601     1189     1885     1142     1826     
27       1650     2288     529      2357     1852     1778     402      2382     2212     1214     1327     1029     474      706      485      124      994      636      1765     2272     1238     2094     447      2096     2084     902      2863     0        1854     2085     2000     2872     2475     299      2196     1256     1765     1251     2533     1810     1455     603      2289     2365     2719     1569     2003     2616     472      1541     1110     3025     2121     2106     1064     1964     482      731      2740     2281     1087     2996     296      1280     2008     722      2476     1740     1842     2439     1924     317      1765     1580     1052     1131     2201     1688     1151     2193     1296     
28       2487     2156     2090     1268     1882     1917     1454     1761     876      648      2498     894      1439     1879     2009     1730     1935     1332     1341     2860     2410     2832     1503     2296     446      1192     2353     1854     0        2826     1574     2278     2715     1565     1435     793      2602     1094     1634     2742     1677     1913     1021     2869     2133     951      1055     1835     1382     813      2247     2400     388      2348     2010     627      1485     2014     2056     1764     2303     2209     1621     1748     2308     1743     1785     1192     2161     2098     529      1830     706      408      1506     2037     819      1508     1028     1216     909      
29       437      1140     1591     2204     1058     974      2088     1708     2428     2367     820      2108     1942     1396     1610     2095     1133     1880     1594     248      885      8        1884     750      2689     1800     1718     2085     2826     0        1514     1816     720      2041     1848     2071     321      1744     2041     331      1149     1486     2374     382      1748     1897     2046     1935     2162     2023     980      1921     2797     694      1048     2407     1861     1354     1866     1585     1021     2089     1937     1103     651      1438     1801     1731     720      1398     2459     1774     2201     2419     1399     985      2470     1383     1843     2070     1928     
30       1355     584      1808     691      460      559      1718     383      944      1409     1630     1276     1572     1459     1756     1921     1261     1414     279      1452     1587     1518     1570     813      1294     1158     910      2000     1574     1514     0        891      1181     1760     340      1074     1423     831      617      1585     642      1572     870      1417     733      682      577      631      1731     821      1489     1042     1410     872      1269     1007     1533     1556     740      284      1577     997      1712     858      875      1356     483      402      798      548      1087     1741     868      1228     961      1240     995      319      975      558      920      
31       1868     716      2622     1042     1077     1181     2607     546      1449     2258     2257     2155     2458     2277     2582     2800     2036     2303     1162     1639     2244     1816     2452     1103     1896     2049     126      2872     2278     1816     891      0        1167     2644     856      1937     1882     1720     669      2026     1439     2396     1311     1537     159      1525     1231     455      2622     1649     2193     152      2006     1147     2019     1653     2416     2353     228      608      2280     290      2591     1645     1226     2194     496      1253     1283     474      1750     2597     1609     2007     1821     1973     1511     1187     1863     1062     1793     
32       963      628      2054     1806     840      833      2364     1221     2120     2401     1409     2184     2206     1772     2048     2451     1484     2097     1376     497      1442     717      2166     435      2473     1930     1055     2475     2715     720      1181     1167     0        2350     1458     2066     912      1743     1550     1011     1160     1885     2030     378      1136     1768     1758     1394     2419     1911     1472     1250     2588     398      1421     2184     2135     1782     1268     1125     1542     1455     2260     1246     481      1759     1290     1526     656      837      2258     2159     2022     2333     1549     1355     2173     1212     1876     1712     1905     
33       1605     2098     632      2075     1662     1600     112      2137     1917     921      1351     730      190      651      560      182      910      355      1511     2204     1256     2049     194      1948     1785     625      2644     299      1565     2041     1760     2644     2350     0        1932     959      1727     977      2268     1797     1263     586      1997     2284     2488     1285     1720     2363     200      1249     1105     2797     1824     1966     993      1666     230      729      2500     2043     1106     2751     109      1115     1872     607      2228     1473     1700     2227     1625     340      1470     1281     846      1057     1904     1457     867      1913     1006     
34       1695     832      2067     358      799      900      1874     326      676      1416     1957     1347     1741     1722     2008     2105     1553     1577     443      1773     1910     1851     1752     1128     1086     1309     920      2196     1435     1848     340      856      1458     1932     0        1112     1764     957      337      1925     948      1829     573      1728     704      698      380      454      1871     807      1802     990      1202     1188     1572     819      1716     1831     647      353      1889     857      1901     1158     1203     1606     360      460      1136     694      912      1965     753      1151     1201     1549     735      603      1085     258      984      
35       1709     1593     1361     1163     1230     1234     868      1392     959      341      1705     249      785      1108     1282     1141     1142     636      795      2133     1617     2078     830      1631     862      423      1974     1256     793      2071     1074     1937     2066     959      1112     0        1827     331      1424     1961     940      1158     1048     2160     1778     414      814      1566     834      318      1455     2082     925      1675     1216     708      802      1244     1748     1338     1513     1970     974      972      1616     968      1459     684      1453     1619     675      1137     513      399      714      1244     945      877      235      1019     162      
36       125      1171     1270     2111     967      864      1777     1680     2287     2106     517      1840     1635     1079     1289     1776     823      1582     1449     533      572      329      1575     779      2506     1524     1800     1765     2602     321      1423     1882     912      1727     1764     1827     0        1509     2000     161      947      1166     2251     652      1791     1702     1908     1925     1854     1817     660      2004     2609     737      737      2232     1553     1033     1894     1550     703      2137     1621     855      656      1128     1781     1573     642      1429     2274     1454     2015     2194     1131     677      2324     1234     1594     1962     1694     
37       1393     1300     1222     1108     913      910      916      1189     1023     658      1431     459      786      917      1150     1153     882      622      559      1802     1350     1751     804      1307     1065     352      1741     1251     1094     1744     831      1720     1743     977      957      331      1509     0        1291     1647     609      995      1071     1829     1561     332      758      1398     915      366      1194     1870     1151     1349     946      840      769      1050     1553     1112     1262     1794     955      654      1288     779      1271     497      1123     1357     845      1055     608      686      436      963      1029     582      146      942      185      
38       1945     933      2398     375      1040     1149     2208     336      783      1710     2243     1665     2077     2052     2341     2441     1871     1912     777      1931     2203     2044     2089     1294     1234     1644     768      2533     1634     2041     617      669      1550     2268     337      1424     2000     1291     0        2160     1256     2160     643      1866     551      1016     629      214      2202     1109     2106     773      1341     1353     1884     1008     2052     2157     441      456      2194     577      2238     1470     1390     1939     261      794      1359     716      1106     2301     1008     1406     1535     1856     845      918      1415     431      1306     
39       255      1320     1298     2272     1128     1025     1855     1838     2445     2230     503      1961     1719     1146     1326     1831     912      1679     1608     576      580      337      1655     925      2657     1641     1941     1810     2742     331      1585     2026     1011     1797     1925     1961     161      1647     2160     0        1100     1222     2411     707      1940     1852     2067     2082     1936     1964     701      2145     2758     879      824      2385     1637     1083     2045     1709     725      2286     1689     994      804      1211     1939     1730     801      1579     2425     1507     2166     2334     1255     770      2481     1392     1726     2123     1832     
40       845      836      1186     1252     399      344      1253     1009     1360     1261     1021     1029     1094     839      1143     1398     620      963      544      1193     966      1155     1069     727      1558     772      1418     1455     1677     1149     642      1439     1160     1263     948      940      947      609      1256     1100     0        957      1343     1220     1295     755      991      1267     1293     875      854      1590     1661     761      628      1285     1034     924      1340     887      941      1604     1191     216      689      755      1115     643      518      988      1326     1164     1067     1271     417      601      1391     345      729      1086     788      
41       1049     1758     237      2061     1332     1243     662      1952     2018     1282     765      1019     557      120      186      610      402      597      1386     1669     669      1494     485      1524     2016     735      2370     603      1913     1486     1572     2396     1885     586      1829     1158     1166     995      2160     1222     957      0        2060     1763     2252     1324     1729     2204     752      1352     522      2547     2084     1528     465      1824     481      143      2294     1837     520      2557     476      752      1427     224      2055     1408     1269     1939     1814     288      1596     1551     628      531      2024     1253     962      1889     1119     
42       2166     1405     2291     269      1316     1402     1913     864      146      1248     2359     1296     1814     1972     2220     2179     1875     1653     805      2322     2296     2379     1847     1683     598      1395     1405     2289     1021     2374     870      1311     2030     1997     573      1048     2251     1071     643      2411     1343     2060     0        2287     1184     738      352      856      1882     748      2164     1415     701      1742     1916     422      1814     2099     1083     921      2244     1201     1997     1522     1745     1839     849      703      1654     1257     515      2122     538      880      1453     1910     206      1020     1142     317      993      
43       740      932      1898     2085     1001     952      2316     1530     2361     2480     1169     2239     2162     1660     1906     2360     1379     2076     1561     134      1222     377      2112     604      2675     1952     1429     2365     2869     382      1417     1537     378      2284     1728     2160     652      1829     1866     707      1220     1763     2287     0        1495     1918     1986     1728     2382     2056     1290     1625     2788     545      1302     2386     2085     1642     1623     1420     1345     1822     2185     1241     563      1677     1611     1709     709      1172     2451     2048     2201     2471     1552     1236     2410     1368     1948     1971     2005     
44       1768     619      2480     915      945      1051     2450     388      1317     2099     2143     1996     2302     2134     2438     2646     1898     2146     1002     1587     2126     1749     2297     1015     1760     1891     221      2719     2133     1748     733      159      1136     2488     704      1778     1791     1561     551      1940     1295     2252     1184     1495     0        1367     1082     338      2464     1492     2067     309      1871     1064     1885     1510     2260     2213     137      449      2155     346      2437     1503     1135     2047     348      1094     1174     362      1606     2448     1458     1854     1670     1841     1380     1032     1703     920      1634     
45       1596     1237     1554     789      931      966      1213     979      695      733      1701     650      1097     1242     1482     1465     1175     933      413      1914     1626     1903     1123     1345     805      667      1567     1569     951      1897     682      1525     1768     1285     698      414      1702     332      1016     1852     755      1324     738      1918     1367     0        434      1152     1197     144      1480     1669     906      1396     1229     545      1088     1372     1334     932      1554     1555     1274     876      1357     1105     1044     280      1213     1230     574      1386     316      566      735      1235     706      557      418      630      291      
46       1820     1152     1963     355      995      1072     1646     706      381      1082     2006     1062     1532     1636     1895     1900     1526     1368     459      2011     1943     2051     1557     1382     725      1101     1299     2003     1055     2046     577      1231     1758     1720     380      814      1908     758      629      2067     991      1729     352      1986     1082     434      0        804      1627     495      1812     1360     841      1440     1566     445      1522     1760     1015     715      1894     1200     1708     1169     1432     1506     735      351      1327     1055     535      1812     382      782      1112     1558     425      674      852      206      719      
47       1882     800      2439     587      991      1103     2311     260      994      1868     2212     1800     2173     2091     2388     2531     1887     2010     851      1804     2181     1937     2178     1184     1443     1745     554      2616     1835     1935     631      455      1394     2363     454      1566     1925     1398     214      2082     1267     2204     856      1728     338      1152     804      0        2313     1260     2098     565      1552     1240     1890     1208     2141     2187     227      389      2187     403      2324     1483     1290     1987     153      903      1285     558      1306     2367     1186     1586     1589     1855     1056     950      1530     620      1437     
48       1730     2117     825      1982     1687     1637     93       2100     1792     745      1511     590      220      797      750      348      1030     330      1469     2309     1414     2170     280      2003     1626     573      2632     472      1382     2162     1731     2622     2419     200      1871     834      1854     915      2202     1936     1293     752      1882     2382     2464     1197     1627     2313     0        1141     1256     2774     1658     2026     1117     1530     300      893      2464     2015     1267     2709     294      1172     1938     726      2185     1412     1763     2225     1481     532      1347     1121     878      1177     1775     1443     787      1827     908      
49       1708     1381     1574     845      1073     1104     1167     1103     677      609      1785     567      1066     1280     1500     1431     1244     906      556      2048     1707     2029     1100     1487     706      652      1696     1541     813      2023     821      1649     1911     1249     807      318      1817     366      1109     1964     875      1352     748      2056     1492     144      495      1260     1141     0        1554     1790     800      1537     1305     474      1068     1414     1451     1064     1625     1664     1250     977      1495     1141     1161     419      1348     1368     481      1384     244      422      798      1317     675      699      400      700      246      
