
sets
i        orders          /0*80/
k        routes          /1*80/
p        positions       /0*80/
;

alias(i,j)
alias(i,h)
alias(i,hh)
alias(i,jj)
alias(k,kk)
                
                    Parameters

rho(i)	Processing time
/
0	0
1	9
2	59
3	55
4	9
5	83
6	73
7	97
8	43
9	3
10	63
11	28
12	97
13	6
14	87
15	5
16	84
17	43
18	18
19	32
20	2
21	51
22	15
23	33
24	58
25	61
26	88
27	8
28	4
29	73
30	85
31	37
32	40
33	17
34	16
35	95
36	39
37	55
38	84
39	28
40	48
41	75
42	64
43	79
44	92
45	50
46	81
47	76
48	11
49	98
50	36
51	65
52	43
53	48
54	61
55	54
56	80
57	9
58	7
59	4
60	11
61	13
62	84
63	4
64	80
65	69
66	42
67	6
68	72
69	43
70	82
71	71
72	53
73	19
74	71
75	63
76	71
77	95
78	24
79	41
80	95
/

gamma(i)	Duedate
/
0	0
1	6
2	26
3	17
4	26
5	96
6	5
7	17
8	76
9	38
10	90
11	94
12	20
13	35
14	68
15	75
16	50
17	3
18	9
19	22
20	80
21	42
22	85
23	70
24	57
25	61
26	92
27	23
28	67
29	11
30	30
31	20
32	85
33	6
34	98
35	70
36	30
37	62
38	82
39	46
40	46
41	75
42	87
43	52
44	79
45	38
46	41
47	63
48	97
49	41
50	46
51	75
52	26
53	47
54	59
55	24
56	48
57	60
58	50
59	89
60	51
61	25
62	5
63	53
64	72
65	32
66	73
67	28
68	66
69	86
70	13
71	80
72	24
73	99
74	97
75	20
76	46
77	45
78	55
79	37
80	13
/

sigma(i)	Size
/
0	0
1	2
2	6
3	2
4	4
5	6
6	9
7	9
8	3
9	9
10	5
11	7
12	3
13	9
14	1
15	7
16	9
17	4
18	4
19	7
20	8
21	3
22	3
23	7
24	6
25	4
26	7
27	4
28	1
29	3
30	9
31	2
32	6
33	8
34	6
35	8
36	5
37	7
38	1
39	6
40	2
41	6
42	1
43	1
44	4
45	6
46	9
47	9
48	6
49	2
50	3
51	2
52	6
53	5
54	4
55	9
56	8
57	5
58	6
59	9
60	5
61	5
62	4
63	5
64	4
65	9
66	7
67	5
68	4
69	4
70	3
71	3
72	1
73	9
74	1
75	5
76	1
77	5
78	5
79	5
80	2
/

epsilon(i)	Priority
/
0	0
1	9
2	8
3	3
4	3
5	3
6	6
7	8
8	3
9	4
10	7
11	3
12	3
13	9
14	2
15	9
16	6
17	6
18	3
19	2
20	4
21	7
22	2
23	9
24	4
25	7
26	8
27	8
28	3
29	1
30	2
31	9
32	7
33	7
34	5
35	3
36	5
37	2
38	7
39	5
40	7
41	5
42	4
43	1
44	7
45	1
46	5
47	3
48	9
49	3
50	7
51	9
52	2
53	5
54	5
55	6
56	4
57	2
58	8
59	6
60	4
61	5
62	3
63	8
64	7
65	6
66	4
67	5
68	1
69	3
70	8
71	9
72	4
73	3
74	2
75	5
76	2
77	4
78	6
79	6
80	6
/

psi	Vehicle Capacity
/ 34 /
;

Table kappa(i,j)                 Setup
         0        1        2        3        4        5        6        7        8        9        10       11       12       13       14       15       16       17       18       19       20       21       22       23       24       25       26       27       28       29       30       31       32       33       34       35       36       37       38       39       40       41       42       43       44       45       46       47       48       49       50       51       52       53       54       55       56       57       58       59       60       61       62       63       64       65       66       67       68       69       70       71       72       73       74       75       76       77       78       79       80       
0        0        1534     1088     612      1145     428      1211     896      713      712      509      1303     1228     866      1231     1165     2239     1336     1780     365      590      687      2157     1397     896      531      1090     1214     635      1157     1587     1645     1609     303      1652     1220     958      107      694      287      318      2021     982      1276     202      1950     1427     1322     1019     1038     908      800      773      1509     1289     862      1735     1551     1417     411      1741     689      858      1069     453      1723     1500     312      1723     234      1360     570      771      1146     1090     2274     850      979      599      321      1831     
1        1534     0        2266     1031     2158     1608     330      700      821      1766     1546     292      2284     1090     1235     1752     2027     2136     2511     1650     1852     1802     2112     619      2325     1047     1701     552      1285     2419     1706     805      2789     1413     812      1039     1213     1527     1507     1820     1543     1779     557      591      1332     2945     1414     1784     628      1642     686      1100     2195     1702     1478     1836     1629     1127     175      1529     1556     2156     2349     1145     1982     2094     1818     1307     1604     1658     1581     2093     2175     1906     2078     1794     932      953      982      1610     2266     
2        1088     2266     0        1258     244      729      1947     1572     1546     501      1575     1978     206      1198     1284     754      1880     535      850      744      1522     475      1702     1841     1486     1286     741      2147     980      186      1263     1965     541      959      1969     1427     1125     1187     760      945      1384     1761     1744     1771     1203     867      1322     886      1948     762      1586     1174     484      1173     1132     442      1503     1661     2103     1480     1566     1308     679      1243     880      1109     1061     1382     1508     853      1113     1086     452      565      287      2097     1877     1355     1578     795      1118     
3        612      1031     1258     0        1190     577      702      332      310      757      917      758      1309     328      717      925      1766     1248     1680     624      1134     784      1732     787      1505     115      854      909      302      1399     1173     1033     1795     396      1040     648      476      659      527      863      793      1526     487      670      447      2017     942      1034     719      788      346      269      1167     1116     861      854      1257     974      883      841      1240     1301     1335     541      1010     1433     1163     566      1240     659      959      1173     1146     1014     1112     1734     757      388      469      588      1579     
4        1145     2158     244      1190     0        738      1850     1481     1493     459      1651     1866     127      1070     1095     535      1636     295      667      781      1641     463      1458     1689     1666     1239     536      2097     893      420      1026     1787     638      956      1790     1254     972      1250     664      1059     1458     1522     1663     1631     1224     834      1107     651      1903     570      1494     1058     682      938      920      336      1269     1461     1990     1553     1335     1475     898      1078     1028     867      820      1414     1276     917      890      1251     645      338      80       1860     1870     1219     1565     829      884      
5        428      1608     729      577      738      0        1279     909      834      287      936      1335     834      663      947      753      1882     909      1355     92       993      274      1777     1302     1185     576      681      1426     388      844      1217     1501     1270     229      1507     998      687      534      314      472      746      1684     1060     1201     486      1563     1105     916      1226     636      923      610      593      1132     941      435      1394     1313     1460     838      1416     969      781      817      554      1308     1103     676      1387     241      994      776      570      719      675      1967     1148     816      849      113      1408     
6        1211     330      1947     702      1850     1279     0        375      498      1445     1270     132      1975     795      1007     1474     1915     1849     2243     1320     1567     1479     1965     506      2027     716      1418     461      966      2096     1502     771      2475     1082     779      821      933      1210     1191     1494     1244     1660     228      415      1009     2652     1212     1526     422      1356     361      794      1864     1483     1242     1523     1468     995      211      1241     1407     1849     2019     887      1656     1867     1586     1001     1444     1328     1349     1775     1845     1615     1770     1737     711      676      685      1279     2035     
7        896      700      1572     332      1481     909      375      0        251      1071     1076     427      1605     453      753      1137     1762     1498     1908     956      1342     1104     1771     535      1763     370      1074     675      593      1721     1254     812      2102     724      820      604      607      918      819      1168     1000     1510     189      407      704      2292     980      1210     521      1011     13       437      1499     1218     962      1151     1274     877      550      1022     1233     1569     1664     599      1323     1580     1299     752      1253     980      1069     1466     1478     1262     1402     1658     690      377      503      918      1741     
8        713      821      1546     310      1493     834      498      251      0        1050     829      596      1610     584      943      1230     1979     1558     1990     857      1105     1070     1971     782      1543     259      1160     604      612      1676     1431     1062     2086     616      1070     822      745      713      835      998      768      1730     271      654      511      2323     1174     1330     410      1095     256      542      1396     1384     1126     1157     1480     1116     706      781      1447     1358     1535     774      1160     1722     1445     519      1460     844      1229     1277     1381     1324     1417     1896     477      568      253      812      1874     
9        712      1766     501      757      459      287      1445     1071     1050     0        1221     1480     565      717      887      528      1706     624      1069     349      1256     62       1576     1370     1384     792      468      1654     481      654      1040     1525     1037     498      1530     992      673      819      271      696      1030     1532     1242     1289     769      1292     992      697      1457     444      1084     684      570      949      808      150      1247     1270     1605     1123     1285     1174     800      802      725      1063     891      961      1244     501      833      961      535      449      391      1840     1412     876      1107     391      1147     
10       509      1546     1575     917      1651     936      1270     1076     829      1221     0        1391     1728     1235     1624     1656     2665     1845     2290     874      312      1196     2607     1611     805      803      1580     1082     1067     1620     2037     1888     2076     773      1896     1564     1362     402      1178     650      192      2433     1072     1483     514      2442     1840     1806     929      1524     1084     1170     1195     1966     1728     1371     2156     1888     1479     98       2147     682      1201     1450     779      2212     1975     350      2141     733      1811     729      1203     1651     1598     2651     649      1302     590      830      2328     
11       1303     292      1978     758      1866     1335     132      427      596      1480     1391     0        1992     797      959      1461     1821     1844     2223     1383     1685     1517     1883     399      2137     790      1409     578      999      2134     1443     650      2498     1150     658      766      921      1310     1217     1582     1357     1567     327      330      1104     2653     1151     1498     554      1350     413      808      1926     1432     1200     1545     1390     903      125      1358     1324     1954     2090     858      1741     1821     1542     1111     1365     1404     1305     1871     1905     1613     1786     1628     843      661      803      1345     1992     
12       1228     2284     206      1309     127      834      1975     1605     1610     565      1728     1992     0        1197     1218     650      1714     354      644      868      1699     561      1526     1815     1687     1354     657      2214     1014     347      1124     1911     511      1058     1914     1380     1099     1331     786      1117     1535     1613     1785     1758     1320     729      1222     755      2019     694      1618     1184     687      1038     1037     455      1369     1581     2116     1632     1439     1505     886      1205     1068     927      913      1507     1377     996      1001     1282     654      452      207      1954     1977     1346     1672     918      922      
13       866      1090     1198     328      1070     663      795      453      584      717      1235     797      1197     0        390      685      1438     1054     1456     742      1430     765      1405     655      1758     443      624      1125     275      1365     852      837      1705     583      843      354      161      936      445      1068     1096     1200     641      573      739      1858     614      759      958      562      463      66       1238     800      542      758      929      685      920      1154     914      1545     1441     215      1191     1140     862      884      913      835      645      1387     1209     820      990      1421     1059     160      788      726      1297     
14       1231     1235     1284     717      1095     947      1007     753      943      887      1624     959      1218     390      0        583      1049     972      1292     1037     1808     947      1027     652      2106     833      561      1414     598      1468     502      694      1723     933      697      196      273      1309     650      1399     1480     810      924      644      1122     1776     230      564      1274     526      758      453      1455     476      244      860      541      384      1061     1542     523      1890     1679     175      1500     862      583      1274     523      1158     346      1715     1421     774      1021     1043     1420     378      1167     1035     1032     
15       1165     1752     754      925      535      753      1474     1137     1230     528      1656     1461     650      685      583      0        1186     392      771      838      1745     585      1048     1217     1911     1014     76       1805     640      941      528      1277     1145     882      1279     762      541      1268     477      1212     1475     1030     1326     1182     1152     1203     572      168      1629     138      1148     703      1055     436      386      415      758      932      1577     1560     814      1699     1290     611      1253     558      363      1344     760      993      358      1488     1017     198      470      1356     1679     801      1380     866      676      
16       2239     2027     1880     1766     1636     1882     1915     1762     1979     1706     2665     1821     1714     1438     1049     1186     0        1360     1331     1974     2828     1766     232      1424     3067     1882     1238     2368     1608     2055     668      1231     2089     1935     1225     1159     1303     2328     1570     2354     2512     254      1906     1499     2156     1893     825      1022     2263     1264     1764     1500     2239     757      950      1601     509      919      1879     2580     531      2851     2474     1224     2420     804      830      2318     525      2119     888      2652     2201     1335     1599     387      2449     1411     2212     1989     887      
17       1336     2136     535      1248     295      909      1849     1498     1558     624      1845     1844     354      1054     972      392      1360     0        449      973      1872     654      1172     1609     1938     1319     435      2151     946      699      787      1662     785      1100     1664     1154     922      1443     733      1297     1654     1266     1686     1573     1378     812      927      440      1966     493      1509     1060     971      707      757      474      1034     1304     1962     1747     1110     1741     1192     1002     1288     575      572      1572     1044     1123     698      1518     934      235      291      1608     1978     1182     1672     1015     590      
18       1780     2511     850      1680     667      1355     2243     1908     1990     1069     2290     2223     644      1456     1292     771      1331     449      0        1416     2303     1095     1107     1945     2329     1758     834      2573     1382     956      946      1947     804      1549     1947     1487     1310     1887     1177     1723     2098     1322     2097     1929     1827     567      1178     729      2394     899      1919     1472     1331     896      1051     920      1168     1560     2335     2192     1259     2141     1529     1365     1695     562      750      2021     1186     1563     961      1917     1298     670      702      1657     2421     1567     2115     1459     444      
19       365      1650     744      624      781      92       1320     956      857      349      874      1383     868      742      1037     838      1974     973      1416     0        912      321      1868     1371     1092     607      768      1438     467      841      1309     1578     1280     241      1584     1082     774      472      406      380      682      1776     1096     1267     458      1595     1198     1004     1237     725      969      686      544      1223     1034     499      1487     1400     1506     776      1509     877      714      903      463      1392     1192     640      1479     155      1086     683      526      793      724      2059     1137     890      845      51       1487     
20       590      1852     1522     1134     1641     993      1567     1342     1105     1256     312      1685     1699     1430     1808     1745     2828     1872     2303     912      0        1218     2747     1875     496      1028     1672     1394     1221     1532     2178     2145     1981     893      2153     1776     1537     500      1281     582      344      2607     1361     1748     691      2382     2012     1906     1240     1623     1351     1363     1084     2099     1878     1405     2322     2106     1778     326      2324     402      1033     1641     652      2301     2087     590      2310     757      1950     517      1102     1705     1601     2849     961      1521     882      880      2400     
21       687      1802     475      784      463      274      1479     1104     1070     62       1196     1517     561      765      947      585      1766     654      1095     321      1218     0        1634     1420     1331     811      528      1672     519      617      1100     1580     1016     497      1585     1048     729      794      321      651      1004     1593     1272     1336     760      1290     1054     754      1474     505      1118     729      509      1010     870      189      1309     1330     1643     1098     1347     1122     738      858      671      1113     949      950      1306     468      895      906      474      495      403      1902     1416     925      1113     367      1192     
22       2157     2112     1702     1732     1458     1777     1965     1771     1971     1576     2607     1883     1526     1405     1027     1048     232      1172     1107     1868     2747     1634     0        1495     2954     1845     1109     2407     1540     1871     570      1338     1878     1855     1333     1169     1257     2251     1470     2247     2444     363      1930     1555     2094     1665     797      880      2286     1144     1775     1462     2086     648      879      1459     500      984      1954     2518     559      2740     2320     1199     2299     601      685      2265     523      2018     797      2534     2048     1176     1427     608      2447     1404     2192     1887     665      
23       1397     619      1841     787      1689     1302     506      535      782      1370     1611     399      1815     655      652      1217     1424     1609     1945     1371     1875     1420     1495     0        2283     868      1180     967      919      2013     1094     284      2327     1170     292      458      718      1433     1099     1649     1532     1171     579      128      1218     2420     804      1217     906      1130     527      696      1888     1098     894      1398     1010     511      458      1557     938      2083     2083     612      1791     1493     1224     1285     985      1435     991      1960     1860     1394     1609     1231     1161     495      1031     1345     1665     
24       896      2325     1486     1505     1666     1185     2027     1763     1543     1384     805      2137     1687     1758     2106     1911     3067     1938     2329     1092     496      1331     2954     2283     0        1415     1846     1886     1509     1435     2400     2539     1844     1177     2546     2113     1834     849      1499     714      783      2868     1810     2159     1065     2287     2284     2079     1725     1810     1774     1692     1002     2314     2126     1517     2579     2443     2239     801      2597     216      849      1953     660      2444     2272     1026     2571     953      2179     424      1034     1821     1648     3143     1454     1876     1344     1082     2512     
25       531      1047     1286     115      1239     576      716      370      259      792      803      790      1354     443      833      1014     1882     1319     1758     607      1028     811      1845     868      1415     0        941      862      377      1416     1285     1125     1827     366      1133     761      589      565      588      798      685      1642     490      746      350      2071     1058     1131     665      876      383      383      1150     1226     972      903      1373     1086     911      729      1355     1214     1302     657      953      1534     1267     453      1356     614      1068     1100     1133     1088     1163     1849     665      499      367      564      1677     
26       1090     1701     741      854      536      681      1418     1074     1160     468      1580     1409     657      624      561      76       1238     435      834      768      1672     528      1109     1180     1846     941      0        1739     565      928      574      1256     1162     806      1258     731      488      1193     401      1143     1399     1072     1263     1139     1076     1247     581      235      1561     65       1085     638      1010     483      391      368      793      925      1527     1484     843      1633     1245     569      1190     633      425      1267     794      922      383      1425     973      214      464      1391     1606     748      1306     794      752      
27       1214     552      2147     909      2097     1426     461      675      604      1654     1082     578      2214     1125     1414     1805     2368     2151     2573     1438     1394     1672     2407     967      1886     862      1739     0        1211     2271     1916     1228     2688     1200     1237     1244     1282     1174     1436     1498     1127     2113     491      873      1023     2926     1633     1885     201      1674     666      1102     1961     1886     1634     1761     1907     1450     583      1088     1853     1742     2071     1270     1663     2255     1973     927      1884     1396     1741     1724     1951     1915     2020     2199     433      1048     615      1390     2416     
28       635      1285     980      302      893      388      966      593      612      481      1067     999      1014     275      598      640      1608     946      1382     467      1221     519      1540     919      1509     377      565      1211     0        1135     969      1112     1509     335      1118     617      325      720      228      806      905      1386     770      825      553      1716     791      766      1021     501      606      223      968      898      662      559      1101     941      1124     977      1105     1294     1167     445      921      1173     917      731      1089     568      743      1125     942      713      814      1639     1042     428      740      454      1309     
29       1157     2419     186      1399     420      844      2096     1721     1676     654      1620     2134     347      1365     1468     941      2055     699      956      841      1532     617      1871     2013     1435     1416     928      2271     1135     0        1446     2145     455      1072     2149     1607     1300     1249     922      973      1434     1942     1887     1939     1295     858      1509     1070     2070     948      1735     1337     450      1357     1319     617      1688     1846     2259     1530     1751     1275     593      1421     879      1273     1241     1463     1693     926      1299     1060     429      750      472      2280     1977     1524     1686     892      1268     
30       1587     1706     1263     1173     1026     1217     1502     1254     1431     1040     2037     1443     1124     852      502      528      668      787      946      1309     2178     1100     570      1094     2400     1285     574      1916     969      1446     0        1031     1569     1285     1030     680      697      1681     906      1689     1874     502      1427     1117     1523     1494     292      377      1775     596      1260     904      1583     91       312      941      246      636      1535     1947     325      2185     1818     659      1752     414      217      1697     257      1455     227      1984     1545     699      975      834      1908     877      1640     1325     584      
31       1645     805      1965     1033     1787     1501     771      812      1062     1525     1888     650      1911     837      694      1277     1231     1662     1947     1578     2145     1580     1338     284      2539     1125     1256     1228     1112     2145     1031     0        2418     1397     8        538      852      1690     1261     1883     1801     989      863      410      1475     2458     769      1238     1183     1217     805      892      2071     1059     909      1528     889      395      674      1831     803      2334     2278     726      2017     1445     1200     1556     864      1659     988      2199     2041     1468     1711     990      1444     687      1313     1558     1616     
32       1609     2789     541      1795     638      1270     2475     2102     2086     1037     2076     2498     511      1705     1723     1145     2089     785      804      1280     1981     1016     1878     2327     1844     1827     1162     2688     1509     455      1569     2418     0        1500     2420     1889     1610     1703     1283     1428     1889     2030     2278     2269     1738     462      1707     1224     2489     1203     2115     1689     896      1491     1529     952      1815     2077     2622     1985     1893     1702     995      1716     1328     1285     1352     1911     1826     1376     1480     1495     880      950      718      2374     2416     1857     2119     1331     1219     
33       303      1413     959      396      956      229      1082     724      616      498      773      1150     1058     583      933      882      1935     1100     1549     241      893      497      1855     1170     1177     366      806      1200     335      1072     1285     1397     1500     0        1404     937      660      396      405      487      595      1718     857      1059     278      1787     1124     1033     999      750      737      519      783      1208     985      636      1432     1266     1273     678      1438     963      940      776      621      1439     1206     473      1420     264      1058     805      766      890      889      1975     920      713      619      197      1556     
34       1652     812      1969     1040     1790     1507     779      820      1070     1530     1896     658      1914     843      697      1279     1225     1664     1947     1584     2153     1585     1333     292      2546     1133     1258     1237     1118     2149     1030     8        2420     1404     0        542      857      1698     1266     1890     1809     984      872      418      1483     2459     768      1239     1191     1220     813      898      2076     1058     910      1532     886      393      682      1839     799      2341     2284     730      2024     1443     1199     1564     860      1666     988      2206     2046     1471     1714     983      1453     694      1321     1565     1615     
35       1220     1039     1427     648      1254     998      821      604      822      992      1564     766      1380     354      196      762      1159     1154     1487     1082     1776     1048     1169     458      2113     761      731      1244     617      1607     680      538      1889     937      542      0        320      1287     732      1421     1438     908      761      448      1085     1963     391      758      1116     686      607      420      1547     665      441      990      670      331      865      1489     628      1900     1762     190      1539     1056     779      1214     648      1185     542      1740     1515     945      1177     1088     1290     263      1062     1071     1227     
36       958      1213     1125     476      972      687      933      607      745      673      1362     921      1099     161      273      541      1303     922      1310     774      1537     729      1257     718      1834     589      488      1282     325      1300     697      852      1610     660      857      320      0        1038     412      1129     1213     1072     795      660      855      1733     478      602      1118     429      617      207      1226     641      385      683      793      625      1039     1277     788      1619     1442     131      1236     979      701      1015     778      889      485      1446     1195     694      892      1315     1219     260      943      769      1137     
37       107      1527     1187     659      1250     534      1210     918      713      819      402      1310     1331     936      1309     1268     2328     1443     1887     472      500      794      2251     1433     849      565      1193     1174     720      1249     1681     1690     1703     396      1698     1287     1038     0        795      330      211      2107     985      1310     215      2051     1512     1424     983      1140     929      869      851      1604     1379     969      1822     1618     1419     304      1824     651      914      1144     493      1826     1600     248      1810     335      1454     566      852      1252     1196     2352     789      1038     564      428      1936     
38       694      1507     760      527      664      314      1191     819      835      271      1178     1217     786      445      650      477      1570     733      1177     406      1281     321      1470     1099     1499     588      401      1436     228      922      906      1261     1283     405      1266     732      412      795      0        785      999      1370     998      1018     676      1489     794      629      1245     345      832      415      814      823      627      331      1080     1028     1343     1083     1103     1283     1032     543      864      1033     806      868      1073     549      682      1089     782      507      586      1655     1244     605      938      419      1152     
39       287      1820     945      863      1059     472      1494     1168     998      696      650      1582     1117     1068     1399     1212     2354     1297     1723     380      582      651      2247     1649     714      798      1143     1498     806      973      1689     1883     1428     487      1890     1421     1129     330      785      0        472      2154     1266     1533     489      1810     1571     1378     1304     1103     1180     1005     544      1603     1412     840      1865     1747     1699     564      1884     497      584      1252     165      1758     1569     578      1857     240      1466     319      553      1145     1021     2431     1119     1201     884      367      1843     
40       318      1543     1384     793      1458     746      1244     1000     768      1030     192      1357     1535     1096     1480     1475     2512     1654     2098     682      344      1004     2444     1532     783      685      1399     1127     905      1434     1874     1801     1889     595      1809     1438     1213     211      999      472      0        2285     1030     1406     357      2250     1690     1628     953      1345     1010     1030     1016     1799     1568     1180     2004     1767     1456     96       2001     617      1042     1310     614      2032     1801     248      1990     540      1647     608      1022     1463     1405     2517     708      1181     561      639      2145     
41       2021     1779     1761     1526     1522     1684     1660     1510     1730     1532     2433     1567     1613     1200     810      1030     254      1266     1322     1776     2607     1593     363      1171     2868     1642     1072     2113     1386     1942     502      989      2030     1718     984      908      1072     2107     1370     2154     2285     0        1652     1245     1928     1889     595      878      2009     1088     1512     1264     2083     593      742      1441     289      665      1628     2350     286      2652     2318     985      2230     762      701      2084     298      1916     698      2459     2045     1200     1474     343      2198     1164     1966     1786     887      
42       982      557      1744     487      1663     1060     228      189      271      1242     1072     327      1785     641      924      1326     1906     1686     2097     1096     1361     1272     1930     579      1810     490      1263     491      770      1887     1427     863      2278     857      872      761      795      985      998      1266     1030     1652     0        457      782      2478     1146     1397     357      1199     178      626      1640     1395     1142     1330     1430     1000     435      1035     1381     1628     1791     778      1427     1763     1481     784      1407     1100     1249     1548     1622     1450     1583     1773     582      556      482      1055     1926     
43       1276     591      1771     670      1631     1201     415      407      654      1289     1483     330      1758     573      644      1182     1499     1573     1929     1267     1748     1336     1555     128      2159     746      1139     873      825      1939     1117     410      2269     1059     418      448      660      1310     1018     1533     1406     1245     457      0        1095     2385     824      1199     795      1085     399      607      1792     1110     888      1329     1060     580      419      1429     996      1960     1981     570      1678     1503     1227     1158     1036     1324     990      1842     1766     1350     1551     1330     1040     415      903      1239     1674     
44       202      1332     1203     447      1224     486      1009     704      511      769      514      1104     1320     739      1122     1152     2156     1378     1827     458      691      760      2094     1218     1065     350      1076     1023     553      1295     1523     1475     1738     278      1483     1085     855      215      676      489      357      1928     782      1095     0        2049     1333     1298     825      1018     716      673      944      1452     1215     911      1647     1415     1217     424      1643     866      1049     952      653      1706     1463     194      1633     378      1297     767      936      1168     1160     2160     684      831      409      407      1828     
45       1950     2945     867      2017     834      1563     2652     2292     2323     1292     2442     2653     729      1858     1776     1203     1893     812      567      1595     2382     1290     1665     2420     2287     2071     1247     2926     1716     858      1494     2458     462      1787     2459     1963     1733     2051     1489     1810     2250     1889     2478     2385     2049     0        1699     1219     2734     1303     2305     1858     1307     1434     1549     1168     1725     2084     2772     2347     1814     2133     1437     1814     1731     1128     1286     2235     1742     1716     1473     1918     1284     1039     908      2224     2704     1992     2399     1645     1008     
46       1427     1414     1322     942      1107     1105     1212     980      1174     992      1840     1151     1222     614      230      572      825      927      1178     1198     2012     1054     797      804      2284     1058     581      1633     791      1509     292      769      1707     1124     768      391      478      1512     794      1571     1690     595      1146     824      1333     1699     0        488      1499     570      985      675      1561     295      190      932      315      384      1243     1756     314      2068     1793     403      1658     689      431      1492     300      1331     229      1881     1525     769      1041     861      1650     608      1397     1203     862      
47       1322     1784     886      1034     651      916      1526     1210     1330     697      1806     1498     755      759      564      168      1022     440      729      1004     1906     754      880      1217     2079     1131     235      1885     766      1070     377      1238     1224     1033     1239     758      602      1424     629      1378     1628     878      1397     1199     1298     1219     488      0        1717     283      1220     790      1216     287      329      580      618      868      1608     1711     684      1867     1451     640      1421     408      195      1486     624      1157     258      1657     1178     322      598      1211     1792     851      1498     1029     545      
48       1019     628      1948     719      1903     1226     422      521      410      1457     929      554      2019     958      1274     1629     2263     1966     2394     1237     1240     1474     2286     906      1725     665      1561     201      1021     2070     1775     1183     2489     999      1191     1116     1118     983      1245     1304     953      2009     357      795      825      2734     1499     1717     0        1495     515      928      1761     1739     1483     1567     1787     1355     601      924      1739     1571     1874     1120     1470     2097     1816     740      1764     1196     1589     1540     1750     1731     1827     2123     305      899      420      1189     2255     
49       1038     1642     762      788      570      636      1356     1011     1095     444      1524     1350     694      562      526      138      1264     493      899      725      1623     505      1144     1130     1810     876      65       1674     501      948      596      1217     1203     750      1220     686      429      1140     345      1103     1345     1088     1199     1085     1018     1303     570      283      1495     0        1022     574      1000     507      380      363      804      898      1469     1428     847      1596     1234     518      1157     688      466      1208     802      878      391      1391     963      265      495      1400     1541     689      1241     748      812      
