
sets
i        orders          /0*10/
k        routes          /1*10/
p        positions       /0*10/
;

alias(i,j)
alias(i,h)
alias(i,hh)
alias(i,jj)
alias(k,kk)
                
                    Parameters

rho(i)	Processing time
/
0	0
1	28
2	87
3	16
4	33
5	83
6	21
7	25
8	86
9	79
10	40
/

gamma(i)	Duedate
/
0	0
1	48
2	33
3	52
4	29
5	74
6	78
7	8
8	83
9	64
10	6
/

sigma(i)	Size
/
0	0
1	8
2	3
3	7
4	1
5	2
6	6
7	8
8	4
9	8
10	8
/

epsilon(i)	Priority
/
0	0
1	3
2	7
3	6
4	8
5	6
6	1
7	1
8	4
9	1
10	9
/

psi	Vehicle Capacity
/ 12 /
;

Table kappa(i,j)                 Setup
         0        1        2        3        4        5        6        7        8        9        10       
0        0        179      170      68       67       168      129      168      137      176      34       
1        179      0        26       115      112      113      149      205      128      81       185      
2        170      26       0        112      103      87       125      179      103      103      172      
3        68       115      112      0        27       140      126      181      122      109      87       
4        67       112      103      27       0        116      98       153      95       125      75       
5        168      113      87       140      116      0        59       99       37       183      153      
6        129      149      125      126      98       59       0        58       24       203      105      
7        168      205      179      181      153      99       58       0        76       261      138      
8        137      128      103      122      95       37       24       76       0        187      118      
9        176      81       103      109      125      183      203      261      187      0        196      
10       34       185      172      87       75       153      105      138      118      196      0        
;



Table delta(i,j)                 Distance
         0        1        2        3        4        5        6        7        8        9        10       
0        0        117      81       157      105      56       94       144      47       66       141      
1        117      0        43       103      66       157      104      34       116      51       91       
2        81       43       0        92       40       115      104      63       94       21       77       
3        157      103      92       0        53       163      196      84       184      113      16       
4        105      66       40       53       0        122      144      65       130      60       37       
5        56       157      115      163      122      0        151      178      101      108      149      
6        94       104      104      196      144      151      0        139      52       84       181      
7        144      34       63       84       65       178      139      0        149      79       76       
8        47       116      94       184      130      101      52       149      0        73       168      
9        66       51       21       113      60       108      84       79       73       0        98       
10       141      91       77       16       37       149      181      76       168      98       0        
;

