

sets
i        orders          /0*40/
k        routes          /1*40/
p        positions       /0*40/
;

alias(i,j)
alias(i,h)
alias(i,hh)
alias(i,jj)
alias(k,kk)
                            Parameters

rho(i)	Processing time
/
0	0
1	2
2	9
3	51
4	36
5	56
6	66
7	41
8	27
9	71
10	76
11	88
12	80
13	10
14	40
15	70
16	80
17	92
18	27
19	20
20	61
21	38
22	84
23	21
24	92
25	7
26	96
27	7
28	61
29	61
30	37
31	86
32	93
33	89
34	92
35	83
36	1
37	33
38	37
39	42
40	41
/

gamma(i)	Duedate
/
0	0
1	76
2	45
3	79
4	80
5	5
6	34
7	44
8	33
9	53
10	86
11	91
12	60
13	15
14	91
15	46
16	12
17	52
18	54
19	9
20	9
21	82
22	98
23	65
24	45
25	4
26	35
27	96
28	89
29	24
30	88
31	19
32	23
33	6
34	58
35	13
36	39
37	74
38	75
39	12
40	96
/

sigma(i)	Size
/
0	0
1	1
2	6
3	9
4	4
5	9
6	5
7	2
8	4
9	4
10	7
11	3
12	5
13	9
14	6
15	5
16	7
17	5
18	6
19	9
20	7
21	7
22	5
23	5
24	9
25	9
26	8
27	4
28	5
29	9
30	2
31	1
32	2
33	9
34	1
35	7
36	2
37	1
38	2
39	4
40	7
/

epsilon(i)	Priority
/
0	0
1	4
2	2
3	7
4	1
5	5
6	4
7	8
8	8
9	9
10	9
11	7
12	7
13	9
14	8
15	7
16	6
17	3
18	6
19	3
20	2
21	2
22	9
23	8
24	8
25	3
26	5
27	5
28	5
29	4
30	7
31	2
32	5
33	6
34	6
35	1
36	5
37	5
38	8
39	1
40	8
/

psi	Vehicle Capacity
/ 37 /
;

Table kappa(i,j)                 Setup
         0        1        2        3        4        5        6        7        8        9        10       11       12       13       14       15       16       17       18       19       20       21       22       23       24       25       26       27       28       29       30       31       32       33       34       35       36       37       38       39       40       
0        0        3443     2546     3198     2883     4667     2495     4147     3100     4429     706      2834     4805     3637     2590     1934     3357     4630     3071     1133     3521     2563     2062     1993     1045     2870     2087     3997     3328     4376     3842     406      4026     3482     4086     3575     1455     3571     4918     1453     1718     
1        3443     0        2238     901      2109     1240     1597     881      2884     992      2777     1359     1405     2266     2453     1553     2006     1384     987      2614     2970     1879     1523     1707     2528     3122     1922     1647     694      1069     1791     3065     916      974      660      1556     2122     1394     1505     2326     1874     
2        2546     2238     0        2739     363      3075     2742     3116     788      2922     1915     2820     3112     1104     218      1929     871      2750     1291     2536     1104     359      2151     980      2307     901      2684     1712     1651     2627     1469     2375     3147     1567     2815     1295     2203     3329     3240     2506     1179     
3        3198     901      2739     0        2714     1896     867      1046     3478     1645     2631     532      2102     3034     2956     1299     2739     2209     1690     2179     3646     2392     1137     1933     2174     3639     1286     2526     1509     1888     2639     2794     866      1816     1194     2374     1750     592      2169     1848     1975     
4        2883     2109     363      2714     0        2828     2830     2969     776      2695     2233     2863     2847     753      467      2069     507      2460     1125     2787     955      404      2275     1160     2566     1037     2827     1370     1465     2365     1116     2690     3025     1325     2637     969      2415     3305     2974     2723     1404     
5        4667     1240     3075     1896     2828     0        2735     984      3531     255      3988     2427     218      2643     3264     2793     2513     600      1822     3852     3469     2748     2757     2821     3768     3858     3109     1731     1468     483      2007     4296     1218     1509     702      1943     3361     2119     274      3558     3034     
6        2495     1597     2742     867      2830     2735     0        1913     3528     2480     2036     364      2932     3330     2942     864      3005     2978     2045     1398     3785     2446     626      1785     1450     3594     439      3041     2008     2660     3080     2090     1725     2311     2038     2784     1060     1084     3009     1060     1696     
7        4147     881      3116     1046     2969     984      1913     0        3738     779      3523     1567     1202     3032     3330     2212     2808     1474     1844     3191     3789     2758     2105     2560     3157     3993     2331     2263     1510     1192     2475     3750     235      1727     415      2297     2732     1144     1233     2869     2697     
8        3100     2884     788      3478     776      3531     3528     3738     0        3420     2548     3595     3524     1017     607      2717     1025     3104     1898     3265     430      1096     2940     1767     3030     406      3470     1917     2229     3054     1626     3002     3800     2057     3395     1596     2967     4070     3650     3265     1948     
9        4429     992      2922     1645     2695     255      2480     779      3420     0        3754     2174     457      2575     3118     2544     2417     705      1646     3600     3388     2585     2504     2609     3520     3732     2853     1696     1286     469      1955     4055     1007     1370     453      1854     3111     1892     530      3305     2813     
10       706      2777     1915     2631     2233     3988     2036     3523     2548     3754     0        2337     4119     2981     1992     1333     2688     3930     2364     914      2953     1888     1506     1287     703      2381     1687     3296     2627     3682     3149     460      3421     2776     3430     2877     984      3068     4234     1122     1012     
11       2834     1359     2820     532      2863     2427     364      1567     3595     2174     2337     0        2631     3292     3029     1071     2976     2715     1964     1753     3816     2499     851      1908     1789     3700     803      2904     1864     2394     2976     2427     1371     2175     1725     2691     1383     737      2701     1416     1870     
12       4805     1405     3112     2102     2847     218      2932     1202     3524     457      4119     2631     0        2604     3294     2953     2500     473      1891     4019     3436     2797     2929     2924     3927     3865     3299     1674     1549     485      1959     4441     1437     1548     910      1928     3525     2336     127      3731     3149     
13       3637     2266     1104     3034     753      2643     3330     3032     1017     2575     2981     3292     2604     0        1133     2661     331      2156     1345     3484     835      1103     2839     1834     3272     1416     3401     939      1571     2160     646      3436     3143     1308     2646     735      3078     3607     2724     3385     2103     
14       2590     2453     218      2956     467      3264     2942     3330     607      3118     1992     3029     3294     1133     0        2118     953      2918     1498     2667     970      577      2344     1166     2435     683      2868     1837     1855     2809     1578     2451     3364     1755     3023     1436     2360     3546     3421     2659     1341     
15       1934     1553     1929     1299     2069     2793     864      2212     2717     2544     1333     1071     2953     2661     2118     0        2330     2860     1532     1073     3008     1668     238      951      975      2751     758      2578     1644     2571     2543     1539     2096     1895     2170     2240     576      1769     3056     826      833      
16       3357     2006     871      2739     507      2513     3005     2808     1025     2417     2688     2976     2500     331      953      2330     0        2078     1050     3162     982      799      2508     1511     2953     1387     3070     910      1314     2034     632      3139     2902     1084     2438     571      2750     3317     2625     3057     1784     
17       4630     1384     2750     2209     2460     600      2978     1474     3104     705      3930     2715     473      2156     2918     2860     2078     0        1607     3933     2992     2457     2874     2685     3817     3459     3304     1219     1305     321      1509     4285     1693     1220     1096     1512     3436     2544     580      3670     2932     
18       3071     987      1291     1690     1125     1822     2045     1844     1898     1646     2364     1964     1891     1345     1498     1532     1050     1607     0        2540     1991     943      1650     1089     2377     2150     2196     1046     361      1412     1038     2755     1902     411      1525     739      2062     2267     2017     2346     1353     
19       1133     2614     2536     2179     2787     3852     1398     3191     3265     3600     914      1753     4019     3484     2667     1073     3162     3933     2540     0        3634     2393     1099     1651     237      3168     970      3572     2699     3643     3494     750      3038     2929     3206     3196     497      2482     4119     337      1385     
20       3521     2970     1104     3646     955      3469     3785     3789     430      3388     2953     3816     3436     835      970      3008     982      2992     1991     3634     0        1343     3221     2073     3403     786      3767     1774     2286     2986     1482     3410     3876     2066     3420     1533     3308     4235     3558     3611     2284     
21       2563     1879     359      2392     404      2748     2446     2758     1096     2585     1888     2499     2797     1103     577      1668     799      2457     943      2393     1343     0        1878     756      2176     1257     2427     1507     1305     2311     1304     2339     2787     1250     2462     1076     2012     2983     2925     2320     1008     
22       2062     1523     2151     1137     2275     2757     626      2105     2940     2504     1506     851      2929     2839     2344     238      2508     2874     1650     1099     3221     1878     0        1178     1052     2984     562      2692     1715     2573     2679     1659     1969     1987     2106     2376     627      1566     3026     802      1071     
23       1993     1707     980      1933     1160     2821     1785     2560     1767     2609     1287     1908     2924     1834     1166     951      1511     2685     1089     1651     2073     756      1178     0        1443     1809     1703     2015     1385     2462     1888     1703     2526     1498     2362     1604     1256     2501     3046     1564     285      
24       1045     2528     2307     2174     2566     3768     1450     3157     3030     3520     703      1789     3927     3272     2435     975      2953     3817     2377     237      3403     2176     1052     1443     0        2930     1050     3397     2558     3535     3306     640      3019     2773     3142     3011     425      2526     4032     433      1169     
25       2870     3122     901      3639     1037     3858     3594     3993     406      3732     2381     3700     3865     1416     683      2751     1387     3459     2150     3168     786      1257     2984     1809     2930     0        3487     2293     2499     3388     2006     2820     4036     2361     3671     1947     2925     4229     3992     3210     1938     
26       2087     1922     2684     1286     2827     3109     439      2331     3470     2853     1687     803      3299     3401     2868     758      3070     3304     2196     970      3767     2427     562      1703     1050     3487     0        3230     2227     2992     3231     1687     2152     2513     2422     2929     706      1517     3384     636      1549     
27       3997     1647     1712     2526     1370     1731     3041     2263     1917     1696     3296     2904     1674     939      1837     2578     910      1219     1046     3572     1774     1507     2692     2015     3397     2293     3230     0        1039     1252     293      3718     2415     731      1852     431      3102     3041     1791     3390     2299     
28       3328     694      1651     1509     1465     1468     2008     1510     2229     1286     2627     1864     1549     1571     1855     1644     1314     1305     361      2699     2286     1305     1715     1385     2558     2499     2227     1039     0        1078     1129     2991     1589     310      1172     871      2206     2056     1674     2470     1627     
29       4376     1069     2627     1888     2365     483      2660     1192     3054     469      3682     2394     485      2160     2809     2571     2034     321      1412     3643     2986     2311     2573     2462     3535     3388     2992     1252     1078     0        1524     4022     1402     1062     796      1462     3147     2233     613      3373     2696     
30       3842     1791     1469     2639     1116     2007     3080     2475     1626     1955     3149     2976     1959     646      1578     2543     632      1509     1038     3494     1482     1304     2679     1888     3306     2006     3231     293      1129     1524     0        3583     2611     823      2073     303      3039     3179     2079     3336     2174     
31       406      3065     2375     2794     2690     4296     2090     3750     3002     4055     460      2427     4441     3436     2451     1539     3139     4285     2755     750      3410     2339     1659     1703     640      2820     1687     3718     2991     4022     3583     0        3625     3165     3701     3305     1048     3165     4551     1056     1419     
32       4026     916      3147     866      3025     1218     1725     235      3800     1007     3421     1371     1437     3143     3364     2096     2902     1693     1902     3038     3876     2787     1969     2526     3019     4036     2152     2415     1589     1402     2611     3625     0        1834     608      2414     2594     910      1469     2711     2640     
33       3482     974      1567     1816     1325     1509     2311     1727     2057     1370     2776     2175     1548     1308     1755     1895     1084     1220     411      2929     2066     1250     1987     1498     2773     2361     2513     731      310      1062     823      3165     1834     0        1354     584      2443     2355     1675     2718     1764     
34       4086     660      2815     1194     2637     702      2038     415      3395     453      3430     1725     910      2646     3023     2170     2438     1096     1525     3206     3420     2462     2106     2362     3142     3671     2422     1852     1172     796      2073     3701     608      1354     0        1910     2725     1453     975      2900     2534     
35       3575     1556     1295     2374     969      1943     2784     2297     1596     1854     2877     2691     1928     735      1436     2240     571      1512     739      3196     1533     1076     2376     1604     3011     1947     2929     431      871      1462     303      3305     2414     584      1910     0        2738     2928     2053     3034     1890     
36       1455     2122     2203     1750     2415     3361     1060     2732     2967     3111     984      1383     3525     3078     2360     576      2750     3436     2062     497      3308     2012     627      1256     425      2925     706      3102     2206     3147     3039     1048     2594     2443     2725     2738     0        2121     3627     308      1024     
37       3571     1394     3329     592      3305     2119     1084     1144     4070     1892     3068     737      2336     3607     3546     1769     3317     2544     2267     2482     4235     2983     1566     2501     2526     4229     1517     3041     2056     2233     3179     3165     910      2355     1453     2928     2121     0        2376     2144     2516     
38       4918     1505     3240     2169     2974     274      3009     1233     3650     530      4234     2701     127      2724     3421     3056     2625     580      2017     4119     3558     2925     3026     3046     4032     3992     3384     1791     1674     613      2079     4551     1469     1675     975      2053     3627     2376     0        3828     3268     
39       1453     2326     2506     1848     2723     3558     1060     2869     3265     3305     1122     1416     3731     3385     2659     826      3057     3670     2346     337      3611     2320     802      1564     433      3210     636      3390     2470     3373     3336     1056     2711     2718     2900     3034     308      2144     3828     0        1328     
40       1718     1874     1179     1975     1404     3034     1696     2697     1948     2813     1012     1870     3149     2103     1341     833      1784     2932     1353     1385     2284     1008     1071     285      1169     1938     1549     2299     1627     2696     2174     1419     2640     1764     2534     1890     1024     2516     3268     1328     0        
;



Table delta(i,j)                 Distance
         0        1        2        3        4        5        6        7        8        9        10       11       12       13       14       15       16       17       18       19       20       21       22       23       24       25       26       27       28       29       30       31       32       33       34       35       36       37       38       39       40       
0        0        3450     9510     2160     2730     7950     3420     2670     5640     1620     1830     6630     3360     5490     7350     6060     6060     4980     3810     7320     690      4170     7980     3600     4560     8100     900      4500     2640     5010     4560     4530     4380     3780     3120     3330     4620     3630     3510     5280     6660     
1        3450     0        201      187      205      257      54       131      150      129      150      107      189      100      135      187      90       185      226      183      135      131      184      192      152      156      142      164      61       221      260      207      260      114      102      198      128      114      206      65       121      
2        9510     201      0        388      406      340      218      315      262      321      348      97       378      188      89       289      127      324      416      238      335      283      195      378      288      61       343      320      249      391      460      382      461      273      267      385      266      277      391      144      124      
3        2160     187      388      0        34       290      179      129      241      86       77       292      111      250      315      237      274      188      85       301      54       188      329      121      188      342      46       186      155      173      98       157      81       179      154      89       207      173      93       246      290      
4        2730     205      406      34       0        325      204      123      236      118      70       312      89       255      337      271      287      222      114      298      80       182      330      99       221      357      73       174      164      149      65       134      55       177      185      123      203      170      125      267      314      
5        7950     257      340      290      325      0        203      347      406      214      326      268      377      354      255      69       314      102      237      439      258      376      431      385      114      339      261      401      300      432      387      416      365      359      169      210      380      356      211      243      221      
6        3420     54       218      179      204      203      0        162      203      103      166      121      212      153      137      133      131      133      197      237      125      177      236      217      98       185      133      207      102      254      266      239      259      160      53       166      178      158      173      75       110      
7        2670     131      315      129      123      347      162      0        113      144      53       232      63       141      263      280      188      251      208      175      108      59       209      63       232      258      111      61       70       91       154      77       167      54       178      197      80       48       203      195      252      
8        5640     150      262      241      236      406      203      113      0        235      166      207      162      76       243      337      144      325      315      63       211      53       104      157      296      201      216      74       111      145      260      143      277      62       242      299      34       68       306      191      247      
9        1620     129      321      86       118      214      103      144      235      0        113      223      163      216      240      155      220      113      96       287      43       190      302      172      104      283      47       204      127      221      183      204      168      175      68       69       202      170      76       177      212      
10       1830     150      348      77       70       326      166      53       166      113      0        258      51       186      286      263      224      226      159      228      70       113      260      59       213      295      70       109      99       108      112      91       118      106      165      153      133      100      159      216      268      
11       6630     107      97       292      312      268      121      232      207      223      258      0        293      131      35       209      65       235      318      207      239      213      181      295      198      72       246      250      162      316      368      305      367      200      171      287      200      202      294      46       51       
12       3360     189      378      111      89       377      212      63       162      163      51       293      0        203      324      314      251      276      197      225      120      112      264      9        264      322      119      91       131      62       98       46       117      113      215      197      134      107      202      254      310      
13       5490     100      188      250      255      354      153      141      76       216      186      131      203      0        167      285      67       285      308      85       206      97       86       201      252      127      213      132      95       205      295      198      305      90       202      286      78       95       293      121      174      
14       7350     135      89       315      337      255      137      263      243      240      286      35       324      167      0        201      100      235      333      241      261      248      212      327      199      88       268      285      193      350      395      338      392      234      181      300      235      236      307      70       35       
15       6060     187      289      237      271      69       133      280      337      155      263      209      314      285      201      0        248      58       201      370      198      307      364      322      50       281      202      333      231      368      336      351      316      290      101      169      310      287      172      178      166      
16       6060     90       127      274      287      314      131      188      144      220      224      65       251      67       100      248      0        262      317      142      223      158      120      252      226      71       231      195      124      264      336      255      340      147      185      289      142      150      296      70       112      
17       4980     185      324      188      222      102      133      251      325      113      226      235      276      285      235      58       262      0        143      367      156      288      369      285      36       306      159      309      215      334      286      317      264      272      83       113      295      268      115      196      200      
18       3810     226      416      85       114      237      197      208      315      96       159      318      197      308      333      201      317      143      0        372      104      264      393      207      159      379      99       267      214      259      163      243      135      253      152      33       281      247      28       272      302      
19       7320     183      238      301      298      439      237      175      63       287      228      207      225      85       241      370      142      367      372      0        267      116      50       220      335      179      273      135      160      203      323      203      340      122      283      354      94       128      361      205      254      
20       690      135      335      54       80       258      125      108      211      43       70       239      120      206      261      198      223      156      104      267      0        161      289      129      147      291      7        169      111      179      144      162      133      149      106      89       177      143      95       192      236      
21       4170     131      283      188      182      376      177      59       53       190      113      213      112      97       248      307      158      288      264      116      161      0        152      108      263      224      165      37       76       107      209      101      225      17       208      250      22       20       257      186      244      
22       7980     184      195      329      330      431      236      209      104      302      260      181      264      86       212      364      120      369      393      50       289      152      0        260      335      139      295      178      178      248      362      247      376      154      287      371      130      160      378      190      231      
23       3600     192      378      121      99       385      217      63       157      172      59       295      9        201      327      322      252      285      207      220      129      108      260      0        272      322      128      85       133      52       104      36       125      110      222      207      130      105      212      257      313      
24       4560     152      288      188      221      114      98       232      296      104      213      198      264      252      199      50       226      36       159      335      147      263      335      272      0        269      151      287      188      318      286      301      268      246      54       126      268      243      130      159      164      
25       8100     156      61       342      357      339      185      258      201      283      295      72       322      127      88       281      71       306      379      179      291      224      139      322      269      0        298      260      195      332      407      324      411      215      237      350      205      218      357      111      118      
26       900      142      343      46       73       261      133      111      216      47       70       246      119      213      268      202      231      159      99       273      7        165      295      128      151      298      0        172      118      179      138      162      126      154      112      86       182      148      92       200      243      
27       4500     164      320      186      174      401      207      61       74       204      109      250      91       132      285      333      195      309      267      135      169      37       178      85       287      260      172      0        105      72       189      69       209      50       232      258      55       50       264      222      280      
28       2640     61       249      155      164      300      102      70       111      127      99       162      131      95       193      231      124      215      214      160      111      76       178      133      188      195      118      105      0        159      211      146      216      59       133      194      80       56       201      125      182      
29       5010     221      391      173      149      432      254      91       145      221      108      316      62       205      350      368      264      334      259      203      179      107      248      52       318      332      179      72       159      0        140      16       167      117      266      259      127      114      264      283      341      
30       4560     260      460      98       65       387      266      154      260      183      112      368      98       295      395      336      336      286      163      323      144      209      362      104      286      407      138      189      211      140      0        130      32       208      250      180      232      202      182      325      374      
31       4530     207      382      157      134      416      239      77       143      204      91       305      46       198      338      351      255      317      243      203      162      101      247      36       301      324      162      69       146      16       130      0        155      109      250      243      122      105      248      271      328      
32       4380     260      461      81       55       365      259      167      277      168      118      367      117      305      392      316      340      264      135      340      133      225      376      125      268      411      126      209      216      167      32       155      0        221      236      155      247      215      156      322      369      
33       3780     114      273      179      177      359      160      54       62       175      106      200      113      90       234      290      147      272      253      122      149      17       154      110      246      215      154      50       59       117      208      109      221      0        192      237      28       6        244      171      229      
34       3120     102      267      154      185      169      53       178      242      68       165      171      215      202      181      101      185      83       152      283      106      208      287      222      54       237      112      232      133      266      250      250      236      192      0        119      213      188      125      126      149      
35       3330     198      385      89       123      210      166      197      299      69       153      287      197      286      300      169      289      113      33       354      89       250      371      207      126      350      86       258      194      259      180      243      155      237      119      0        265      232      7        241      269      
36       4620     128      266      207      203      380      178      80       34       202      133      200      134      78       235      310      142      295      281      94       177      22       130      130      268      205      182      55       80       127      232      122      247      28       213      265      0        34       272      177      234      
37       3630     114      277      173      170      356      158      48       68       170      100      202      107      95       236      287      150      268      247      128      143      20       160      105      243      218      148      50       56       114      202      105      215      6        188      232      34       0        238      171      230      
38       3510     206      391      93       125      211      173      203      306      76       159      294      202      293      307      172      296      115      28       361      95       257      378      212      130      357      92       264      201      264      182      248      156      244      125      7        272      238      0        248      275      
39       5280     65       144      246      267      243      75       195      191      177      216      46       254      121      70       178      70       196      272      205      192      186      190      257      159      111      200      222      125      283      325      271      322      171      126      241      177      171      248      0        58       
40       6660     121      124      290      314      221      110      252      247      212      268      51       310      174      35       166      112      200      302      254      236      244      231      313      164      118      243      280      182      341      374      328      369      229      149      269      234      230      275      58       0        
;

