
sets
i        orders          /0*10/
k        routes          /1*10/
p        positions       /0*10/
;

alias(i,j)
alias(i,h)
alias(i,hh)
alias(i,jj)
alias(k,kk)
                
                    Parameters

rho(i)	Processing time
/
0	0
1	90
2	87
3	8
4	5
5	94
6	15
7	49
8	80
9	79
10	7
/

gamma(i)	Duedate
/
0	0
1	57
2	2
3	16
4	65
5	27
6	56
7	40
8	97
9	75
10	44
/

sigma(i)	Size
/
0	0
1	3
2	8
3	1
4	9
5	9
6	8
7	2
8	5
9	4
10	1
/

epsilon(i)	Priority
/
0	0
1	1
2	4
3	3
4	4
5	1
6	8
7	3
8	9
9	5
10	7
/

psi	Vehicle Capacity
/ 26 /
;

Table kappa(i,j)                 Setup
         0        1        2        3        4        5        6        7        8        9        10       
0        0        108      126      211      237      90       104      78       175      169      53       
1        108      0        21       103      132      84       4        115      71       65       82       
2        126      21       0        89       120      104      25       137      62       57       103      
3        211      103      89       0        35       160      107      199      40       46       175      
4        237      132      120      35       0        176      136      215      62       68       197      
5        90       84       104      160      176      0        81       39       119      113      36       
6        104      4        25       107      136      81       0        112      75       69       78       
7        78       115      137      199      215      39       112      0        158      152      39       
8        175      71       62       40       62       119      75       158      0        6        136      
9        169      65       57       46       68       113      69       152      6        0        130      
10       53       82       103      175      197      36       78       39       136      130      0        
;



Table delta(i,j)                 Distance
         0        1        2        3        4        5        6        7        8        9        10       
0        0        3000     6540     10320    5310     7020     2190     3480     6180     2160     4770     
1        3000     0        313      420      245      227      173      208      289      172      250      
2        6540     313      0        171      127      303      147      106      72       146      64       
3        10320    420      171      0        174      304      290      232      139      286      197      
4        5310     245      127      174      0        176      141      85       62       135      82       
5        7020     227      303      304      176      0        255      228      237      248      249      
6        2190     173      147      290      141      255      0        59       150      6        94       
7        3480     208      106      232      85       228      59       0        92       54       42       
8        6180     289      72       139      62       237      150      92       0        146      59       
9        2160     172      146      286      135      248      6        54       146      0        91       
10       4770     250      64       197      82       249      94       42       59       91       0        
;

