
sets
i        orders          /0*10/
k        routes          /1*10/
p        positions       /0*10/
;

alias(i,j)
alias(i,h)
alias(i,hh)
alias(i,jj)
alias(k,kk)
                
                    Parameters

rho(i)	Processing time
/
0	0
1	2
2	20
3	90
4	86
5	81
6	44
7	32
8	76
9	13
10	32
/

gamma(i)	Duedate
/
0	0
1	33
2	34
3	27
4	30
5	7
6	85
7	45
8	40
9	43
10	7
/

sigma(i)	Size
/
0	0
1	5
2	9
3	7
4	4
5	2
6	9
7	3
8	5
9	3
10	8
/

epsilon(i)	Priority
/
0	0
1	7
2	5
3	5
4	3
5	2
6	6
7	9
8	8
9	3
10	5
/

psi	Vehicle Capacity
/ 12 /
;

Table kappa(i,j)                 Setup
         0        1        2        3        4        5        6        7        8        9        10       
0        0        127      182      152      131      145      153      187      120      202      43       
1        127      0        55       33       5        113      53       90       14       133      98       
2        182      55       0        33       54       151      76       96       62       148      148      
3        152      33       33       0        36       145      77       107      33       156      116      
4        131      5        54       36       0        110      48       84       20       127      103      
5        145      113      151      145      110      0        75       78       123      62       150      
6        153      53       76       77       48       75       0        38       68       79       136      
7        187      90       96       107      84       78       38       0        104      51       173      
8        120      14       62       33       20       123      68       104      0        146      87       
9        202      133      148      156      127      62       79       51       146      0        199      
10       43       98       148      116      103      150      136      173      87       199      0        
;



Table delta(i,j)                 Distance
         0        1        2        3        4        5        6        7        8        9        10       
0        0        4710     1380     10680    1980     6330     5550     1860     11070    5100     8910     
1        4710     0        169      247      92       142      110      146      252      20       180      
2        1380     169      0        336      90       187      167      30       351      186      282      
3        10680    247      336      0        312      149      171      306      22       254      66       
4        1980     92       90       312      0        176      145      79       322      104      249      
5        6330     142      187      149      176      0        33       157      164      159      101      
6        5550     110      167      171      145      33       0        136      184      127      115      
7        1860     146      30       306      79       157      136      0        321      164      251      
8        11070    252      351      22       322      164      184      321      0        258      72       
9        5100     20       186      254      104      159      127      164      258      0        188      
10       8910     180      282      66       249      101      115      251      72       188      0        
;

