
sets
i        orders          /0*80/
k        routes          /1*80/
p        positions       /0*80/
;

alias(i,j)
alias(i,h)
alias(i,hh)
alias(i,jj)
alias(k,kk)
                
                    Parameters

rho(i)	Processing time
/
0	0
1	25
2	58
3	34
4	33
5	41
6	21
7	89
8	7
9	53
10	66
11	9
12	94
13	25
14	91
15	99
16	12
17	65
18	61
19	76
20	67
21	98
22	13
23	35
24	83
25	58
26	35
27	39
28	43
29	54
30	28
31	90
32	42
33	3
34	83
35	94
36	69
37	34
38	41
39	92
40	47
41	71
42	53
43	80
44	73
45	88
46	21
47	31
48	51
49	39
50	19
51	50
52	22
53	58
54	70
55	42
56	30
57	8
58	97
59	27
60	79
61	11
62	36
63	7
64	75
65	24
66	54
67	5
68	57
69	3
70	69
71	73
72	23
73	60
74	15
75	4
76	90
77	15
78	52
79	26
80	35
/

gamma(i)	Duedate
/
0	0
1	44
2	80
3	35
4	64
5	53
6	43
7	6
8	93
9	31
10	18
11	11
12	15
13	82
14	21
15	18
16	73
17	71
18	60
19	86
20	39
21	18
22	17
23	68
24	64
25	49
26	4
27	53
28	20
29	78
30	64
31	60
32	7
33	78
34	60
35	57
36	11
37	49
38	50
39	75
40	18
41	56
42	39
43	6
44	60
45	34
46	14
47	6
48	45
49	6
50	2
51	8
52	16
53	24
54	69
55	2
56	31
57	45
58	75
59	64
60	49
61	24
62	46
63	69
64	1
65	51
66	70
67	16
68	53
69	31
70	58
71	85
72	96
73	38
74	54
75	12
76	57
77	5
78	30
79	47
80	19
/

sigma(i)	Size
/
0	0
1	5
2	6
3	2
4	9
5	3
6	9
7	2
8	1
9	2
10	5
11	5
12	6
13	8
14	7
15	2
16	3
17	9
18	5
19	4
20	7
21	8
22	9
23	1
24	8
25	8
26	3
27	2
28	6
29	2
30	7
31	6
32	9
33	8
34	4
35	9
36	8
37	1
38	5
39	1
40	6
41	1
42	4
43	1
44	4
45	1
46	3
47	4
48	6
49	4
50	8
51	9
52	8
53	5
54	4
55	4
56	9
57	8
58	8
59	6
60	4
61	5
62	8
63	7
64	6
65	8
66	1
67	3
68	9
69	6
70	8
71	4
72	7
73	9
74	8
75	8
76	7
77	2
78	5
79	2
80	3
/

epsilon(i)	Priority
/
0	0
1	5
2	6
3	4
4	8
5	5
6	7
7	1
8	9
9	4
10	7
11	1
12	4
13	8
14	9
15	5
16	8
17	4
18	3
19	8
20	2
21	9
22	8
23	3
24	8
25	3
26	8
27	7
28	4
29	9
30	2
31	1
32	8
33	1
34	6
35	7
36	2
37	9
38	6
39	6
40	6
41	1
42	2
43	5
44	7
45	2
46	6
47	1
48	7
49	9
50	6
51	9
52	6
53	1
54	5
55	6
56	9
57	7
58	9
59	3
60	9
61	8
62	8
63	1
64	8
65	5
66	7
67	4
68	6
69	3
70	4
71	8
72	8
73	9
74	7
75	3
76	1
77	1
78	5
79	3
80	2
/

psi	Vehicle Capacity
/ 42 /
;

Table kappa(i,j)                 Setup
         0        1        2        3        4        5        6        7        8        9        10       11       12       13       14       15       16       17       18       19       20       21       22       23       24       25       26       27       28       29       30       31       32       33       34       35       36       37       38       39       40       41       42       43       44       45       46       47       48       49       50       51       52       53       54       55       56       57       58       59       60       61       62       63       64       65       66       67       68       69       70       71       72       73       74       75       76       77       78       79       80       
0        0        604      1007     667      1665     1459     1461     1331     1442     962      787      991      674      979      981      1206     1059     1013     1773     1010     277      802      400      523      719      1027     756      1239     1564     310      301      790      997      1558     933      946      654      1477     1099     1104     395      399      1210     705      1196     1369     1413     1245     633      78       1336     930      390      1413     1113     1628     1152     1764     361      196      1016     499      1029     1369     958      954      698      1338     1360     1281     886      893      340      1696     467      1709     1361     1325     556      741      1370     
1        604      0        1044     167      1244     1132     1247     1352     929      413      187      638      129      790      846      670      736      1139     1329     431      327      571      548      119      1008     999      545      1198     1178     466      753      362      649      1183     329      725      105      1002     549      600      858      840      670      115      1300     977      926      1093     738      682      853      456      431      1498     512      1235     1242     1267     836      514      472      315      1061     1431     422      404      232      936      1044     707      857      456      383      1209     161      1272     794      1173     257      648      1229     
2        1007     1044     0        1211     1077     768      600      328      1132     1415     1158     651      963      387      300      1060     604      164      1205     1092     1001     521      625      939      440      110      525      247      940      1215     766      1406     642      917      1202     447      1149     1065     1529     941      753      722      1072     1136     262      832      1051     375      376      1035     999      846      701      454      1255     999      203      1316     775      1144     1000     1252     22       390      1433     1407     863      835      691      1216     191      1500     1178     1240     1076     1141     1240     423      786      398      444      
3        667      167      1211     0        1359     1272     1402     1520     1013     295      182      786      276      954      1012     751      886      1303     1433     491      395      737      693      275      1156     1167     711      1365     1304     451      864      195      798      1311     327      888      66       1102     434      704      973      958      749      117      1466     1106     1023     1255     897      742      954      583      576      1665     521      1357     1408     1351     947      531      562      242      1228     1598     295      287      387      1063     1188     754      1025     292      372      1299     205      1380     845      1336     424      815      1391     
4        1665     1244     1077     1359     0        315      573      1099     415      1337     1189     674      1116     773      829      638      615      1237     128      893      1472     876      1312     1233     1460     968      921      944      137      1679     1588     1496     668      163      1093     767      1301     282      1364     655      1638     1604     645      1242     1239     297      358      722      1206     1732     413      789      1279     1279     968      90       1199     292      1642     1684     801      1560     1070     1205     1366     1334     1031     327      386      728      993      1531     1603     237      1390     66       663      716      1128     991      739      
5        1459     1132     768      1272     315      0        280      788      547      1320     1123     499      1004     503      542      663      409      926      441      871      1302     657      1079     1091     1167     660      702      629      177      1523     1340     1436     489      151      1065     517      1208     420      1377     619      1377     1343     673      1158     924      205      458      407      937      1518     461      690      1068     971      990      231      884      586      1386     1508     762      1440     759      895      1347     1315     901      247      98       801      702      1492     1453     517      1257     381      767      404      961      739      431      
6        1461     1247     600      1402     573      280      0        533      819      1499     1277     620      1126     488      480      896      520      739      691      1067     1354     699      1063     1182     1035     510      738      402      445      1580     1289     1582     608      415      1246     538      1336     698      1574     826      1305     1271     908      1295     696      465      728      233      868      1510     719      849      1083     708      1204     483      666      859      1320     1545     955      1536     586      636      1525     1493     1016     498      283      1046     605      1651     1520     793      1348     639      1024     178      1035     720      176      
7        1331     1352     328      1520     1099     788      533      0        1266     1703     1450     868      1261     609      529      1256     794      344      1220     1340     1329     798      954      1253     699      353      814      182      964      1543     1077     1715     858      936      1475     680      1456     1169     1809     1151     1048     1020     1268     1437     201      922      1177     403      704      1355     1143     1093     1029     188      1500     1010     208      1374     1074     1473     1238     1576     307      109      1723     1696     1155     940      745      1416     497      1805     1506     1303     1397     1165     1421     384      1097     705      360      
8        1442     929      1132     1013     415      547      819      1266     0        944      833      530      810      754      836      262      537      1295     445      524      1208     746      1151     949      1423     1025     781      1087     443      1390     1436     1125     532      468      715      711      964      139      958      339      1509     1478     264      899      1354     355      90       863      1126     1516     134      512      1085     1454     566      462      1303     339      1505     1418     457      1237     1133     1375     974      943      751      328      540      315      988      1146     1309     287      1087     408      247      896      885      899      939      
9        962      413      1415     295      1337     1320     1499     1703     944      0        257      884      455      1105     1176     699      982      1526     1388     451      691      904      962      532      1419     1354     891      1535     1312     724      1155     234      896      1325     255      1034     323      1059     139      704      1263     1247     692      299      1676     1129     981      1391     1140     1036     925      650      844      1863     381      1355     1617     1267     1239     817      557      500      1430     1791     29       8        551      1084     1250     640      1223     209      652      1228     500      1345     727      1465     651      1017     1521     
10       787      187      1158     182      1189     1123     1277     1450     833      257      0        656      198      859      927      571      757      1269     1258     309      509      652      720      296      1171     1100     637      1285     1142     614      938      313      668      1151     152      788      148      926      382      533      1043     1023     568      84       1419     947      847      1151     886      865      780      434      604      1608     345      1192     1361     1171     1021     680      387      420      1174     1537     274      249      295      903      1045     572      967      374      532      1120     326      1207     662      1228     398      760      1284     
11       991      638      651      786      674      499      620      868      530      884      656      0        512      267      354      410      100      805      784      476      810      219      647      592      894      555      259      688      576      1026     929      962      12       573      636      203      721      515      970      290      992      960      421      676      901      378      469      512      595      1058     399      236      605      1048     633      639      844      804      992      1018     370      942      657      970      909      878      406      347      407      565      480      1031     955      730      758      719      592      583      465      368      639      
12       674      129      963      276      1116     1004     1126     1261     810      455      198      512      0        681      743      554      611      1071     1202     335      411      467      536      151      978      909      447      1100     1049     580      776      463      523      1053     293      613      210      877      579      476      877      854      556      177      1223     848      802      981      688      753      728      327      423      1415     448      1106     1165     1147     859      614      357      444      979      1345     471      447      111      807      917      609      773      545      499      1087     278      1145     692      1061     203      565      1116     
13       979      790      387      954      773      503      488      609      754      1105     859      267      681      0        87       674      218      546      898      731      866      220      586      711      693      288      254      433      646      1093     837      1144     258      631      869      71       888      702      1205     557      874      840      686      858      634      491      677      303      435      1032     620      484      595      784      892      710      577      972      883      1056     631      1061     392      707      1127     1098     571      481      406      831      235      1226     1034     896      873      831      853      385      557      240      439      
14       981      846      300      1012     829      542      480      529      836      1176     927      354      743      87       0        761      304      460      956      814      893      276      582      759      631      201      301      358      697      1119     815      1204     345      679      945      153      947      778      1280     645      841      808      773      920      547      557      757      267      399      1029     702      566      608      701      975      761      490      1042     853      1074     715      1104     305      625      1197     1169     634      552      450      919      164      1289     1065     965      917      890      940      350      603      242      401      
15       1206     670      1060     751      638      663      896      1256     262      699      571      410      554      674      761      0        465      1215     693      263      960      593      950      698      1281     963      618      1074     621      1134     1232     867      418      638      459      614      701      361      731      126      1314     1285     12       636      1307     458      282      869      971      1282     226      289      870      1441     335      660      1251     601      1307     1167     197      975      1066     1362     728      696      508      415      617      159      889      895      1052     549      829      647      186      924      653      754      974      
16       1059     736      604      886      615      409      520      794      537      982      757      100      611      218      304      465      0        764      732      566      893      262      697      686      893      502      307      611      505      1113     973      1063     88       499      733      175      821      496      1066     357      1027     994      477      777      844      317      463      422      609      1123     402      332      670      977      718      570      788      777      1030     1099     457      1037     608      898      1008     977      504      295      314      624      451      1131     1044     701      852      666      638      489      552      385      544      
17       1013     1139     164      1303     1237     926      739      344      1295     1526     1269     805      1071     546      460      1215     764      0        1365     1230     1051     655      664      1027     354      274      652      349      1100     1253     743      1497     797      1076     1326     601      1244     1230     1647     1094     707      680      1227     1238     182      996      1215     525      417      1029     1162     988      758      400      1394     1157     142      1480     734      1171     1143     1317     168      359      1542     1518     978      999      853      1369     328      1595     1226     1404     1151     1302     1397     561      882      513      571      
18       1773     1329     1205     1433     128      441      691      1220     445      1388     1258     784      1202     898      956      693      732      1365     0        955      1571     992      1428     1326     1587     1096     1037     1069     265      1773     1706     1560     780      290      1152     889      1379     332      1403     730      1758     1725     698      1317     1365     415      411      849      1330     1841     479      878      1390     1399     1011     211      1325     212      1762     1783     871      1643     1198     1326     1417     1386     1123     439      514      760      1120     1588     1695     190      1478     66       684      840      1229     1112     860      
19       1010     431      1092     491      893      871      1067     1340     524      451      309      476      335      731      814      263      566      1230     955      0        746      574      824      487      1221     1010     581      1162     861      896      1089     604      488      874      200      660      446      622      508      253      1183     1157     259      380      1352     678      543      987      911      1088     481      247      724      1515     163      907      1293     861      1169     943      111      722      1102     1438     479      447      333      634      806      276      904      638      814      811      592      907      362      1055     491      724      1110     
20       277      327      1001     395      1472     1302     1354     1329     1208     691      509      810      411      866      893      960      893      1051     1571     746      0        658      388      261      829      991      616      1205     1385     226      481      541      818      1383     657      817      377      1259     830      869      589      580      963      427      1230     1184     1189     1160     635      355      1113     700      300      1444     840      1446     1178     1539     561      212      764      280      1022     1387     690      683      456      1148     1206     1020     842      647      177      1475     192      1509     1104     1243     344      654      1294     
21       802      571      521      737      876      657      699      798      746      904      652      219      467      220      276      593      262      655      992      574      658      0        435      491      689      450      45       633      767      883      714      928      219      759      682      161      671      734      1013     467      774      741      603      644      783      579      687      523      382      863      616      336      411      961      738      831      724      1022     774      856      490      842      533      887      925      897      358      553      559      736      330      1013     821      948      653      926      779      605      338      161      660      
22       400      548      625      693      1312     1079     1063     954      1151     962      720      647      536      586      582      950      697      664      1428     824      388      435      0        430      463      633      391      847      1200     591      285      876      650      1191     829      561      645      1159     1097     831      364      336      958      662      844      1014     1105     844      251      447      1030     661      117      1059     967      1265     793      1449     356      519      788      660      647      1006     970      953      493      989      980      1063     489      981      561      1376     511      1362     1128     925      339      346      970      
23       523      119      939      275      1233     1091     1182     1253     949      532      296      592      151      711      759      698      686      1027     1326     487      261      491      430      0        889      900      458      1104     1155     447      643      469      602      1157     424      650      219      1007     667      611      747      727      701      232      1191     953      935      1014     622      602      859      448      312      1393     593      1214     1134     1283     726      468      502      354      957      1328     541      523      202      914      1000     760      756      568      369      1221     166      1266     842      1096     156      547      1151     
24       719      1008     440      1156     1460     1167     1035     699      1423     1419     1171     894      978      693      631      1281     893      354      1587     1221     829      689      463      889      0        526      663      681      1328     997      424      1338     891      1309     1265     718      1107     1389     1552     1155     365      342      1291     1120     522      1184     1356     804      311      718      1290     1009     579      730      1377     1390     493      1665     395      899      1158     1109     459      703      1430     1411     911      1174     1079     1419     467      1443     989      1588     972      1520     1467     861      775      529      885      
25       1027     999      110      1167     968      660      510      353      1025     1354     1100     555      909      288      201      963      502      274      1096     1010     991      450      633      900      526      0        462      215      831      1211     809      1361     546      809      1132     353      1103     956      1463     846      810      777      974      1084     345      722      943      278      396      1062     893      763      692      510      1172     890      288      1206     828      1150     914      1229     108      437      1373     1346     804      725      582      1120     148      1452     1167     1130     1047     1032     1140     337      745      353      368      
26       756      545      525      711      921      702      738      814      781      891      637      259      447      254      301      618      307      652      1037     581      616      45       391      458      663      462      0        654      812      842      671      905      261      804      677      200      646      775      1004     492      733      701      628      623      788      623      726      556      353      817      654      351      366      971      744      877      729      1063     733      813      504      807      539      900      911      884      341      597      604      757      333      992      781      989      619      971      804      639      303      142      693      
27       1239     1198     247      1365     944      629      402      182      1087     1535     1285     688      1100     433      358      1074     611      349      1069     1162     1205     633      847      1104     681      215      654      0        807      1426     1010     1559     677      780      1303     505      1300     994      1638     968      1000     969      1086     1277     296      748      999      228      606      1272     962      915      907      369      1321     858      263      1211     1022     1364     1058     1439     226      289      1556     1528     992      764      577      1233     363      1646     1381     1138     1256     1010     1239     230      948      560      227      
28       1564     1178     940      1304     137      177      445      964      443      1312     1142     576      1049     646      697      621      505      1100     265      861      1385     767      1200     1155     1328     831      812      807      0        1598     1471     1453     569      30       1061     646      1244     305      1352     612      1517     1483     630      1187     1102     202      365      585      1081     1628     397      723      1175     1146     957      65       1061     414      1523     1595     761      1493     932      1071     1341     1308     956      242      250      736      861      1498     1524     348      1317     203      685      581      1040     871      605      
29       310      466      1215     451      1679     1523     1580     1543     1390     724      614      1026     580      1093     1119     1134     1113     1253     1773     896      226      883      591      447      997      1211     842      1426     1598     0        600      519      1035     1598     767      1043     466      1453     854      1055     701      701      1135     531      1434     1396     1380     1386     842      362      1305     895      519      1650     960      1658     1384     1727     668      115      936      224      1236     1597     714      717      650      1358     1428     1172     1063     615      82       1666     304      1713     1259     1469     561      879      1520     
30       301      753      766      864      1588     1340     1289     1077     1436     1155     938      929      776      837      815      1232     973      743      1706     1089     481      714      285      643      424      809      671      1010     1471     600      0        1022     932      1460     1066     825      832      1443     1294     1115     108      101      1239     867      924      1291     1390     1060     421      294      1315     943      366      1139     1221     1536     885      1733     83       492      1063     753      788      1102     1158     1147     755      1267     1242     1339     686      1129     610      1660     661      1639     1407     1134     597      601      1172     
31       790      362      1406     195      1496     1436     1582     1715     1125     234      313      962      463      1144     1204     867      1063     1497     1560     604      541      928      876      469      1338     1361     905      1559     1453     519      1022     0        974      1463     409      1076     258      1227     343      843      1130     1120     863      287      1661     1260     1148     1444     1089     858      1084     746      761      1861     582      1503     1603     1457     1103     623      695      297      1423     1794     214      229      573      1216     1356     837      1220     106      457      1412     368      1511     927      1523     619      1010     1579     
32       997      649      642      798      668      489      608      858      532      896      668      12       523      258      345      418      88       797      780      488      818      219      650      602      891      546      261      677      569      1035     932      974      0        566      648      196      732      514      982      299      994      961      429      688      892      372      469      500      594      1063     400      248      611      1038     644      632      835      802      994      1026     381      953      649      959      921      890      417      341      397      574      473      1042     964      728      768      714      599      571      474      366      626      
33       1558     1183     917      1311     163      151      415      936      468      1325     1151     573      1053     631      679      638      499      1076     290      874      1383     759      1191     1157     1309     809      804      780      30       1598     1460     1463     566      0        1073     634      1250     330      1368     623      1503     1469     647      1194     1075     205      388      559      1066     1622     416      728      1169     1117     973      81       1035     443      1510     1592     772      1497     909      1042     1354     1321     959      248      230      757      842      1509     1524     378      1319     229      707      553      1038     859      576      
34       933      329      1202     327      1093     1065     1246     1475     715      255      152      636      293      869      945      459      733      1326     1152     200      657      682      829      424      1265     1132     677      1303     1061     767      1066     409      648      1073     0        798      300      820      335      450      1168     1146     454      237      1465     875      741      1146     967      1012     680      400      716      1642     194      1107     1406     1048     1149     833      302      569      1215     1568     282      250      355      831      995      433      1010     438      685      1002     477      1105     524      1219     492      812      1275     
35       946      725      447      888      767      517      538      680      711      1034     788      203      613      71       153      614      175      601      889      660      817      161      561      650      718      353      200      505      646      1043     825      1076     196      634      798      0        821      670      1133     494      870      837      625      789      699      476      639      367      441      1003     577      413      558      854      822      711      641      948      876      1012     561      1002     454      777      1056     1027     503      460      418      769      279      1157     982      872      813      822      795      448      498      224      503      
36       654      105      1149     66       1301     1208     1336     1456     964      323      148      721      210      888      947      701      821      1244     1379     446      377      671      645      219      1107     1103     646      1300     1244     466      832      258      732      1250     300      821      0        1048     461      648      940      923      700      66       1405     1044     970      1189     841      731      900      522      528      1603     494      1298     1347     1303     916      536      509      276      1166     1535     328      314      320      1002     1124     716      962      351      385      1249     187      1324     805      1269     362      752      1325     
37       1477     1002     1065     1102     282      420      698      1169     139      1059     926      515      877      702      778      361      496      1230     332      622      1259     734      1159     1007     1389     956      775      994      305      1453     1443     1227     514      330      820      670      1048     0        1082     401      1508     1476     367      985      1273     246      79       767      1103     1549     148      559      1105     1357     687      323      1224     289      1508     1471     539      1315     1064     1278     1089     1057     805      232      428      446      937      1257     1374     218      1155     285      385      791      924      877      830      
38       1099     549      1529     434      1364     1377     1574     1809     958      139      382      970      579      1205     1280     731      1066     1647     1403     508      830      1013     1097     667      1552     1463     1004     1638     1352     854      1294     343      982      1368     335      1133     461      1082     0        758      1401     1385     723      434      1792     1180     1005     1482     1268     1173     957      734      979      1974     396      1391     1733     1264     1377     950      619      629      1544     1900     141      147      669      1135     1315     643      1338     280      785      1233     638      1365     723      1554     780      1135     1609     
39       1104     600      941      704      655      619      826      1151     339      704      533      290      476      557      645      126      357      1094     730      253      869      467      831      611      1155     846      492      968      612      1055     1115     843      299      623      450      494      648      401      758      0        1194     1164     136      587      1192     425      326      773      845      1179     252      175      755      1333     378      660      1135     672      1188     1079     149      914      948      1254     732      700      412      380      557      275      767      886      975      610      754      676      312      833      547      628      886      
40       395      858      753      973      1638     1377     1305     1048     1509     1263     1043     992      877      874      841      1314     1027     707      1758     1183     589      774      364      747      365      810      733      1000     1517     701      108      1130     994      1503     1168     870      940      1508     1401     1194     0        33       1322     973      882      1343     1458     1072     442      372      1385     1025     459      1094     1319     1582     849      1797     34       590      1152     860      774      1063     1266     1254     849      1323     1281     1427     700      1237     715      1722     770      1692     1492     1143     692      646      1177     
41       399      840      722      958      1604     1343     1271     1020     1478     1247     1023     960      854      840      808      1285     994      680      1725     1157     580      741      336      727      342      777      701      969      1483     701      101      1120     961      1469     1146     837      923      1476     1385     1164     33       0        1293     955      857      1310     1426     1039     408      383      1353     996      434      1069     1295     1548     822      1764     54       592      1124     854      743      1037     1251     1238     824      1289     1247     1399     666      1226     711      1690     756      1658     1463     1110     667      612      1144     
42       1210     670      1072     749      645      673      908      1268     264      692      568      421      556      686      773      12       477      1227     698      259      963      603      958      701      1291     974      628      1086     630      1135     1239     863      429      647      454      625      700      367      723      136      1322     1293     0        635      1319     469      288      882      981      1286     234      296      876      1453     326      668      1263     602      1314     1169     199      974      1078     1374     722      690      512      426      628      147      901      889      1053     551      830      652      176      936      659      764      987      
43       705      115      1136     117      1242     1158     1295     1437     899      299      84       676      177      858      920      636      777      1238     1317     380      427      644      662      232      1120     1084     623      1277     1187     531      867      287      688      1194     237      789      66       985      434      587      973      955      635      0        1395     989      907      1156     844      783      838      468      545      1589     429      1240     1337     1238     950      596      446      342      1152     1520     310      291      287      946      1075     649      947      368      449      1184     242      1263     739      1235     357      737      1291     
44       1196     1300     262      1466     1239     924      696      201      1354     1676     1419     901      1223     634      547      1307     844      182      1365     1352     1230     783      844      1191     522      345      788      296      1102     1434     924      1661     892      1075     1465     699      1405     1273     1792     1192     882      857      1319     1395     0        1029     1269     518      594      1211     1225     1106     934      217      1515     1154     59       1501     911      1353     1258     1492     250      181      1694     1668     1125     1040     866      1465     454      1757     1405     1428     1322     1305     1482     527      1042     659      519      
45       1369     977      832      1106     297      205      465      922      355      1129     947      378      848      491      557      458      317      996      415      678      1184     579      1014     953      1184     722      623      748      202      1396     1291     1260     372      205      875      476      1044     246      1180     425      1343     1310     469      989      1029     0        264      520      917      1435     257      523      982      1110     789      262      982      485      1347     1394     573      1291     829      1032     1157     1125     754      44       185      595      721      1308     1322     409      1114     348      563      545      839      697      585      
46       1413     926      1051     1023     358      458      728      1177     90       981      847      469      802      677      757      282      463      1215     411      543      1189     687      1105     935      1356     943      726      999      365      1380     1390     1148     469      388      741      639      970      79       1005     326      1458     1426     288      907      1269     264      0        773      1063     1485     77       488      1046     1365     609      392      1218     351      1456     1401     461      1239     1051     1286     1010     978      733      237      449      373      912      1178     1300     285      1080     364      319      806      857      836      848      
47       1245     1093     375      1255     722      407      233      403      863      1391     1151     512      981      303      267      869      422      525      849      987      1160     523      844      1014     804      278      556      228      585      1386     1060     1444     500      559      1146     367      1189     767      1482     773      1072     1039     882      1156     518      520      773      0        638      1290     741      748      876      591      1140     638      476      984      1088     1342     879      1364     362      512      1414     1384     870      537      349      1028     373      1522     1331     911      1176     788      1026     83       860      510      136      
48       633      738      376      897      1206     937      868      704      1126     1140     886      595      688      435      399      971      609      417      1330     911      635      382      251      622      311      396      353      606      1081     842      421      1089     594      1066     967      441      841      1103     1268     845      442      408      981      844      594      917      1063     638      0        666      994      698      340      808      1069     1146     542      1386     454      768      847      900      398      754      1153     1132     611      901      841      1108     265      1190     810      1310     736      1263     1157     713      488      227      753      
49       78       682      1035     742      1732     1518     1510     1355     1516     1036     865      1058     753      1032     1029     1282     1123     1029     1841     1088     355      863      447      602      718      1062     817      1272     1628     362      294      858      1063     1622     1012     1003     731      1549     1173     1179     372      383      1286     783      1211     1435     1485     1290     666      0        1408     1004     453      1428     1192     1693     1169     1837     338      246      1093     564      1057     1387     1032     1028     774      1405     1419     1359     926      960      403      1768     544      1777     1438     1369     631      793      1413     
