
sets
i        orders          /0*80/
k        routes          /1*80/
p        positions       /0*80/
;

alias(i,j)
alias(i,h)
alias(i,hh)
alias(i,jj)
alias(k,kk)
                
                    Parameters

rho(i)	Processing time
/
0	0
1	58
2	46
3	43
4	28
5	21
6	80
7	84
8	74
9	79
10	22
11	69
12	82
13	46
14	47
15	26
16	18
17	37
18	60
19	76
20	27
21	96
22	81
23	84
24	66
25	99
26	87
27	23
28	2
29	14
30	14
31	93
32	78
33	57
34	32
35	50
36	26
37	8
38	88
39	44
40	48
41	32
42	38
43	39
44	75
45	12
46	47
47	96
48	46
49	34
50	62
51	3
52	1
53	31
54	89
55	81
56	98
57	58
58	75
59	54
60	45
61	9
62	62
63	94
64	55
65	59
66	36
67	43
68	9
69	2
70	96
71	88
72	19
73	1
74	25
75	53
76	58
77	45
78	17
79	65
80	51
/

gamma(i)	Duedate
/
0	0
1	81
2	98
3	37
4	8
5	72
6	2
7	64
8	45
9	74
10	25
11	91
12	80
13	73
14	78
15	2
16	28
17	55
18	83
19	57
20	83
21	34
22	78
23	24
24	59
25	4
26	83
27	68
28	22
29	16
30	82
31	86
32	37
33	97
34	67
35	56
36	9
37	26
38	70
39	96
40	35
41	83
42	6
43	5
44	46
45	61
46	37
47	47
48	10
49	63
50	80
51	50
52	81
53	9
54	92
55	8
56	41
57	70
58	75
59	71
60	7
61	89
62	39
63	58
64	61
65	9
66	10
67	3
68	17
69	84
70	58
71	19
72	64
73	57
74	18
75	44
76	46
77	49
78	55
79	6
80	91
/

sigma(i)	Size
/
0	0
1	5
2	4
3	7
4	1
5	4
6	5
7	5
8	6
9	4
10	5
11	9
12	6
13	2
14	9
15	9
16	2
17	1
18	5
19	7
20	6
21	7
22	6
23	7
24	5
25	5
26	5
27	9
28	9
29	7
30	2
31	5
32	7
33	4
34	1
35	4
36	3
37	9
38	4
39	8
40	9
41	8
42	7
43	2
44	9
45	9
46	5
47	2
48	4
49	7
50	8
51	9
52	1
53	8
54	5
55	7
56	6
57	5
58	1
59	3
60	5
61	1
62	5
63	6
64	2
65	5
66	8
67	6
68	3
69	7
70	4
71	3
72	4
73	1
74	1
75	1
76	8
77	3
78	2
79	8
80	1
/

epsilon(i)	Priority
/
0	0
1	3
2	4
3	7
4	8
5	7
6	1
7	9
8	6
9	4
10	6
11	9
12	2
13	3
14	9
15	3
16	3
17	9
18	1
19	2
20	6
21	2
22	8
23	6
24	6
25	5
26	2
27	6
28	4
29	9
30	9
31	2
32	8
33	5
34	7
35	4
36	1
37	8
38	3
39	7
40	3
41	3
42	7
43	8
44	4
45	8
46	7
47	7
48	4
49	8
50	1
51	8
52	1
53	1
54	9
55	5
56	7
57	9
58	2
59	2
60	2
61	3
62	9
63	5
64	5
65	3
66	7
67	1
68	8
69	2
70	5
71	9
72	3
73	2
74	9
75	4
76	6
77	6
78	2
79	2
80	8
/

psi	Vehicle Capacity
/ 9 /
;

Table kappa(i,j)                 Setup
         0        1        2        3        4        5        6        7        8        9        10       11       12       13       14       15       16       17       18       19       20       21       22       23       24       25       26       27       28       29       30       31       32       33       34       35       36       37       38       39       40       41       42       43       44       45       46       47       48       49       50       51       52       53       54       55       56       57       58       59       60       61       62       63       64       65       66       67       68       69       70       71       72       73       74       75       76       77       78       79       80       
0        0        272      660      618      240      619      935      333      539      459      422      614      750      616      914      381      155      751      765      832      720      870      386      983      841      133      762      1022     914      391      519      599      949      612      263      517      788      395      520      491      913      877      418      759      458      783      762      389      598      934      805      752      813      336      704      583      1073     230      563      569      551      633      632      701      386      601      903      365      736      313      518      588      783      304      225      833      625      398      1021     903      775      
1        272      0        888      845      132      891      929      357      738      662      622      635      483      372      657      619      203      485      596      721      669      605      426      953      568      397      498      1027     642      618      363      462      677      847      252      778      655      641      254      680      710      931      546      622      191      674      490      414      700      812      773      482      563      548      440      450      803      410      592      324      703      869      867      530      335      436      699      519      503      51       498      854      684      560      449      821      357      335      749      650      914      
2        660      888      0        43       898      469      837      959      180      812      806      627      1363     1259     1544     280      686      1366     1425     1003     1337     1486     589      922      1418     533      1287     867      1467     271      904      1257     1517     60       687      600      1020     270      1140     863      1256     652      927      1010     1078     1427     1328     612      436      1096     820      1303     1452     339      1324     900      1612     771      603      1075     309      47       45       1034     720      1262     1251     404      1386     909      689      579      1423     606      700      791      1179     737      1594     1375     369      
3        618      845      43       0        855      459      820      919      145      782      774      598      1320     1216     1500     238      642      1323     1382     973      1298     1443     550      904      1375     491      1246     855      1426     228      865      1215     1475     43       645      578      987      230      1096     833      1221     641      891      976      1034     1387     1286     573      410      1067     796      1261     1408     296      1280     862      1571     733      571      1034     280      48       44       997      679      1219     1215     363      1343     865      654      563      1383     572      662      770      1137     697      1551     1335     366      
4        240      132      898      855      0        832      1041     224      767      550      509      736      529      381      682      620      255      530      534      851      555      646      513      1071     640      373      600      1136     724      627      495      379      750      851      342      698      786      635      306      562      840      1025     418      753      250      581      572      506      774      944      889      573      578      566      482      580      886      302      689      446      755      873      871      663      446      369      829      566      496      181      607      778      587      481      356      933      456      448      817      761      975      
5        619      891      469      459      832      0        1235     775      546      465      480      957      1361     1210     1512     416      738      1361     1272     1300     1086     1478     811      1312     1460     505      1379     1285     1534     451      1078     1099     1569     417      807      195      1287     384      1133     509      1474     1079     644      1267     1073     1215     1382     829      807      1403     1173     1371     1405     508      1314     1113     1693     572      915      1178     679      423      426      1247     900      1127     1466     635      1314     933      952      130      1202     361      496      1165     1244     917      1640     1511     822      
6        935      929      837      820      1041     1235     0        1240     696      1357     1328     322      1197     1209     1379     829      809      1202     1500     370      1596     1294     549      89       1154     911      972      101      1145     791      623      1388     1210     861      703      1277     450      858      1063     1400     699      208      1353     471      1027     1601     1071     549      427      398      166      1026     1338     754      1183     539      1228     1164     373      830      557      868      864      582      595      1353     702      635      1335     903      434      1301     1613     1143     1138     108      957      594      1277     948      495      
7        333      357      959      919      224      775      1240     0        861      391      354      924      662      485      775      683      431      661      497      1072     388      762      695      1277     797      435      793      1332     890      702      718      323      904      905      537      606      1010     689      471      387      1061     1202     216      977      431      468      745      693      929      1167     1095     756      664      659      614      802      1049     206      875      662      884      925      924      888      652      354      1050     699      561      405      808      691      463      417      284      1133     651      657      963      961      1108     
8        539      738      180      145      767      546      696      861      0        788      774      455      1204     1111     1388     196      535      1207     1301     829      1248     1326     410      777      1250     426      1113     740      1296     165      726      1138     1347     176      521      626      842      210      985      839      1076     532      868      831      924      1322     1159     433      274      924      658      1132     1300     203      1166     719      1438     693      427      902      141      190      186      853      543      1136     1071     231      1241     753      509      630      1321     567      631      637      1010     559      1424     1197     293      
9        459      662      812      782      550      465      1357     391      788      0        40       1037     1050     875      1167     593      613      1049     857      1290     630      1154     822      1415     1178     446      1150     1433     1268     628      975      691      1287     751      722      270      1247     579      845      51       1360     1259     198      1218     796      770      1118     831      964      1392     1243     1122     1055     628      1001     1041     1429     252      987      987      871      767      768      1156     844      734      1349     728      952      713      965      348      754      223      233      1262     1007     856      1349     1310     1078     
10       422      622      806      774      509      480      1328     354      774      40       0        1008     1011     837      1129     577      577      1010     825      1255     608      1115     791      1385     1138     417      1110     1406     1228     611      937      658      1247     745      686      287      1211     565      805      71       1321     1235     169      1182     755      744      1078     798      941      1357     1212     1082     1018     607      962      1004     1388     212      957      947      851      762      763      1118     808      699      1310     703      915      673      932      369      729      206      197      1232     966      820      1309     1270     1061     
11       614      635      627      598      736      957      322      924      455      1037     1008     0        981      956      1170     541      493      985      1225     376      1290     1091     229      377      973      591      804      408      990      505      402      1098     1051     632      393      974      402      572      809      1079     657      298      1031     399      763      1309     883      232      197      469      217      844      1110     454      957      348      1106     842      51       619      318      645      641      456      302      1070     654      328      1087     617      148      1007     1318     827      816      224      747      307      1125     836      396      
12       750      483      1363     1320     529      1361     1197     662      1204     1050     1011     981      0        182      190      1101     679      5        438      871      722      122      832      1187     154      879      273      1298     253      1097     584      464      247      1326     685      1226     783      1123     230      1050     659      1271     877      752      292      616      163      812      1108     921      1031     206      147      1025     48       660      397      820      952      368      1144     1347     1345     631      702      399      647      975      201      455      833      1307     642      1011     883      1096     240      690      301      424      1333     
13       616      372      1259     1216     381      1210     1209     485      1111     875      837      956      182      0        302      986      576      180      312      918      555      278      775      1212     331      749      397      1310     430      988      586      291      430      1217     610      1064     834      1005     146      872      763      1254     698      801      195      469      308      758      1055     984      1043     338      197      920      136      673      580      654      920      398      1071     1238     1236     682      658      227      751      890      133      362      808      1147     492      853      721      1103     298      650      482      567      1274     
14       914      657      1544     1500     682      1512     1379     775      1388     1167     1129     1170     190      302      0        1277     857      186      418      1043     740      89       1021     1365     248      1046     423      1480     316      1275     771      512      270      1504     871      1365     955      1298     404      1159     801      1460     981      925      466      603      314      1002     1298     1084     1214     361      111      1204     222      845      401      954      1142     555      1332     1526     1524     805      892      452      790      1160     219      635      1023     1448     632      1155     1023     1280     426      880      275      537      1522     
15       381      619      280      238      620      416      829      683      196      593      577      541      1101     986      1277     0        423      1103     1145     887      1066     1223     406      903      1168     253      1053     889      1226     38       701      977      1272     231      449      451      880      32       874      643      1085     693      674      863      811      1150     1081     427      405      989      758      1060     1181     98       1059     720      1378     504      499      842      289      253      251      857      514      982      1078     221      1111     645      541      471      1147     371      438      753      933      532      1347     1161     485      
16       155      203      686      642      255      738      809      431      535      613      577      493      679      576      857      423      0        681      783      679      801      801      265      849      747      233      644      900      810      418      366      633      852      647      112      659      633      446      453      645      762      775      558      604      391      836      662      261      519      781      669      644      766      346      638      428      965      378      444      440      506      668      666      547      235      619      752      318      706      223      380      724      841      452      380      703      516      245      927      772      722      
17       751      485      1366     1323     530      1361     1202     661      1207     1049     1010     985      5        180      186      1103     681      0        433      877      718      120      835      1192     158      881      278      1303     257      1099     588      460      250      1328     688      1226     789      1125     231      1048     664      1276     876      758      293      611      168      816      1112     926      1036     212      141      1027     48       665      401      820      956      373      1148     1350     1347     636      706      395      653      977      196      458      837      1307     637      1011     882      1101     245      694      302      429      1336     
18       765      596      1425     1382     534      1272     1500     497      1301     857      825      1225     438      312      418      1145     783      433      0        1226     327      462      1022     1510     587      892      698      1600     683      1156     882      174      659      1374     848      1098     1143     1156     445      836      1073     1523     659      1109     473      186      596      1009     1296     1295     1336     634      329      1098     411      972      805      703      1184     708      1288     1396     1394     992      922      164      1061     1099     237      608      1081     1183     214      914      781      1392     610      918      685      860      1505     
19       832      721      1003     973      851      1300     370      1072     829      1290     1255     376      871      918      1043     887      679      877      1226     0        1381     955      493      331      806      862      623      461      786      855      360      1143     851      1006     568      1285     88       920      781      1324     330      529      1233     119      760      1355     729      478      572      104      234      683      1017     792      866      271      860      1058     402      520      694      1020     1016     240      446      1097     333      666      1033     680      348      1332     1371     1106     1057     301      636      434      915      580      746      
20       720      669      1337     1298     555      1086     1596     388      1248     630      608      1290     722      555      740      1066     801      718      327      1381     0        773      1065     1623     876      822      950      1692     975      1087     1021     264      962      1281     897      896      1307     1068     639      595      1294     1577     442      1273     636      162      863      1059     1312     1465     1442     893      642      1047     684      1111     1112     566      1243     897      1272     1300     1300     1166     1000     327      1282     1085     537      704      1162     977      137      756      640      1488     833      1002     997      1121     1496     
21       870      605      1486     1443     646      1478     1294     762      1326     1154     1115     1091     122      278      89       1223     801      120      462      955      773      0        950      1278     160      1000     334      1394     236      1220     690      528      199      1449     806      1339     867      1246     351      1150     712      1378     974      837      413      647      225      930      1224     995      1128     272      132      1147     165      761      343      930      1065     473      1264     1470     1467     718      818      465      701      1096     235      578      945      1421     675      1125     995      1195     344      806      224      451      1449     
22       386      426      589      550      513      811      549      695      410      822      791      229      832      775      1021     406      265      835      1022     493      1065     950      0        597      856      379      709      638      894      379      315      885      948      572      174      793      476      438      633      862      681      512      804      457      579      1093     765      22       279      597      421      733      947      308      800      317      1031     616      179      501      318      590      586      453      135      862      675      192      908      418      147      838      1100     622      596      447      617      151      1025     786      502      
23       983      953      922      904      1071     1312     89       1277     777      1415     1385     377      1187     1212     1365     903      849      1192     1510     331      1623     1278     597      0        1133     968      950      137      1116     865      627      1406     1182     945      740      1346     417      932      1068     1456     651      297      1401     442      1037     1620     1053     594      506      338      181      1007     1330     823      1177     539      1189     1213     428      824      637      952      948      560      625      1368     655      701      1335     923      469      1374     1633     1205     1192     153      947      622      1246     910      584      
24       841      568      1418     1375     640      1460     1154     797      1250     1178     1138     973      154      331      248      1168     747      158      587      806      876      160      856      1133     0        964      182      1253     99       1159     571      618      109      1386     730      1337     718      1193     335      1182     552      1252     1014     690      390      768      91       835      1121     840      991      130      270      1084     195      633      252      940      952      358      1175     1406     1404     573      721      553      541      1018     350      530      831      1416     794      1119     997      1059     239      707      180      291      1347     
25       133      397      533      491      373      505      911      435      426      446      417      591      879      749      1046     253      233      881      892      862      822      1000     379      968      964      0        874      989      1033     268      587      724      1072     482      314      433      830      264      649      489      986      824      464      805      587      899      883      389      533      966      798      869      946      225      835      636      1191     277      540      673      462      503      502      764      424      729      977      292      869      433      524      494      896      244      231      815      741      439      1145     1005     684      
26       762      498      1287     1246     600      1379     972      793      1113     1150     1110     804      273      397      423      1053     644      278      698      623      950      334      709      950      182      874      0        1071     186      1040     407      685      246      1260     604      1276     535      1080     327      1161     386      1076     1006     507      361      866      112      686      962      660      810      66       418      963      288      458      325      901      787      211      1027     1280     1277     391      573      623      374      883      467      451      666      1350     889      1058     946      879      143      557      321      173      1186     
27       1022     1027     867      855      1136     1285     101      1332     740      1433     1406     408      1298     1310     1480     889      900      1303     1600     461      1692     1394     638      137      1253     989      1071     0        1242     850      725      1487     1307     897      796      1340     543      916      1164     1478     786      215      1438     566      1128     1700     1170     639      484      475      267      1125     1439     820      1284     640      1321     1248     459      931      607      902      898      680      692      1453     790      707      1436     1001     530      1359     1711     1217     1219     208      1057     692      1373     1041     508      
28       914      642      1467     1426     724      1534     1145     890      1296     1268     1228     990      253      430      316      1226     810      257      683      786      975      236      894      1116     99       1033     186      1242     0        1215     593      717      65       1438     781      1418     699      1253     422      1273     504      1258     1107     675      474      865      152      872      1149     808      985      166      359      1139     294      643      161      1026     973      393      1212     1459     1456     564      758      652      495      1065     446      601      852      1495     891      1200     1080     1055     293      742      135      228      1373     
29       391      618      271      228      627      451      791      702      165      628      611      505      1097     988      1275     38       418      1099     1156     855      1087     1220     379      865      1159     268      1040     850      1215     0        680      989      1262     229      435      490      850      68       871      678      1060     654      702      834      809      1167     1072     400      366      956      721      1049     1181     76       1056     694      1365     528      463      828      250      250      248      832      492      992      1053     189      1114     641      510      510      1164     405      465      715      923      510      1338     1143     450      
30       519      363      904      865      495      1078     623      718      726      975      937      402      584      586      771      701      366      588      882      360      1021     690      315      627      571      587      407      725      593      680      0        787      652      885      273      1020     291      732      441      1002     398      688      892      258      410      1000     481      292      555      449      457      442      719      604      564      91       721      729      381      217      626      904      900      181      187      745      389      503      711      320      259      1080     1015     818      743      518      346      169      728      471      779      
31       599      462      1257     1215     379      1099     1388     323      1138     691      658      1098     464      291      512      977      633      460      174      1143     264      528      885      1406     618      724      685      1487     717      989      787      0        708      1205     710      926      1065     987      380      674      1035     1394     495      1031     385      213      600      874      1152     1222     1228     629      405      935      424      878      859      529      1054     643      1134     1226     1225     920      798      65       1023     945      295      485      960      1011     227      740      606      1279     571      796      750      857      1354     
32       949      677      1517     1475     750      1569     1210     904      1347     1287     1247     1051     247      430      270      1272     852      250      659      851      962      199      948      1182     109      1072     246      1307     65       1262     652      708      0        1487     830      1447     765      1297     444      1289     567      1321     1120     740      500      843      190      926      1207     873      1050     215      330      1186     293      705      150      1049     1033     447      1267     1508     1505     629      812      644      558      1116     426      638      912      1525     871      1229     1106     1120     338      797      76       290      1432     
33       612      847      60       43       851      417      861      905      176      751      745      632      1326     1217     1504     231      647      1328     1374     1006     1281     1449     572      945      1386     482      1260     897      1438     229      885      1205     1487     0        657      541      1017     218      1100     803      1247     683      868      1005     1038     1373     1297     594      447      1101     833      1273     1411     302      1285     886      1585     714      603      1048     316      21       20       1022     698      1212     1241     381      1342     870      681      523      1368     546      642      809      1148     716      1563     1354     409      
34       263      252      687      645      342      807      703      537      521      722      686      393      685      610      871      449      112      688      848      568      897      806      174      740      730      314      604      796      781      435      273      710      830      657      0        748      525      478      473      755      671      684      670      498      416      919      640      164      449      670      559      616      789      358      649      324      930      490      346      393      462      677      675      450      123      688      663      290      743      248      270      807      927      549      489      596      491      134      906      713      665      
35       517      778      600      578      698      195      1277     606      626      270      287      974      1226     1064     1365     451      659      1226     1098     1285     896      1339     793      1346     1337     433      1276     1340     1418     490      1020     926      1447     541      748      0        1260     426      1004     314      1419     1144     455      1236     946      1029     1265     807      856      1389     1191     1260     1256     523      1178     1069     1579     411      927      1087     740      553      555      1198     856      960      1410     646      1159     825      940      85       1015     218      343      1194     1136     872      1515     1420     918      
36       788      655      1020     987      786      1287     450      1010     842      1247     1211     402      783      834      955      880      633      789      1143     88       1307     867      476      417      718      830      535      543      699      850      291      1065     765      1017     525      1260     0        913      698      1279     264      593      1178     34       680      1276     641      458      599      158      301      594      929      783      778      209      778      1009     418      435      712      1032     1028     153      407      1018     264      660      947      611      340      1310     1292     1072     1014     371      549      393      830      498      789      
37       395      641      270      230      635      384      858      689      210      579      565      572      1123     1005     1298     32       446      1125     1156     920      1068     1246     438      932      1193     264      1080     916      1253     68       732      987      1297     218      478      426      913      0        895      630      1117     718      669      895      832      1156     1107     459      432      1021     789      1087     1201     130      1081     752      1405     504      531      870      313      239      238      889      545      994      1110     253      1129     668      574      442      1152     359      435      783      959      563      1373     1190     502      
38       520      254      1140     1096     306      1133     1063     471      985      845      805      809      230      146      404      874      453      231      445      781      639      351      633      1068     335      649      327      1164     422      871      441      380      444      1100     473      1004     698      895      0        851      655      1107     688      664      62       582      274      616      913      851      898      284      316      800      186      529      583      605      774      266      936      1122     1120     548      513      325      643      759      278      231      662      1083     601      787      662      957      195      505      511      500      1135     
39       491      680      863      833      562      509      1400     387      839      51       71       1079     1050     872      1159     643      645      1048     836      1324     595      1150     862      1456     1182     489      1161     1478     1273     678      1002     674      1289     803      755      314      1279     630      851      0        1384     1306     179      1249     804      740      1125     869      1011     1426     1284     1131     1048     676      1001     1072     1433     274      1029     1005     920      819      820      1183     878      720      1373     774      942      732      1003     389      723      273      268      1304     1018     889      1350     1324     1128     
40       913      710      1256     1221     840      1474     699      1061     1076     1360     1321     657      659      763      801      1085     762      664      1073     330      1294     712      681      651      552      986      386      786      504      1060     398      1035     567      1247     671      1419     264      1117     655      1384     0        856      1256     259      661      1231     497      659      850      318      562      452      804      987      670      365      546      1110     665      403      955      1264     1260     228      575      978      12       873      850      660      567      1479     1252     1214     1132     631      466      557      621      277      1050     
41       877      931      652      641      1025     1079     208      1202     532      1259     1235     298      1271     1254     1460     693      775      1276     1523     529      1577     1378     512      297      1252     824      1076     215      1258     654      688      1394     1321     683      684      1144     593      718      1107     1306     856      0        1284     606      1062     1603     1164     520      294      581      294      1122     1404     634      1250     619      1359     1094     339      905      405      688      684      698      601      1368     857      532      1385     915      445      1158     1611     1038     1056     228      1034     606      1392     1080     294      
42       418      546      927      891      418      644      1353     216      868      198      169      1031     877      698      981      674      558      876      659      1233     442      974      804      1401     1014     464      1006     1438     1107     702      892      495      1120     868      670      455      1178     669      688      179      1256     1284     0        1147     645      575      961      807      996      1331     1222     971      870      681      829      969      1266     190      980      865      924      886      887      1069     793      540      1245     755      764      597      935      537      560      324      237      1251     864      802      1178     1173     1143     
43       759      622      1010     976      753      1267     471      977      831      1218     1182     399      752      801      925      863      604      758      1109     119      1273     837      457      442      690      805      507      566      675      834      258      1031     740      1005     498      1236     34       895      664      1249     259      606      1147     0        646      1241     612      438      594      192      317      566      898      765      747      178      758      979      411      402      704      1021     1017     121      381      983      257      644      914      578      325      1288     1258     1046     985      387      517      366      806      478      791      
44       458      191      1078     1034     250      1073     1027     431      924      796      755      763      292      195      466      811      391      293      473      760      636      413      579      1037     390      587      361      1128     474      809      410      385      500      1038     416      946      680      832      62       804      661      1062     645      646      0        595      323      563      859      836      863      327      376      738      248      500      635      552      726      260      878      1060     1057     534      463      337      649      699      328      170      617      1025     612      729      606      920      220      456      569      530      1080     
45       783      674      1427     1387     581      1215     1601     468      1322     770      744      1309     616      469      603      1150     836      611      186      1355     162      647      1093     1620     768      899      866      1700     865      1167     1000     213      843      1373     919      1029     1276     1156     582      740      1231     1603     575      1241     595      0        769      1083     1355     1431     1442     804      515      1118     585      1091     990      667      1264     848      1329     1394     1393     1128     1010     258      1219     1140     419      698      1172     1113     28       870      745      1493     765      1009     871      1032     1552     
46       762      490      1328     1286     572      1382     1071     745      1159     1118     1078     883      163      308      314      1081     662      168      596      729      863      225      765      1053     91       883      112      1170     152      1072     481      600      190      1297     640      1265     641      1107     274      1125     497      1164     961      612      323      769      0        743      1030     771      906      47       306      996      184      544      313      875      861      267      1083     1318     1315     493      629      536      486      928      362      449      740      1343     794      1047     928      974      149      615      266      263      1255     
47       389      414      612      573      506      829      549      693      433      831      798      232      812      758      1002     427      261      816      1009     478      1059     930      22       594      835      389      686      639      872      400      292      874      926      594      164      807      458      459      616      869      659      520      807      438      563      1083     743      0        297      582      416      711      929      328      782      295      1008     619      183      479      340      613      609      432      114      851      653      214      892      404      134      854      1091     633      602      445      596      129      1003     764      520      
48       598      700      436      410      774      807      427      929      274      964      941      197      1108     1055     1298     405      519      1112     1296     572      1312     1224     279      506      1121     533      962      484      1149     366      555      1152     1207     447      449      856      599      432      913      1011     850      294      996      594      859      1355     1030     297      0        661      385      995      1226     339      1078     521      1275     806      186      763      132      458      454      642      405      1134     847      240      1188     696      300      875      1360     743      764      363      885      418      1283     1013     225      
49       934      812      1096     1067     944      1403     398      1167     924      1392     1357     469      921      984      1084     989      781      926      1295     104      1465     995      597      338      840      966      660      475      808      956      449      1222     873      1101     670      1389     158      1021     851      1426     318      581      1331     192      836      1431     771      582      661      0        297      724      1068     894      920      364      864      1158     499      586      787      1114     1110     303      548      1173     324      768      1092     769      451      1435     1448     1210     1159     355      693      536      932      590      822      
