

sets
i        orders          /0*5/
k        routes          /1*5/
p        positions       /0*5/
;

alias(i,j)
alias(i,h)
alias(i,hh)
alias(i,jj)
alias(k,kk)
                            Parameters

rho(i)	Processing time
/
0	0
1	11
2	14
3	9
4	67
5	11
/

gamma(i)	Duedate
/
0	0
1	12
2	6
3	94
4	89
5	74
/

sigma(i)	Size
/
0	0
1	3
2	7
3	9
4	1
5	3
/

epsilon(i)	Priority
/
0	0
1	9
2	5
3	1
4	8
5	2
/

psi	Vehicle Capacity
/ 33 /
;

Table kappa(i,j)                 Setup
         0        1        2        3        4        5        
0        0        228      431      120      104      398      
1        228      0        267      259      190      506      
2        431      267      0        381      337      490      
3        120      259      381      0        68       283      
4        104      190      337      68       0        338      
5        398      506      490      283      338      0        
;



Table delta(i,j)                 Distance
         0        1        2        3        4        5        
0        0        27       5        38       62       43       
1        27       0        22       13       44       15       
2        5        22       0        32       57       37       
3        38       13       32       0        30       10       
4        62       44       57       30       0        36       
5        43       15       37       10       36       0        
;

