

sets
i        orders          /0*5/
k        routes          /1*5/
p        positions       /0*5/
;

alias(i,j)
alias(i,h)
alias(i,hh)
alias(i,jj)
alias(k,kk)
                            Parameters

rho(i)	Processing time
/
0	0
1	85
2	46
3	92
4	83
5	96
/

gamma(i)	Duedate
/
0	0
1	79
2	16
3	9
4	89
5	57
/

sigma(i)	Size
/
0	0
1	1
2	8
3	2
4	2
5	2
/

epsilon(i)	Priority
/
0	0
1	3
2	8
3	9
4	4
5	9
/

psi	Vehicle Capacity
/ 18 /
;

Table kappa(i,j)                 Setup
         0        1        2        3        4        5        
0        0        183      214      234      230      164      
1        183      0        199      194      117      91       
2        214      199      0        30       314      268      
3        234      194      30       0        311      270      
4        230      117      314      311      0        65       
5        164      91       268      270      65       0        
;



Table delta(i,j)                 Distance
         0        1        2        3        4        5        
0        0        3180     870      2310     4410     4170     
1        3180     0        107      41       68       86       
2        870      107      0        89       135      121      
3        2310     41       89       0        107      117      
4        4410     68       135      107      0        33       
5        4170     86       121      117      33       0        
;

