

sets
i        orders          /0*20/
k        routes          /1*20/
p        positions       /0*20/
;

alias(i,j)
alias(i,h)
alias(i,hh)
alias(i,jj)
alias(k,kk)
                            Parameters

rho(i)	Processing time
/
0	0
1	97
2	54
3	87
4	74
5	95
6	78
7	75
8	16
9	96
10	14
11	37
12	22
13	50
14	10
15	88
16	6
17	26
18	11
19	16
20	3
/

gamma(i)	Duedate
/
0	0
1	73
2	21
3	10
4	75
5	31
6	62
7	68
8	58
9	39
10	99
11	89
12	28
13	6
14	10
15	91
16	70
17	57
18	5
19	15
20	48
/

sigma(i)	Size
/
0	0
1	9
2	9
3	8
4	3
5	2
6	5
7	9
8	6
9	4
10	8
11	5
12	5
13	1
14	9
15	5
16	1
17	6
18	5
19	2
20	4
/

epsilon(i)	Priority
/
0	0
1	2
2	7
3	1
4	7
5	9
6	3
7	3
8	7
9	5
10	6
11	7
12	9
13	3
14	4
15	5
16	6
17	5
18	7
19	9
20	8
/

psi	Vehicle Capacity
/ 16 /
;

Table kappa(i,j)                 Setup
         0        1        2        3        4        5        6        7        8        9        10       11       12       13       14       15       16       17       18       19       20       
0        0        1131     351      650      840      1172     1163     406      910      911      1118     787      234      1216     1120     1171     385      841      726      678      706      
1        1131     0        1164     1780     1901     56       1876     811      250      651      1371     904      937      1148     1535     1187     882      568      1831     628      1823     
2        351      1164     0        780      745      1215     1503     355      916      1135     1455     1078     293      922      1469     1482     662      717      713      574      726      
3        650      1780     780      0        490      1820     1075     1029     1560     1471     1391     1264     866      1683     1291     1549     958      1458     296      1299     228      
4        840      1901     745      490      0        1949     1564     1090     1656     1750     1819     1599     973      1483     1745     1941     1221     1455     193      1318     261      
5        1172     56       1215     1820     1949     0        1886     861      304      645      1367     908      982      1201     1535     1174     910      625      1877     683      1868     
6        1163     1876     1503     1075     1564     1886     0        1500     1766     1272     678      988      1352     2367     471      942      1079     1879     1370     1731     1303     
7        406      811      355      1029     1090     861      1500     0        566      835      1292     846      171      875      1355     1261     470      435      1032     273      1032     
8        910      250      916      1560     1656     304      1766     566      0        649      1337     846      702      969      1475     1194     715      346      1594     380      1589     
9        911      651      1135     1471     1750     645      1272     835      649      0        721      286      842      1564     892      546      530      932      1622     864      1591     
10       1118     1371     1455     1391     1819     1367     678      1292     1337     721      0        493      1203     2146     211      266      824      1555     1642     1441     1587     
11       787      904      1078     1264     1599     908      988      846      846      286      493      0        795      1670     633      414      415      1066     1452     960      1411     
12       234      937      293      866      973      982      1352     171      702      842      1203     795      0        1015     1243     1205     385      607      894      444      887      
13       1216     1148     922      1683     1483     1201     2367     875      969      1564     2146     1670     1015     0        2225     2073     1339     635      1540     710      1577     
14       1120     1535     1469     1291     1745     1535     471      1355     1475     892      211      633      1243     2225     0        477      886      1661     1561     1534     1501     
15       1171     1187     1482     1549     1941     1174     942      1261     1194     546      266      414      1205     2073     477      0        820      1455     1776     1362     1727     
16       385      882      662      958      1221     910      1079     470      715      530      824      415      385      1339     886      820      0        802      1092     659      1063     
17       841      568      717      1458     1455     625      1879     435      346      932      1555     1066     607      635      1661     1455     802      0        1429     162      1438     
18       726      1831     713      296      193      1877     1370     1032     1594     1622     1642     1452     894      1540     1561     1776     1092     1429     0        1281     68       
19       678      628      574      1299     1318     683      1731     273      380      864      1441     960      444      710      1534     1362     659      162      1281     0        1287     
20       706      1823     726      228      261      1868     1303     1032     1589     1591     1587     1411     887      1577     1501     1727     1063     1438     68       1287     0        
;



Table delta(i,j)                 Distance
         0        1        2        3        4        5        6        7        8        9        10       11       12       13       14       15       16       17       18       19       20       
0        0        450      80       600      690      820      260      600      450      340      310      730      650      60       300      710      200      460      800      740      800      
1        450      0        46       50       26       81       35       19       54       48       64       61       37       43       42       48       51       13       71       54       37       
2        80       46       0        67       68       74       19       58       37       25       23       66       60       4        38       77       28       49       72       81       79       
3        600      50       67       0        71       128      72       68       95       86       91       111      88       63       31       17       47       38       120      17       79       
4        690      26       68       71       0        78       51       9        62       61       81       56       26       65       68       63       77       35       65       68       11       
5        820      81       74       128      78       0        59       72       37       48       62       22       51       76       107      129      102      93       14       135      82       
6        260      35       19       72       51       59       0        42       24       14       29       47       41       20       47       76       44       42       55       81       62       
7        600      19       58       68       9        72       42       0        54       52       72       51       22       56       61       62       69       30       61       68       20       
8        450      54       37       95       62       37       24       54       0        11       29       31       41       39       71       99       65       64       36       104      71       
9        340      48       25       86       61       48       14       52       11       0        21       41       44       28       60       91       54       57       47       96       71       
10       310      64       23       91       81       62       29       72       29       21       0        60       66       27       61       100      50       70       64       104      91       
11       730      61       66       111      56       22       47       51       31       41       60       0        29       67       93       110      91       74       10       116      60       
12       650      37       60       88       26       51       41       22       41       44       66       29       0        60       76       84       79       50       38       90       32       
13       60       43       4        63       65       76       20       56       39       28       27       67       60       0        34       72       25       45       74       76       77       
14       300      42       38       31       68       107      47       61       71       60       61       93       76       34       0        44       16       34       101      47       79       
15       710      48       77       17       63       129      76       62       99       91       100      110      84       72       44       0        61       36       120      5        69       
16       200      51       28       47       77       102      44       69       65       54       50       91       79       25       16       61       0        46       99       63       88       
17       460      13       49       38       35       93       42       30       64       57       70       74       50       45       34       36       46       0        84       41       45       
18       800      71       72       120      65       14       55       61       36       47       64       10       38       74       101      120      99       84       0        125      69       
19       740      54       81       17       68       135      81       68       104      96       104      116      90       76       47       5        63       41       125      0        75       
20       800      37       79       79       11       82       62       20       71       71       91       60       32       77       79       69       88       45       69       75       0        
;

