

sets
i        orders          /0*20/
k        routes          /1*20/
p        positions       /0*20/
;

alias(i,j)
alias(i,h)
alias(i,hh)
alias(i,jj)
alias(k,kk)
                            Parameters

rho(i)	Processing time
/
0	0
1	51
2	88
3	59
4	58
5	20
6	20
7	39
8	44
9	6
10	30
11	74
12	22
13	75
14	80
15	10
16	94
17	49
18	16
19	12
20	59
/

gamma(i)	Duedate
/
0	0
1	80
2	26
3	58
4	2
5	67
6	87
7	54
8	71
9	46
10	36
11	66
12	89
13	86
14	44
15	78
16	47
17	74
18	28
19	54
20	11
/

sigma(i)	Size
/
0	0
1	2
2	2
3	9
4	6
5	2
6	4
7	6
8	8
9	7
10	5
11	6
12	5
13	6
14	6
15	3
16	6
17	6
18	9
19	8
20	9
/

epsilon(i)	Priority
/
0	0
1	1
2	5
3	2
4	8
5	4
6	7
7	8
8	6
9	5
10	5
11	7
12	5
13	7
14	7
15	9
16	9
17	1
18	8
19	4
20	8
/

psi	Vehicle Capacity
/ 24 /
;

Table kappa(i,j)                 Setup
         0        1        2        3        4        5        6        7        8        9        10       11       12       13       14       15       16       17       18       19       20       
0        0        1612     2306     1513     2050     627      2129     1175     2032     916      1437     113      1228     1773     600      1587     1500     1749     1204     1591     832      
1        1612     0        1016     922      438      1153     1036     594      475      785      340      1518     461      783      1045     1164     1424     533      490      525      791      
2        2306     1016     0        883      849      1700     288      1141     633      1395     938      2195     1434     1742     1711     990      1307     1477     1460     1522     1629     
3        1513     922      883      0        1147     886      644      525      972      690      596      1400     1073     1668     964      241      528      1441     1087     1388     1040     
4        2050     438      849      1147     0        1570     990      977      225      1200     685      1955     877      930      1477     1372     1675     675      906      766      1229     
5        627      1153     1700     886      1570     0        1508     610      1505     370      899      513      904      1568     207      970      934      1453     891      1320     552      
6        2129     1036     288      644      990      1508     0        1003     765      1241     863      2016     1396     1808     1548     715      1027     1546     1419     1561     1522     
7        1175     594      1141     525      977      610      1003     0        896      258      293      1066     569      1216     575      737      914      1025     577      935      530      
8        2032     475      633      972      225      1505     765      896      0        1142     606      1931     936      1116     1441     1186     1499     853      965      918      1240     
9        916      785      1395     690      1200     370      1241     258      1142     0        536      807      596      1275     316      855      948      1126     591      1008     374      
10       1437     340      938      596      685      899      863      293      606      536      0        1333     537      1074     840      837      1085     845      559      795      694      
11       113      1518     2195     1400     1955     513      2016     1066     1931     807      1333     0        1149     1719     493      1475     1395     1680     1127     1525     749      
12       1228     461      1434     1073     877      904      1396     569      936      596      537      1149     0        678      737      1299     1480     551      29       416      401      
13       1773     783      1742     1668     930      1568     1808     1216     1116     1275     1074     1719     678      0        1384     1907     2127     264      684      282      1026     
14       600      1045     1711     964      1477     207      1548     575      1441     316      840      493      737      1384     0        1088     1100     1288     720      1146     358      
15       1587     1164     990      241      1372     970      715      737      1186     855      837      1475     1299     1907     1088     0        325      1682     1310     1626     1223     
16       1500     1424     1307     528      1675     934      1027     914      1499     948      1085     1395     1480     2127     1100     325      0        1920     1486     1845     1319     
17       1749     533      1477     1441     675      1453     1546     1025     853      1126     845      1680     551      264      1288     1682     1920     0        567      161      944      
18       1204     490      1460     1087     906      891      1419     577      965      591      559      1127     29       684      720      1310     1486     567      0        428      380      
19       1591     525      1522     1388     766      1320     1561     935      918      1008     795      1525     416      282      1146     1626     1845     161      428      0        796      
20       832      791      1629     1040     1229     552      1522     530      1240     374      694      749      401      1026     358      1223     1319     944      380      796      0        
;



Table delta(i,j)                 Distance
         0        1        2        3        4        5        6        7        8        9        10       11       12       13       14       15       16       17       18       19       20       
0        0        460      180      510      350      910      560      420      380      230      640      460      240      770      860      510      580      660      310      780      450      
1        460      0        37       82       16       73       62       80       76       67       22       14       31       57       51       30       56       42       52       43       17       
2        180      37       0        69       22       96       67       61       56       41       49       42       30       81       84       52       67       68       45       76       42       
3        510      82       69       0        79       80       37       14       17       33       104      72       50       74       96       64       48       72       29       91       70       
4        350      16       22       79       0        86       67       75       70       58       28       26       30       69       67       41       63       55       51       59       28       
5        910      73       96       80       86       0        43       90       89       94       90       60       67       16       37       45       34       30       65       40       58       
6        560      62       67       37       67       43       0        47       46       53       84       49       38       37       60       35       11       37       25       57       45       
7        420      80       61       14       75       90       47       0        4        21       101      73       49       83       102      68       57       78       31       97       71       
8        380      76       56       17       70       89       46       4        0        17       97       69       45       81       100      65       55       75       28       94       67       
9        230      67       41       33       58       94       53       21       17       0        86       63       38       83       99       63       60       76       29       92       61       
10       640      22       49       104      28       90       84       101      97       86       0        35       54       74       61       51       77       60       74       54       38       
11       460      14       42       72       26       60       49       73       69       63       35       0        25       43       42       16       42       29       43       34       3        
12       240      31       30       50       30       67       38       49       45       38       54       25       0        53       62       26       37       41       21       55       23       
13       770      57       81       74       69       16       37       83       81       83       74       43       53       0        27       29       26       14       54       26       41       
14       860      51       84       96       67       37       60       102      100      99       61       42       62       27       0        36       49       24       72       8        42       
15       510      30       52       64       41       45       35       68       65       63       51       16       26       29       36       0        26       15       37       29       13       
16       580      56       67       48       63       34       11       57       55       60       77       42       37       26       49       26       0        26       30       46       39       
17       660      42       68       72       55       30       37       78       75       76       60       29       41       14       24       15       26       0        48       20       27       
18       310      52       45       29       51       65       25       31       28       29       74       43       21       54       72       37       30       48       0        65       40       
19       780      43       76       91       59       40       57       97       94       92       54       34       55       26       8        29       46       20       65       0        34       
20       450      17       42       70       28       58       45       71       67       61       38       3        23       41       42       13       39       27       40       34       0        
;

