

sets
i        orders          /0*5/
k        routes          /1*5/
p        positions       /0*5/
;

alias(i,j)
alias(i,h)
alias(i,hh)
alias(i,jj)
alias(k,kk)
                            Parameters

rho(i)	Processing time
/
0	0
1	6
2	74
3	32
4	39
5	48
/

gamma(i)	Duedate
/
0	0
1	17
2	25
3	23
4	83
5	46
/

sigma(i)	Size
/
0	0
1	3
2	1
3	4
4	9
5	3
/

epsilon(i)	Priority
/
0	0
1	7
2	1
3	8
4	3
5	7
/

psi	Vehicle Capacity
/ 123 /
;

Table kappa(i,j)                 Setup
         0        1        2        3        4        5        
0        0        338      210      289      211      317      
1        338      0        128      60       160      87       
2        210      128      0        81       87       121      
3        289      60       81       0        142      52       
4        211      160      87       142      0        192      
5        317      87       121      52       192      0        
;



Table delta(i,j)                 Distance
         0        1        2        3        4        5        
0        0        390      290      350      380      210      
1        390      0        26       51       39       24       
2        290      26       0        24       14       8        
3        350      51       24       0        16       28       
4        380      39       14       16       0        21       
5        210      24       8        28       21       0        
;

