

sets
i        orders          /0*5/
k        routes          /1*5/
p        positions       /0*5/
;

alias(i,j)
alias(i,h)
alias(i,hh)
alias(i,jj)
alias(k,kk)
                            Parameters

rho(i)	Processing time
/
0	0
1	79
2	44
3	95
4	34
5	77
/

gamma(i)	Duedate
/
0	0
1	44
2	88
3	90
4	32
5	74
/

sigma(i)	Size
/
0	0
1	4
2	6
3	1
4	4
5	1
/

epsilon(i)	Priority
/
0	0
1	5
2	3
3	6
4	3
5	1
/

psi	Vehicle Capacity
/ 34 /
;

Table kappa(i,j)                 Setup
         0        1        2        3        4        5        
0        0        292      292      122      6        128      
1        292      0        54       182      293      227      
2        292      54       0        197      291      251      
3        122      182      197      0        125      61       
4        6        293      291      125      0        133      
5        128      227      251      61       133      0        
;



Table delta(i,j)                 Distance
         0        1        2        3        4        5        
0        0        290      590      360      270      480      
1        290      0        32       36       10       34       
2        590      32       0        46       41       26       
3        360      36       46       0        44       21       
4        270      10       41       44       0        44       
5        480      34       26       21       44       0        
;

