

sets
i        orders          /0*5/
k        routes          /1*5/
p        positions       /0*5/
;

alias(i,j)
alias(i,h)
alias(i,hh)
alias(i,jj)
alias(k,kk)
                            Parameters

rho(i)	Processing time
/
0	0
1	67
2	1
3	51
4	53
5	16
/

gamma(i)	Duedate
/
0	0
1	57
2	60
3	9
4	10
5	11
/

sigma(i)	Size
/
0	0
1	2
2	1
3	4
4	4
5	9
/

epsilon(i)	Priority
/
0	0
1	2
2	1
3	1
4	5
5	9
/

psi	Vehicle Capacity
/ 122 /
;

Table kappa(i,j)                 Setup
         0        1        2        3        4        5        
0        0        19       9        33       43       46       
1        19       0        17       18       28       27       
2        9        17       0        26       36       39       
3        33       18       26       0        10       14       
4        43       28       36       10       0        10       
5        46       27       39       14       10       0        
;



Table delta(i,j)                 Distance
         0        1        2        3        4        5        
0        0        54       184      97       112      81       
1        54       0        131      60       58       34       
2        184      131      0        99       85       123      
3        97       60       99       0        72       81       
4        112      58       85       72       0        38       
5        81       34       123      81       38       0        
;

