

sets
i        orders          /0*5/
k        routes          /1*5/
p        positions       /0*5/
;

alias(i,j)
alias(i,h)
alias(i,hh)
alias(i,jj)
alias(k,kk)
                            Parameters

rho(i)	Processing time
/
0	0
1	30
2	83
3	23
4	60
5	33
/

gamma(i)	Duedate
/
0	0
1	64
2	35
3	74
4	90
5	98
/

sigma(i)	Size
/
0	0
1	2
2	4
3	5
4	7
5	9
/

epsilon(i)	Priority
/
0	0
1	6
2	2
3	1
4	5
5	7
/

psi	Vehicle Capacity
/ 117 /
;

Table kappa(i,j)                 Setup
         0        1        2        3        4        5        
0        0        54       14       15       16       22       
1        54       0        55       55       40       49       
2        14       55       0        1        15       10       
3        15       55       1        0        16       9        
4        16       40       15       16       0        14       
5        22       49       10       9        14       0        
;



Table delta(i,j)                 Distance
         0        1        2        3        4        5        
0        0        58       60       50       50       45       
1        58       0        105      108      85       58       
2        60       105      0        49       22       52       
3        50       108      49       0        59       78       
4        50       85       22       59       0        30       
5        45       58       52       78       30       0        
;

