

sets
i        orders          /0*5/
k        routes          /1*5/
p        positions       /0*5/
;

alias(i,j)
alias(i,h)
alias(i,hh)
alias(i,jj)
alias(k,kk)
                            Parameters

rho(i)	Processing time
/
0	0
1	90
2	94
3	29
4	69
5	12
/

gamma(i)	Duedate
/
0	0
1	31
2	83
3	87
4	64
5	88
/

sigma(i)	Size
/
0	0
1	6
2	5
3	8
4	5
5	7
/

epsilon(i)	Priority
/
0	0
1	5
2	7
3	7
4	1
5	7
/

psi	Vehicle Capacity
/ 11 /
;

Table kappa(i,j)                 Setup
         0        1        2        3        4        5        
0        0        23       10       16       38       32       
1        23       0        13       19       41       34       
2        10       13       0        17       41       35       
3        16       19       17       0        24       18       
4        38       41       41       24       0        7        
5        32       34       35       18       7        0        
;



Table delta(i,j)                 Distance
         0        1        2        3        4        5        
0        0        91       66       103      117      120      
1        91       0        61       62       58       30       
2        66       61       0        38       115      89       
3        103      62       38       0        120      79       
4        117      58       115      120      0        52       
5        120      30       89       79       52       0        
;

