
sets
i        orders          /0*5/
k        routes          /1*5/
p        positions       /0*5/
;

alias(i,j)
alias(i,h)
alias(i,hh)
alias(i,jj)
alias(k,kk)
                
                    Parameters

rho(i)	Processing time
/
0	0
1	49
2	73
3	90
4	74
5	51
/

gamma(i)	Duedate
/
0	0
1	19
2	73
3	69
4	75
5	80
/

sigma(i)	Size
/
0	0
1	1
2	5
3	1
4	7
5	6
/

epsilon(i)	Priority
/
0	0
1	8
2	7
3	6
4	4
5	6
/

psi	Vehicle Capacity
/ 8 /
;

Table kappa(i,j)                 Setup
         0        1        2        3        4        5        
0        0        73       119      196      137      130      
1        73       0        50       140      134      62       
2        119      50       0        141      173      12       
3        196      140      141      0        124      145      
4        137      134      173      124      0        184      
5        130      62       12       145      184      0        
;



Table delta(i,j)                 Distance
         0        1        2        3        4        5        
0        0        1530     1980     1260     1470     1410     
1        1530     0        104      61       7        90       
2        1980     104      0        46       106      20       
3        1260     61       46       0        64       38       
4        1470     7        106      64       0        90       
5        1410     90       20       38       90       0        
;

