
sets
i        orders          /0*5/
k        routes          /1*5/
p        positions       /0*5/
;

alias(i,j)
alias(i,h)
alias(i,hh)
alias(i,jj)
alias(k,kk)
                
                    Parameters

rho(i)	Processing time
/
0	0
1	26
2	5
3	19
4	97
5	77
/

gamma(i)	Duedate
/
0	0
1	64
2	29
3	67
4	39
5	24
/

sigma(i)	Size
/
0	0
1	1
2	2
3	7
4	3
5	5
/

epsilon(i)	Priority
/
0	0
1	3
2	7
3	8
4	7
5	9
/

psi	Vehicle Capacity
/ 20 /
;

Table kappa(i,j)                 Setup
         0        1        2        3        4        5        
0        0        155      90       159      156      154      
1        155      0        103      100      93       96       
2        90       103      0        68       67       64       
3        159      100      68       0        6        5        
4        156      93       67       6        0        4        
5        154      96       64       5        4        0        
;



Table delta(i,j)                 Distance
         0        1        2        3        4        5        
0        0        1920     960      2220     1710     390      
1        1920     0        34       27       34       70       
2        960      34       0        42       28       41       
3        2220     27       42       0        21       84       
4        1710     34       28       21       0        68       
5        390      70       41       84       68       0        
;

