
sets
i        orders          /0*5/
k        routes          /1*5/
p        positions       /0*5/
;

alias(i,j)
alias(i,h)
alias(i,hh)
alias(i,jj)
alias(k,kk)
                
                    Parameters

rho(i)	Processing time
/
0	0
1	17
2	53
3	46
4	79
5	9
/

gamma(i)	Duedate
/
0	0
1	48
2	83
3	60
4	72
5	2
/

sigma(i)	Size
/
0	0
1	8
2	8
3	2
4	3
5	9
/

epsilon(i)	Priority
/
0	0
1	6
2	6
3	3
4	7
5	4
/

psi	Vehicle Capacity
/ 23 /
;

Table kappa(i,j)                 Setup
         0        1        2        3        4        5        
0        0        96       15       72       23       108      
1        96       0        82       55       79       203      
2        15       82       0        65       20       121      
3        72       55       65       0        49       176      
4        23       79       20       49       0        129      
5        108      203      121      176      129      0        
;



Table delta(i,j)                 Distance
         0        1        2        3        4        5        
0        0        1440     3030     1140     2130     2100     
1        1440     0        105      73       81       68       
2        3030     105      0        72       30       37       
3        1140     73       72       0        43       54       
4        2130     81       30       43       0        21       
5        2100     68       37       54       21       0        
;

