

sets
i        orders          /0*20/
k        routes          /1*20/
p        positions       /0*20/
;

alias(i,j)
alias(i,h)
alias(i,hh)
alias(i,jj)
alias(k,kk)
                            Parameters

rho(i)	Processing time
/
0	0
1	87
2	40
3	82
4	98
5	66
6	5
7	15
8	50
9	14
10	43
11	73
12	59
13	82
14	42
15	82
16	94
17	52
18	24
19	46
20	20
/

gamma(i)	Duedate
/
0	0
1	40
2	49
3	45
4	30
5	57
6	30
7	10
8	37
9	68
10	64
11	55
12	58
13	63
14	30
15	85
16	69
17	44
18	60
19	56
20	68
/

sigma(i)	Size
/
0	0
1	4
2	6
3	9
4	6
5	8
6	9
7	3
8	5
9	4
10	3
11	5
12	7
13	7
14	3
15	2
16	9
17	6
18	6
19	8
20	3
/

epsilon(i)	Priority
/
0	0
1	8
2	2
3	6
4	2
5	5
6	2
7	8
8	1
9	7
10	4
11	2
12	1
13	5
14	3
15	4
16	7
17	1
18	8
19	9
20	3
/

psi	Vehicle Capacity
/ 34 /
;

Table kappa(i,j)                 Setup
         0        1        2        3        4        5        6        7        8        9        10       11       12       13       14       15       16       17       18       19       20       
0        0        271      212      545      189      522      537      350      476      374      259      391      515      423      476      650      739      602      128      718      671      
1        271      0        395      761      437      473      787      425      701      399      500      177      659      672      615      905      955      870      388      955      913      
2        212      395      0        365      328      400      407      559      594      232      388      556      302      508      264      704      850      524      266      562      749      
3        545      761      365      0        556      615      158      844      710      484      581      919      229      599      248      690      910      329      524      210      768      
4        189      437      328      556      0        698      494      293      287      538      70       510      602      236      571      468      551      504      66       685      483      
5        522      473      400      615      698      0        731      843      981      167      766      638      401      904      371      1104     1242     883      631      821      1148     
6        537      787      407      158      494      731      0        786      591      582      500      927      374      479      382      540      768      171      480      191      621      
7        350      425      559      844      293      843      786      0        381      713      295      384      858      419      821      626      588      782      320      978      598      
8        476      701      594      710      287      981      591      381      0        818      217      730      826      112      803      246      263      511      353      767      220      
9        374      399      232      484      538      167      582      713      818      0        605      575      302      738      262      936      1078     726      472      694      981      
10       259      500      388      581      70       766      500      295      217      605      0        561      649      172      620      405      481      486      135      691      415      
11       391      177      556      919      510      638      927      384      730      575      561      0        832      728      789      959      964      990      481      1104     951      
12       515      659      302      229      602      401      374      858      826      302      649      832      0        721      43       862      1057     544      549      424      929      
13       423      672      508      599      236      904      479      419      112      738      172      728      721      0        701      233      342      407      295      657      249      
14       476      615      264      248      571      371      382      821      803      262      620      789      43       701      0        851      1040     549      516      450      915      
15       650      905      704      690      468      1104     540      626      246      936      405      959      862      233      851      0        245      400      523      676      90       
16       739      955      850      910      551      1242     768      588      263      1078     481      964      1057     342      1040     245      0        641      616      917      155      
17       602      870      524      329      504      883      171      782      511      726      486      990      544      407      549      400      641      0        513      275      488      
18       128      388      266      524      66       631      480      320      353      472      135      481      549      295      516      523      616      513      0        670      544      
19       718      955      562      210      685      821      191      978      767      694      691      1104     424      657      450      676      917      275      670      0        764      
20       671      913      749      768      483      1148     621      598      220      981      415      951      929      249      915      90       155      488      544      764      0        
;



Table delta(i,j)                 Distance
         0        1        2        3        4        5        6        7        8        9        10       11       12       13       14       15       16       17       18       19       20       
0        0        204      43       4        195      69       88       153      80       136      96       87       104      154      43       164      123      132      93       20       51       
1        204      0        172      200      11       191      129      184      161      146      192      154      100      69       228      51       86       72       116      221      155      
2        43       172      0        39       162      40       47       114      38       94       63       91       73       115      56       127      86       99       74       52       19       
3        4        200      39       0        191      67       84       150      77       133      94       84       100      150      45       160      118      128      89       24       47       
4        195      11       162      191      0        180      118      172      150      134      180      149      91       57       218      40       76       63       109      212      146      
5        69       191      40       67       180      0        62       85       30       78       26       131      101      126      53       142      105      122      109      66       57       
6        88       129      47       84       118      62       0        96       34       62       70       98       41       68       101      81       42       60       59       100      38       
7        153      184      114      150      172      85       96       0        76       40       60       193      132      116      136      133      118      137      155      152      121      
8        80       161      38       77       150      30       34       76       0        56       36       120      75       96       78       111      75       94       89       85       45       
9        136      146      94       133      134      78       62       40       56       0        61       161      94       77       131      94       78       98       120      141      95       
10       96       192      63       94       180      26       70       60       36       61       0        152      111      124      75       140      109      128      125      92       77       
11       87       154      91       84       149      131      98       193      120      161      152      0        76       133      129      133      101      96       47       107      75       
12       104      100      73       100      91       101      41       132      75       94       111      76       0        59       130      63       25       28       29       121      55       
13       154      69       115      150      57       126      68       116      96       77       124      133      59       0        170      17       34       38       86       168      103      
14       43       228      56       45       218      53       101      136      78       131      75       129      130      170      0        183      142      156      126      25       74       
15       164      51       127      160      40       142      81       133      111      94       140      133      63       17       183      0        41       37       88       179      113      
16       123      86       86       118      76       105      42       118      75       78       109      101      25       34       142      41       0        20       54       137      71       
17       132      72       99       128      63       122      60       137      94       98       128      96       28       38       156      37       20       0        51       149      83       
18       93       116      74       89       109      109      59       155      89       120      125      47       29       86       126      88       54       51       0        112      54       
19       20       221      52       24       212      66       100      152      85       141      92       107      121      168      25       179      137      149      112      0        66       
20       51       155      19       47       146      57       38       121      45       95       77       75       55       103      74       113      71       83       54       66       0        
;

