

sets
i        orders          /0*20/
k        routes          /1*20/
p        positions       /0*20/
;

alias(i,j)
alias(i,h)
alias(i,hh)
alias(i,jj)
alias(k,kk)
                            Parameters

rho(i)	Processing time
/
0	0
1	91
2	7
3	30
4	86
5	6
6	7
7	95
8	21
9	89
10	9
11	12
12	29
13	1
14	55
15	45
16	81
17	11
18	8
19	80
20	17
/

gamma(i)	Duedate
/
0	0
1	37
2	75
3	20
4	29
5	53
6	42
7	36
8	85
9	74
10	78
11	56
12	30
13	23
14	87
15	12
16	10
17	4
18	11
19	76
20	24
/

sigma(i)	Size
/
0	0
1	7
2	4
3	9
4	9
5	3
6	2
7	3
8	9
9	9
10	4
11	2
12	9
13	2
14	5
15	4
16	2
17	7
18	4
19	5
20	3
/

epsilon(i)	Priority
/
0	0
1	6
2	1
3	6
4	5
5	5
6	6
7	9
8	8
9	5
10	8
11	1
12	2
13	4
14	9
15	1
16	9
17	9
18	8
19	1
20	3
/

psi	Vehicle Capacity
/ 9 /
;

Table kappa(i,j)                 Setup
         0        1        2        3        4        5        6        7        8        9        10       11       12       13       14       15       16       17       18       19       20       
0        0        390      700      65       738      670      862      816      845      625      264      448      916      131      599      465      489      475      262      648      200      
1        390      0        754      393      766      785      482      427      457      235      464      58       676      259      551      285      208      107      146      629      330      
2        700      754      0        764      57       116      935      963      981      884      961      769      597      704      231      1015     605      726      769      157      524      
3        65       393      764      0        802      735      872      820      850      624      198      451      958      139      656      425      516      487      253      709      256      
4        738      766      57       802      0        172      915      949      966      881      997      777      554      734      223      1034     605      730      791      143      556      
5        670      785      116      735      172      0        1017     1037     1057     939      934      808      707      695      314      1030     661      773      779      254      515      
6        862      482      935      872      915      1017     0        97       84       274      935      424      493      735      705      645      408      386      628      777      744      
7        816      427      963      820      949      1037     97       0        30       200      865      368      569      686      731      559      396      344      569      807      717      
8        845      457      981      850      966      1057     84       30       0        230      895      398      571      716      750      587      421      373      599      825      745      
9        625      235      884      624      881      939      274      200      230      0        665      178      624      494      657      374      278      176      372      738      550      
10       264      464      961      198      997      934      935      865      895      665      0        517      1103     282      841      359      637      570      321      898      444      
11       448      58       769      451      777      808      424      368      398      178      517      0        643      317      558      305      190      65       204      637      377      
12       916      676      597      958      554      707      493      569      571      624      1103     643      0        830      426      947      473      578      793      458      726      
13       131      259      704      139      734      695      735      686      716      494      282      317      830      0        562      362      378      348      134      624      180      
14       599      551      231      656      223      314      705      731      750      657      841      558      426      562      0        828      382      508      596      80       400      
15       465      285      1015     425      1034     1030     645      559      587      374      359      305      947      362      828      0        491      370      251      903      523      
16       489      208      605      516      605      661      408      396      421      278      637      190      473      378      382      491      0        130      321      462      341      
17       475      107      726      487      730      773      386      344      373      176      570      65       578      348      508      370      130      0        251      589      376      
18       262      146      769      253      791      779      628      569      599      372      321      204      793      134      596      251      321      251      0        667      272      
19       648      629      157      709      143      254      777      807      825      738      898      637      458      624      80       903      462      589      667      0        454      
20       200      330      524      256      556      515      744      717      745      550      444      377      726      180      400      523      341      376      272      454      0        
;



Table delta(i,j)                 Distance
         0        1        2        3        4        5        6        7        8        9        10       11       12       13       14       15       16       17       18       19       20       
0        0        101      62       131      78       121      127      97       29       41       105      144      98       149      118      124      103      133      101      132      76       
1        101      0        54       33       107      25       29       129      99       60       25       44       115      123      17       70       48       65       66       140      74       
2        62       54       0        87       107      79       72       130      49       31       71       98       122      153      69       62       41       70       94       155      84       
3        131      33       87       0        119      9        33       138      132      90       28       14       122      112      21       92       75       82       66       140      86       
4        78       107      107      119      0        112      136      23       104      77       92       133      20       79       120      164      139      166      57       54       33       
5        121      25       79       9        112      0        31       132      123      80       20       23       116      111      16       88       70       80       61       135      79       
6        127      29       72       33       136      31       0        157      121      86       47       34       142      142      17       60       47       49       90       165      103      
7        97       129      130      138      23       132      157      0        125      100      112      151      18       76       141      187      163      189      73       39       54       
8        29       99       49       132      104      123      121      125      0        45       110      144      124      171      116      105      87       116      117      158      96       
9        41       60       31       90       77       80       86       100      45       0        66       103      93       131      77       92       69       98       74       126      57       
10       105      25       71       28       92       20       47       112      110      66       0        42       96       98       30       95       73       90       43       118      59       
11       144      44       98       14       133      23       34       151      144      103      42       0        135      121      29       94       81       83       79       151      100      
12       98       115      122      122      20       116      142      18       124      93       96       135      0        61       126      176      152      177      56       34       41       
13       149      123      153      112      79       111      142      76       171      131      98       121      61       0        126      192      169      188      59       46       74       
14       118      17       69       21       120      16       17       141      116      77       30       29       126      126      0        71       54       63       73       148      86       
15       124      70       62       92       164      88       60       187      105      92       95       94       176      192      71       0        24       15       134      205      135      
16       103      48       41       75       139      70       47       163      87       69       73       81       152      169      54       24       0        29       110      181      111      
17       133      65       70       82       166      80       49       189      116      98       90       83       177      188      63       15       29       0        131      204      136      
18       101      66       94       66       57       61       90       73       117      74       43       79       56       59       73       134      110      131      0        75       28       
19       132      140      155      140      54       135      165      39       158      126      118      151      34       46       148      205      181      204      75       0        70       
20       76       74       84       86       33       79       103      54       96       57       59       100      41       74       86       135      111      136      28       70       0        
;

