

sets
i        orders          /0*20/
k        routes          /1*20/
p        positions       /0*20/
;

alias(i,j)
alias(i,h)
alias(i,hh)
alias(i,jj)
alias(k,kk)
                            Parameters

rho(i)	Processing time
/
0	0
1	95
2	40
3	37
4	2
5	41
6	24
7	59
8	95
9	68
10	92
11	2
12	21
13	68
14	86
15	23
16	58
17	88
18	33
19	40
20	13
/

gamma(i)	Duedate
/
0	0
1	89
2	9
3	76
4	68
5	36
6	21
7	78
8	55
9	77
10	22
11	76
12	83
13	88
14	30
15	67
16	11
17	30
18	1
19	67
20	21
/

sigma(i)	Size
/
0	0
1	3
2	2
3	8
4	9
5	9
6	9
7	6
8	5
9	9
10	8
11	4
12	3
13	2
14	9
15	1
16	2
17	8
18	8
19	2
20	3
/

epsilon(i)	Priority
/
0	0
1	3
2	5
3	7
4	2
5	9
6	8
7	8
8	3
9	1
10	3
11	3
12	2
13	9
14	1
15	2
16	1
17	2
18	3
19	1
20	6
/

psi	Vehicle Capacity
/ 35 /
;

Table kappa(i,j)                 Setup
         0        1        2        3        4        5        6        7        8        9        10       11       12       13       14       15       16       17       18       19       20       
0        0        366      374      625      598      361      944      690      279      342      73       636      513      115      239      783      990      938      99       739      143      
1        366      0        153      794      800      122      873      665      535      399      311      300      155      434      519      676      897      642      281      394      241      
2        374      153      0        902      898      271      1025     810      606      518      304      421      269      471      579      828      1050     771      275      500      231      
3        625      794      902      0        71       689      569      375      350      395      683      874      854      515      396      544      635      979      694      961      719      
4        598      800      898      71       0        701      640      438      319      408      661      904      871      485      362      607      705      1030     675      994      704      
5        361      122      271      689      701      0        754      543      464      293      327      276      178      397      458      558      780      584      301      380      273      
6        944      873      1025     569      640      754      0        258      767      602      966      747      828      877      808      201      66       626      958      779      957      
7        690      665      810      375      438      543      258      0        511      348      716      615      655      619      551      169      311      626      710      677      713      
8        279      535      606      350      319      464      767      511      0        234      344      720      643      166      47       648      823      943      360      822      393      
9        342      399      518      395      408      293      602      348      234      0        369      509      463      282      255      448      648      710      365      607      374      
10       73       311      304      683      661      327      966      716      344      369      0        595      463      184      306      795      1007     911      30       696      74       
11       636      300      421      874      904      276      747      615      720      509      595      0        152      672      721      549      749      350      567      104      532      
12       513      155      269      854      871      178      828      655      643      463      463      152      0        566      636      626      840      501      434      240      394      
13       115      434      471      515      485      397      877      619      166      282      184      672      566      0        124      730      926      945      205      776      244      
14       239      519      579      396      362      458      808      551      47       255      306      721      636      124      0        683      863      960      324      824      360      
15       783      676      828      544      607      558      201      169      648      448      795      549      626      730      683      0        221      481      784      589      777      
16       990      897      1050     635      705      780      66       311      823      648      1007     749      840      926      863      221      0        597      998      772      994      
17       938      642      771      979      1030     584      626      626      943      710      911      350      501      945      960      481      597      0        886      290      857      
18       99       281      275      694      675      301      958      710      360      365      30       567      434      205      324      784      998      886      0        667      44       
19       739      394      500      961      994      380      779      677      822      607      696      104      240      776      824      589      772      290      667      0        630      
20       143      241      231      719      704      273      957      713      393      374      74       532      394      244      360      777      994      857      44       630      0        
;



Table delta(i,j)                 Distance
         0        1        2        3        4        5        6        7        8        9        10       11       12       13       14       15       16       17       18       19       20       
0        0        157      3        128      50       32       44       116      60       60       77       44       95       116      59       99       122      71       44       59       132      
1        157      0        160      33       133      158      120      92       173      102      205      132      100      174      120      82       86       173      197      193      91       
2        3        160      0        132      53       34       46       119      57       64       77       44       96       118      63       102      124      74       43       56       133      
3        128      33       132      0        100      127      96       62       153      70       172      110      90       142      87       50       86       140      166      171      95       
4        50       133      53       100      0        29       62       70       106      32       72       73       108      73       13       58       129      44       71       109      140      
5        32       158      34       127      29       0        66       99       92       56       52       71       116      84       43       87       141      39       41       90       152      
6        44       120      46       96       62       66       0        105      58       47       117      14       51       136      62       83       78       101      89       74       88       
7        116      92       119      62       70       99       105      0        162      59       130      120      127      82       57       23       135      94       140      172      145      
8        60       173      57       153      106      92       58       162      0        102      131      43       80       176      111      141      108      131      88       25       114      
9        60       102      64       70       32       56       47       59       102      0        104      61       81       97       23       39       99       76       95       113      110      
10       77       205      77       172      72       52       117      130      131      104      0        120      168      76       85       126      193      35       46       120      204      
11       44       132      44       110      73       71       14       120      43       61       120      0        52       147      74       98       81       109      87       61       89       
12       95       100      96       90       108      116      51       127      80       81       168      52       0        179      103      105      29       150      139      104      37       
13       116      174      118      142      73       84       136      82       176      97       76       147      179      0        76       92       196      48       111      174      207      
14       59       120      63       87       13       43       62       57       111      23       85       74       103      76       0        44       122      54       84       117      133      
15       99       82       102      50       58       87       83       23       141      39       126      98       105      92       44       0        113      92       128      152      124      
16       122      86       124      86       129      141      78       135      108      99       193      81       29       196      122      113      0        173      167      133      11       
17       71       173      74       140      44       39       101      94       131      76       35       109      150      48       54       92       173      0        62       127      184      
18       44       197      43       166      71       41       89       140      88       95       46       87       139      111      84       128      167      62       0        74       176      
19       59       193      56       171      109      90       74       172      25       113      120      61       104      174      117      152      133      127      74       0        139      
20       132      91       133      95       140      152      88       145      114      110      204      89       37       207      133      124      11       184      176      139      0        
;

