

sets
i        orders          /0*10/
k        routes          /1*10/
p        positions       /0*10/
;

alias(i,j)
alias(i,h)
alias(i,hh)
alias(i,jj)
alias(k,kk)
                            Parameters

rho(i)	Processing time
/
0	0
1	27
2	75
3	15
4	97
5	98
6	37
7	60
8	37
9	16
10	45
/

gamma(i)	Duedate
/
0	0
1	34
2	36
3	8
4	29
5	44
6	35
7	46
8	94
9	63
10	41
/

sigma(i)	Size
/
0	0
1	5
2	5
3	6
4	3
5	1
6	7
7	7
8	5
9	7
10	8
/

epsilon(i)	Priority
/
0	0
1	2
2	5
3	9
4	1
5	7
6	3
7	9
8	7
9	6
10	7
/

psi	Vehicle Capacity
/ 59 /
;

Table kappa(i,j)                 Setup
         0        1        2        3        4        5        6        7        8        9        10       
0        0        295      152      293      377      392      166      249      302      254      438      
1        295      0        145      134      211      434      450      239      51       256      191      
2        152      145      0        187      282      407      314      214      163      228      312      
3        293      134      187      0        95       306      415      125      86       140      150      
4        377      211      282      95       0        283      483      159      160      167      114      
5        392      434      407      306      283      0        390      199      391      183      397      
6        166      450      314      415      483      390      0        328      448      325      566      
7        249      239      214      125      159      199      328      0        202      16       260      
8        302      51       163      86       160      391      448      202      0        218      151      
9        254      256      228      140      167      183      325      16       218      0        271      
10       438      191      312      150      114      397      566      260      151      271      0        
;



Table delta(i,j)                 Distance
         0        1        2        3        4        5        6        7        8        9        10       
0        0        165      233      205      133      280      61       152      145      216      275      
1        165      0        86       61       74       187      192      168      235      136      128      
2        233      86       0        118      161      245      271      173      321      207      43       
3        205      61       118      0        79       130      216      229      237      89       151      
4        133      74       161      79       0        154      136      202      164      91       202      
5        280      187      245      130      154      0        261      350      237      64       272      
6        61       192      271      216      136      261      0        213      85       200      314      
7        152      168      173      229      202      350      213      0        294      291      200      
8        145      235      321      237      164      237      85       294      0        188      364      
9        216      136      207      89       91       64       200      291      188      0        241      
10       275      128      43       151      202      272      314      200      364      241      0        
;

