

sets
i        orders          /0*10/
k        routes          /1*10/
p        positions       /0*10/
;

alias(i,j)
alias(i,h)
alias(i,hh)
alias(i,jj)
alias(k,kk)
                            Parameters

rho(i)	Processing time
/
0	0
1	56
2	35
3	23
4	81
5	5
6	41
7	83
8	75
9	44
10	35
/

gamma(i)	Duedate
/
0	0
1	25
2	64
3	81
4	10
5	2
6	32
7	11
8	59
9	84
10	13
/

sigma(i)	Size
/
0	0
1	2
2	6
3	4
4	1
5	7
6	4
7	9
8	8
9	6
10	6
/

epsilon(i)	Priority
/
0	0
1	4
2	1
3	7
4	7
5	9
6	1
7	6
8	3
9	2
10	6
/

psi	Vehicle Capacity
/ 67 /
;

Table kappa(i,j)                 Setup
         0        1        2        3        4        5        6        7        8        9        10       
0        0        144      343      381      28       72       480      333      207      204      353      
1        144      0        484      517      118      132      623      456      351      307      497      
2        343      484      0        253      371      394      143      310      147      231      67       
3        381      517      253      0        401      388      271      99       222      404      189      
4        28       118      371      401      0        55       508      348      234      228      380      
5        72       132      394      388      55       0        524      324      249      275      394      
6        480      623      143      271      508      524      0        358      275      372      131      
7        333      456      310      99       348      324      358      0        227      406      255      
8        207      351      147      222      234      249      275      227      0        183      146      
9        204      307      231      404      228      275      372      406      183      0        278      
10       353      497      67       189      380      394      131      255      146      278      0        
;



Table delta(i,j)                 Distance
         0        1        2        3        4        5        6        7        8        9        10       
0        0        181      149      189      37       129      100      134      150      257      234      
1        181      0        192      99       157      122      87       59       95       80       59       
2        149      192      0        263      116      232      172      189      99       233      249      
3        189      99       263      0        183      67       97       74       179      158      98       
4        37       157      116      183      0        133      87       118      114      228      213      
5        129      122      232      67       133      0        62       66       169      198      149      
6        100      87       172      97       87       62       0        33       108      167      135      
7        134      59       189      74       118      66       33       0        109      139      102      
8        150      95       99       179      114      169      108      109      0        136      150      
9        257      80       233      158      228      198      167      139      136      0        63       
10       234      59       249      98       213      149      135      102      150      63       0        
;

