

sets
i        orders          /0*10/
k        routes          /1*10/
p        positions       /0*10/
;

alias(i,j)
alias(i,h)
alias(i,hh)
alias(i,jj)
alias(k,kk)
                            Parameters

rho(i)	Processing time
/
0	0
1	70
2	1
3	45
4	13
5	7
6	51
7	67
8	14
9	97
10	42
/

gamma(i)	Duedate
/
0	0
1	98
2	49
3	6
4	63
5	68
6	50
7	17
8	40
9	86
10	46
/

sigma(i)	Size
/
0	0
1	9
2	3
3	4
4	9
5	8
6	9
7	9
8	2
9	2
10	4
/

epsilon(i)	Priority
/
0	0
1	9
2	1
3	2
4	8
5	2
6	5
7	5
8	6
9	5
10	9
/

psi	Vehicle Capacity
/ 27 /
;

Table kappa(i,j)                 Setup
         0        1        2        3        4        5        6        7        8        9        10       
0        0        479      410      326      169      305      26       288      408      209      189      
1        479      0        287      575      371      357      453      244      409      433      602      
2        410      287      0        334      413      126      392      366      125      246      439      
3        326      575      334      0        457      221      331      513      233      161      198      
4        169      371      413      457      0        350      148      139      460      305      355      
5        305      357      126      221      350      0        292      349      109      120      313      
6        26       453      392      331      148      292      0        263      398      204      207      
7        288      244      366      513      139      349      263      0        448      352      458      
8        408      409      125      233      460      109      398      448      0        206      381      
9        209      433      246      161      305      120      204      352      206      0        193      
10       189      602      439      198      355      313      207      458      381      193      0        
;



Table delta(i,j)                 Distance
         0        1        2        3        4        5        6        7        8        9        10       
0        0        274      198      222      269      296      195      326      154      107      270      
1        274      0        196      57       126      115      140      88       120      268      212      
2        198      196      0        181      283      136      239      189      148      118      71       
3        222      57       181      0        103      145      89       136      68       230      216      
4        269      126      283      103      0        240      74       213      145      310      320      
5        296      115      136      145      240      0        234      58       169      246      115      
6        195      140      239      89       74       234      0        225      91       245      289      
7        326      88       189      136      213      58       225      0        182      291      173      
8        154      120      148      68       145      169      91       182      0        167      202      
9        107      268      118      230      310      246      245      291      167      0        184      
10       270      212      71       216      320      115      289      173      202      184      0        
;

