

sets
i        orders          /0*10/
k        routes          /1*10/
p        positions       /0*10/
;

alias(i,j)
alias(i,h)
alias(i,hh)
alias(i,jj)
alias(k,kk)
                            Parameters

rho(i)	Processing time
/
0	0
1	24
2	62
3	20
4	3
5	31
6	42
7	87
8	6
9	30
10	41
/

gamma(i)	Duedate
/
0	0
1	23
2	92
3	87
4	97
5	66
6	24
7	43
8	77
9	30
10	98
/

sigma(i)	Size
/
0	0
1	1
2	7
3	5
4	4
5	9
6	7
7	1
8	4
9	6
10	4
/

epsilon(i)	Priority
/
0	0
1	1
2	8
3	2
4	7
5	2
6	5
7	5
8	6
9	5
10	9
/

psi	Vehicle Capacity
/ 127 /
;

Table kappa(i,j)                 Setup
         0        1        2        3        4        5        6        7        8        9        10       
0        0        44       78       43       65       24       23       40       38       86       56       
1        44       0        83       3        87       21       38       10       63       71       29       
2        78       83       0        80       31       83       97       72       44       35       59       
3        43       3        80       0        84       20       38       7        60       69       27       
4        65       87       31       84       0        78       88       76       27       64       72       
5        24       21       83       20       78       0        19       21       51       80       42       
6        23       38       97       38       88       19       0        40       60       98       61       
7        40       10       72       7        76       21       40       0        53       62       21       
8        38       63       44       60       27       51       60       53       0        64       55       
9        86       71       35       69       64       80       98       62       64       0        42       
10       56       29       59       27       72       42       61       21       55       42       0        
;



Table delta(i,j)                 Distance
         0        1        2        3        4        5        6        7        8        9        10       
0        0        10       76       65       38       12       77       82       48       49       43       
1        10       0        87       76       35       13       87       93       59       57       51       
2        76       87       0        17       105      78       2        24       38       73       44       
3        65       76       17       0        90       69       18       18       22       56       42       
4        38       35       105      90       0        48       106      102      68       45       79       
5        12       13       78       69       48       0        78       87       55       61       39       
6        77       87       2        18       106      78       0        26       40       75       43       
7        82       93       24       18       102      87       26       0        34       63       61       
8        48       59       38       22       68       55       40       34       0        35       42       
9        49       57       73       56       45       61       75       63       35       0        69       
10       43       51       44       42       79       39       43       61       42       69       0        
;

