

sets
i        orders          /0*10/
k        routes          /1*10/
p        positions       /0*10/
;

alias(i,j)
alias(i,h)
alias(i,hh)
alias(i,jj)
alias(k,kk)
                            Parameters

rho(i)	Processing time
/
0	0
1	44
2	49
3	72
4	84
5	25
6	40
7	44
8	90
9	2
10	47
/

gamma(i)	Duedate
/
0	0
1	3
2	66
3	45
4	39
5	25
6	42
7	86
8	32
9	53
10	86
/

sigma(i)	Size
/
0	0
1	8
2	7
3	9
4	4
5	7
6	3
7	3
8	7
9	2
10	6
/

epsilon(i)	Priority
/
0	0
1	2
2	1
3	5
4	7
5	6
6	5
7	6
8	5
9	2
10	8
/

psi	Vehicle Capacity
/ 130 /
;

Table kappa(i,j)                 Setup
         0        1        2        3        4        5        6        7        8        9        10       
0        0        36       24       47       32       66       51       92       94       74       62       
1        36       0        58       16       4        77       84       81       95       50       32       
2        24       58       0        71       53       82       49       115      113      98       86       
3        47       16       71       0        19       71       89       66       84       33       16       
4        32       4        53       19       0        75       80       81       94       52       35       
5        66       77       82       71       75       0        55       50       32       66       71       
6        51       84       49       89       80       55       0        103      87       104      99       
7        92       81       115      66       81       50       103      0        32       39       55       
8        94       95       113      84       94       32       87       32       0        65       78       
9        74       50       98       33       52       66       104      39       65       0        18       
10       62       32       86       16       35       71       99       55       78       18       0        
;



Table delta(i,j)                 Distance
         0        1        2        3        4        5        6        7        8        9        10       
0        0        96       37       77       77       64       64       37       65       52       79       
1        96       0        112      49       62       74       41       64       31       80       64       
2        37       112      0        76       70       52       90       67       83       89       70       
3        77       49       76       0        13       27       59       62       36       90       15       
4        77       62       70       13       0        17       70       68       48       98       2        
5        64       74       52       27       17       0        72       63       53       93       18       
6        64       41       90       59       70       72       0        27       23       39       72       
7        37       64       67       62       68       63       27       0        35       30       71       
8        65       31       83       36       48       53       23       35       0        58       50       
9        52       80       89       90       98       93       39       30       58       0        100      
10       79       64       70       15       2        18       72       71       50       100      0        
;

