

sets
i        orders          /0*5/
k        routes          /1*5/
p        positions       /0*5/
;

alias(i,j)
alias(i,h)
alias(i,hh)
alias(i,jj)
alias(k,kk)
                            Parameters

rho(i)	Processing time
/
0	0
1	98
2	53
3	9
4	49
5	44
/

gamma(i)	Duedate
/
0	0
1	85
2	12
3	86
4	72
5	9
/

sigma(i)	Size
/
0	0
1	5
2	8
3	9
4	7
5	6
/

epsilon(i)	Priority
/
0	0
1	7
2	3
3	9
4	6
5	8
/

psi	Vehicle Capacity
/ 23 /
;

Table kappa(i,j)                 Setup
         0        1        2        3        4        5        
0        0        52       16       6        36       29       
1        52       0        44       50       42       42       
2        16       44       0        10       19       37       
3        6        50       10       0        29       32       
4        36       42       19       29       0        52       
5        29       42       37       32       52       0        
;



Table delta(i,j)                 Distance
         0        1        2        3        4        5        
0        0        28       18       30       30       35       
1        28       0        33       13       18       34       
2        18       33       0        42       43       20       
3        30       13       42       0        5        46       
4        30       18       43       5        0        50       
5        35       34       20       46       50       0        
;

