

sets
i        orders          /0*10/
k        routes          /1*10/
p        positions       /0*10/
;

alias(i,j)
alias(i,h)
alias(i,hh)
alias(i,jj)
alias(k,kk)
                            Parameters

rho(i)	Processing time
/
0	0
1	83
2	95
3	54
4	22
5	27
6	94
7	22
8	52
9	6
10	39
/

gamma(i)	Duedate
/
0	0
1	99
2	91
3	21
4	24
5	57
6	14
7	70
8	28
9	52
10	28
/

sigma(i)	Size
/
0	0
1	3
2	8
3	9
4	2
5	2
6	6
7	7
8	7
9	1
10	5
/

epsilon(i)	Priority
/
0	0
1	7
2	4
3	9
4	3
5	6
6	4
7	6
8	8
9	3
10	2
/

psi	Vehicle Capacity
/ 14 /
;

Table kappa(i,j)                 Setup
         0        1        2        3        4        5        6        7        8        9        10       
0        0        111      38       31       91       78       81       69       6        52       104      
1        111      0        95       96       21       59       67       43       117      59       6        
2        38       95       0        7        80       85       92       64       42       49       89       
3        31       96       7        0        79       81       87       61       36       45       89       
4        91       21       80       79       0        40       49       22       97       38       15       
5        78       59       85       81       40       0        9        29       83       37       55       
6        81       67       92       87       49       9        0        38       85       44       63       
7        69       43       64       61       22       29       38       0        75       17       37       
8        6        117      42       36       97       83       85       75       0        58       110      
9        52       59       49       45       38       37       44       17       58       0        53       
10       104      6        89       89       15       55       63       37       110      53       0        
;



Table delta(i,j)                 Distance
         0        1        2        3        4        5        6        7        8        9        10       
0        0        390      840      150      1080     1050     540      900      360      690      540      
1        390      0        31       13       24       26       21       19       9        36       29       
2        840      31       0        22       38       29       10       33       22       26       42       
3        150      13       22       0        33       31       13       28       8        22       23       
4        1080     24       38       33       0        12       31       5        25       55       53       
5        1050     26       29       31       12       0        24       10       23       49       53       
6        540      21       10       13       31       24       0        25       11       25       35       
7        900      19       33       28       5        10       25       0        20       49       48       
8        360      9        22       8        25       23       11       20       0        30       30       
9        690      36       26       22       55       49       25       49       30       0        25       
10       540      29       42       23       53       53       35       48       30       25       0        
;

