

sets
i        orders          /0*10/
k        routes          /1*10/
p        positions       /0*10/
;

alias(i,j)
alias(i,h)
alias(i,hh)
alias(i,jj)
alias(k,kk)
                            Parameters

rho(i)	Processing time
/
0	0
1	4
2	57
3	72
4	56
5	69
6	85
7	44
8	30
9	74
10	59
/

gamma(i)	Duedate
/
0	0
1	6
2	98
3	57
4	36
5	84
6	40
7	6
8	66
9	50
10	52
/

sigma(i)	Size
/
0	0
1	3
2	9
3	3
4	5
5	7
6	3
7	1
8	9
9	8
10	5
/

epsilon(i)	Priority
/
0	0
1	7
2	3
3	6
4	3
5	6
6	4
7	7
8	3
9	4
10	2
/

psi	Vehicle Capacity
/ 44 /
;

Table kappa(i,j)                 Setup
         0        1        2        3        4        5        6        7        8        9        10       
0        0        76       37       49       35       15       120      61       107      70       64       
1        76       0        54       28       42       86       50       36       39       10       59       
2        37       54       0        28       31       52       89       26       75       53       27       
3        49       28       28       0        18       60       72       24       59       25       43       
4        35       42       31       18       0        44       89       40       77       35       55       
5        15       86       52       60       44       0        133      75       119      79       79       
6        120      50       89       72       89       133      0        62       13       60       77       
7        61       36       26       24       40       75       62       0        49       41       22       
8        107      39       75       59       77       119      13       49       0        49       65       
9        70       10       53       25       35       79       60       41       49       0        63       
10       64       59       27       43       55       79       77       22       65       63       0        
;



Table delta(i,j)                 Distance
         0        1        2        3        4        5        6        7        8        9        10       
0        0        510      1200     330      1050     630      840      540      1020     1290     600      
1        510      0        38       14       30       33       19       9        47       48       3        
2        1200     38       0        29       9        31       19       28       39       19       37       
3        330      14       29       0        24       19       17       9        33       35       15       
4        1050     30       9        24       0        31       10       21       42       26       29       
5        630      33       31       19       31       0        30       27       14       25       35       
6        840      19       19       17       10       30       0        11       43       34       18       
7        540      9        28       9        21       27       11       0        42       39       9        
8        1020     47       39       33       42       14       43       42       0        26       49       
9        1290     48       19       35       26       25       34       39       26       0        48       
10       600      3        37       15       29       35       18       9        49       48       0        
;

