
sets
i        orders          /0*40/
k        routes          /1*40/
p        positions       /0*40/
;

alias(i,j)
alias(i,h)
alias(i,hh)
alias(i,jj)
alias(k,kk)
                
                    Parameters

rho(i)	Processing time
/
0	0
1	53
2	13
3	9
4	94
5	36
6	27
7	73
8	29
9	29
10	32
11	75
12	63
13	73
14	25
15	82
16	52
17	49
18	84
19	2
20	8
21	40
22	5
23	12
24	89
25	54
26	8
27	93
28	81
29	5
30	9
31	60
32	74
33	63
34	71
35	93
36	38
37	31
38	44
39	20
40	73
/

gamma(i)	Duedate
/
0	0
1	67
2	53
3	50
4	71
5	77
6	34
7	76
8	73
9	89
10	27
11	42
12	90
13	78
14	72
15	68
16	8
17	59
18	57
19	70
20	33
21	36
22	30
23	89
24	36
25	71
26	45
27	15
28	96
29	13
30	85
31	12
32	40
33	50
34	59
35	21
36	55
37	50
38	11
39	10
40	30
/

sigma(i)	Size
/
0	0
1	3
2	1
3	9
4	1
5	9
6	8
7	2
8	3
9	4
10	4
11	1
12	7
13	1
14	1
15	4
16	6
17	9
18	5
19	5
20	1
21	9
22	2
23	4
24	1
25	3
26	2
27	3
28	9
29	2
30	9
31	1
32	4
33	7
34	1
35	4
36	2
37	9
38	6
39	9
40	7
/

epsilon(i)	Priority
/
0	0
1	5
2	7
3	8
4	7
5	9
6	8
7	4
8	4
9	9
10	2
11	7
12	7
13	3
14	5
15	4
16	5
17	2
18	2
19	7
20	1
21	8
22	2
23	3
24	3
25	2
26	1
27	7
28	5
29	5
30	5
31	1
32	3
33	3
34	6
35	4
36	6
37	6
38	1
39	9
40	3
/

psi	Vehicle Capacity
/ 13 /
;

Table kappa(i,j)                 Setup
         0        1        2        3        4        5        6        7        8        9        10       11       12       13       14       15       16       17       18       19       20       21       22       23       24       25       26       27       28       29       30       31       32       33       34       35       36       37       38       39       40       
0        0        263      483      99       198      186      476      139      40       77       284      279      466      340      258      321      221      342      291      346      282      221      341      48       400      81       224      156      113      283      195      263      269      298      73       64       309      141      331      370      213      
1        263      0        318      165      119      183      309      231      284      187      112      70       318      389      33       279      48       85       53       381      228      197      333      308      236      300      255      191      256      210      78       99       222      50       284      220      126      137      319      410      53       
2        483      318      0        403      293      298      9        359      477      431      220      382      30       320      291      204      355      261      356      301      213      267      240      508      86       463      294      329      396      205      324      241      226      347      451      418      198      352      235      316      353      
3        99       165      403      0        110      125      395      117      120      28       191      189      390      326      159      269      125      243      196      327      222      160      304      143      317      142      189      103      120      216      96       170      209      202      126      61       217      50       292      354      116      
4        198      119      293      110      0        63       285      118      203      138      86       180      281      274      93       181      113      167      170      269      130      81       228      232      207      205      136      75       149      118      53       66       119      170      190      137      111      59       215      297      104      
5        186      183      298      125      63       0        291      67       179      149      128      242      280      215      156      143      174      225      234      212      98       35       180      209      218      168      75       31       104      96       113      114      84       234      155      122      149      84       167      240      164      
6        476      309      9        395      285      291      0        353      470      423      211      373      31       319      282      200      346      252      347      300      208      261      238      501      78       456      288      322      390      199      316      233      220      338      445      411      189      344      232      315      345      
7        139      231      359      117      118      67       353      0        121      130      194      280      339      211      209      183      210      286      278      214      149      92       202      151      282      103      85       43       37       154      154      179      135      280      92       81       216      101      192      240      199      
8        40       284      477      120      203      179      470      121      0        104      289      307      458      309      274      304      245      358      316      317      270      210      318      30       396      42       204      148      89       273      210      269      256      322      38       66       314      152      309      339      236      
9        77       187      431      28       138      149      423      130      104      0        220      203      417      342      184      293      144      267      214      344      247      185      325      124      345      133      209      124      125      242      122      198      234      221      119      59       245      78       313      371      136      
10       284      112      220      191      86       128      211      194      289      220      0        182      214      296      79       174      139      108      161      286      128      120      231      318      133      289      179      152      228      107      104      22       125      156      274      223      25       143      217      313      135      
11       279      70       382      189      180      242      373      280      307      203      182      0        384      454      104      348      70       129      27       447      297      261      401      327      303      331      316      244      298      280      129      170      290      38       315      250      195      179      387      476      80       
12       466      318      30       390      281      280      31       339      458      417      214      384      0        290      289      177      352      267      359      271      191      248      211      489      81       442      270      311      376      185      316      234      204      350      431      402      193      339      206      286      349      
13       340      389      320      326      274      215      319      211      309      342      296      454      290      0        357      134      388      404      442      19       169      193      81       332      286      271      140      226      227      190      327      297      171      439      271      290      303      296      90       30       378      
14       258      33       291      159      93       156      282      209      274      184      79       104      289      357      0        245      64       84       86       349      195      166      300      300      207      286      225      167      236      177      63       66       189      82       270      208      95       123      286      377      64       
15       321      279      204      269      181      143      200      183      304      293      174      348      177      134      245      0        289      278      331      119      51       108      58       333      154      279      101      169      215      68       233      180      62       327      271      258      175      225      45       144      282      
16       221      48       355      125      113      174      346      210      245      144      139      70       352      388      64       289      0        133      71       382      238      195      340      268      270      265      248      173      229      222      60       121      229      77       249      184      158      109      326      411      10       
17       342      85       261      243      167      225      252      286      358      267      108      129      267      404      84       278      133      0        101      393      235      226      336      385      188      368      285      243      316      214      148      113      233      90       352      292      103      206      323      420      138      
18       291      53       356      196      170      234      347      278      316      214      161      27       359      442      86       331      71       101      0        434      281      249      386      338      278      337      306      239      299      263      124      151      275      11       321      255      172      179      372      463      81       
19       346      381      301      327      269      212      300      214      317      344      286      447      271      19       349      119      382      393      434      0        158      187      64       341      269      281      139      225      233      178      322      287      161      432      280      295      291      295      74       28       374      
20       282      228      213      222      130      98       208      149      270      247      128      297      191      169      195      51       238      235      281      158      0        62       104      300      145      251      81       127      185      21       182      131      13       277      241      218      133      176      90       185      230      
21       221      197      267      160      81       35       261      92       210      185      120      261      248      193      166      108      195      226      249      187      62       0        148      241      190      195      59       65       129      63       135      113      49       248      184      156      137      117      135      215      186      
22       341      333      240      304      228      180      238      202      318      325      231      401      211      81       300      58       340      336      386      64       104      148      0        345      205      287      117      201      229      124      282      235      111      382      282      282      233      264      13       86       332      
23       48       308      508      143      232      209      501      151      30       124      318      327      489      332      300      333      268      385      338      341      300      241      345      0        427      60       232      178      117      304      237      298      286      345      62       95       343      179      336      362      259      
24       400      236      86       317      207      218      78       282      396      345      133      303      81       286      207      154      270      188      278      269      145      190      205      427      0        385      226      249      320      132      237      154      155      269      373      336      112      266      195      290      268      
25       81       300      463      142      205      168      456      103      42       133      289      331      442      271      286      279      265      368      337      281      251      195      287      60       385      0        178      139      66       257      223      271      237      342      16       81       313      163      279      302      255      
26       224      255      294      189      136      75       288      85       204      209      179      316      270      140      225      101      248      285      306      139      81       59       117      232      226      178      0        87       115      95       188      172      71       306      170      165      193      156      106      166      239      
27       156      191      329      103      75       31       322      43       148      124      152      244      311      226      167      169      173      243      239      225      127      65       201      178      249      139      87       0        76       127      115      136      113      240      125      91       175      70       189      253      163      
28       113      256      396      120      149      104      390      37       89       125      228      298      376      227      236      215      229      316      299      233      185      129      229      117      320      66       115      76       0        191      177      212      171      302      56       67       251      119      220      257      218      
29       283      210      205      216      118      96       199      154      273      242      107      280      185      190      177      68       222      214      263      178      21       63       124      304      132      257      95       127      191      0        168      112      25       258      246      218      112      168      110      206      215      
30       195      78       324      96       53       113      316      154      210      122      104      129      316      327      63       233      60       148      124      322      182      135      282      237      237      223      188      115      177      168      0        83       172      126      207      144      129      60       268      351      51       
31       263      99       241      170      66       114      233      179      269      198      22       170      234      297      66       180      121      113      151      287      131      113      235      298      154      271      172      136      212      112      83       0        126      146      256      203      47       122      222      315      116      
32       269      222      226      209      119      84       220      135      256      234      125      290      204      171      189      62       229      233      275      161      13       49       111      286      155      237      71       113      171      25       172      126      0        272      227      204      134      163      97       188      221      
33       298      50       347      202      170      234      338      280      322      221      156      38       350      439      82       327      77       90       11       432      277      248      382      345      269      342      306      240      302      258      126      146      272      0        326      261      164      183      368      460      86       
34       73       284      451      126      190      155      445      92       38       119      274      315      431      271      270      271      249      352      321      280      241      184      282      62       373      16       170      125      56       246      207      256      227      326      0        65       298      147      274      301      239      
35       64       220      418      61       137      122      411      81       66       59       223      250      402      290      208      258      184      292      255      295      218      156      282      95       336      81       165      91       67       218      144      203      204      261      65       0        248      85       272      320      174      
36       309      126      198      217      111      149      189      216      314      245      25       195      193      303      95       175      158      103      172      291      133      137      233      343      112      313      193      175      251      112      129      47       134      164      298      248      0        169      220      317      155      
37       141      137      352      50       59       84       344      101      152      78       143      179      339      296      123      225      109      206      179      295      176      117      264      179      266      163      156      70       119      168      60       122      163      183      147      85       169      0        251      322      99       
38       331      319      235      292      215      167      232      192      309      313      217      387      206      90       286      45       326      323      372      74       90       135      13       336      195      279      106      189      220      110      268      222      97       368      274      272      220      251      0        98       318      
39       370      410      316      354      297      240      315      240      339      371      313      476      286      30       377      144      411      420      463      28       185      215      86       362      290      302      166      253      257      206      351      315      188      460      301      320      317      322      98       0        402      
40       213      53       353      116      104      164      345      199      236      136      135      80       349      378      64       282      10       138      81       374      230      186      332      259      268      255      239      163      218      215      51       116      221      86       239      174      155      99       318      402      0        
;



Table delta(i,j)                 Distance
         0        1        2        3        4        5        6        7        8        9        10       11       12       13       14       15       16       17       18       19       20       21       22       23       24       25       26       27       28       29       30       31       32       33       34       35       36       37       38       39       40       
0        0        20120    18200    13120    7880     15020    14740    2860     4060     15300    4080     8520     8600     5780     5140     14140    7200     9060     6400     20140    7240     14560    19620    2440     3980     10080    14200    9300     21400    17920    11220    12240    12060    16840    14860    13240    3200     21900    12240    10160    5020     
1        20120    0        1044     439      1218     1534     742      1097     1186     242      926      780      580      789      978      301      741      567      980      398      659      1473     608      889      815      549      850      544      725      321      477      1351     816      281      1123     916      1163     158      1110     726      816      
2        18200    1044     0        1072     708      781      314      850      1081     892      1047     1145     878      675      659      861      626      922      598      709      745      706      497      904      903      992      241      791      458      728      975      645      341      1130     244      251      957      1202     371      1180     703      
3        13120    439      1072     0        967      1323     765      779      805      281      525      345      255      543      728      263      533      215      756      677      402      1276     804      534      458      152      835      302      930      545      112      1149     751      195      1052     862      816      471      985      287      552      
4        7880     1218     708      967      0        364      681      257      462      980      598      808      713      436      244      923      476      752      238      1086     579      333      977      483      542      821      598      696      1025     1012     858      219      526      1128     478      513      328      1340     339      885      419      
5        15020    1534     781      1323     364      0        891      609      775      1305     955      1172     1068     782      595      1250     808      1109     570      1339     926      75       1186     847      907      1179     783      1040     1198     1290     1212     183      755      1475     543      691      653      1667     464      1249     771      
6        14740    742      314      765      681      891      0        724      932      577      825      879      593      457      527      546      391      633      482      455      479      819      299      693      670      698      114      498      349      438      673      717      155      815      395      201      830      897      427      901      493      
7        2860     1097     850      779      257      609      724      0        234      854      346      568      538      324      199      796      391      568      254      1051     438      588      994      253      324      626      676      553      1070     951      677      476      576      958      657      612      108      1199     518      650      290      
8        4060     1186     1081     805      462      775      932      234      0        950      284      512      606      491      423      893      563      621      483      1209     560      770      1183     300      371      658      897      655      1270     1096     723      674      792      998      891      839      135      1263     752      599      453      
9        15300    242      892      281      980      1305     577      854      950      0        699      583      345      548      738      58       503      341      744      396      416      1246     543      650      579      340      672      302      670      266      269      1122     617      243      930      725      921      362      899      548      573      
10       4080     926      1047     525      598      955      825      346      284      699      0        234      356      374      431      646      435      359      491      1007     367      931      1026     144      157      382      825      428      1131     883      452      815      716      719      909      795      331      990      787      320      343      
11       8520     780      1145     345      808      1172     879      568      512      583      234      0        298      484      607      542      520      270      659      948      402      1141     1018     325      276      244      908      395      1136     816      314      1019     803      535      1049     900      565      815      944      87       467      
12       8600     580      878      255      713      1068     593      538      606      345      356      298      0        289      472      291      288      46       501      664      152      1021     720      310      235      121      638      97       837      535      144      894      541      421      822      647      590      665      742      309      296      
13       5780     789      675      543      436      782      457      324      491      548      374      484      289      0        192      490      71       333      213      728      143      733      691      236      227      407      451      260      782      626      431      606      341      693      565      425      414      905      466      536      37       
14       5140     978      659      728      244      595      527      199      423      738      431      607      472      192      0        681      237      513      62       879      335      551      804      292      331      584      477      452      874      792      617      425      378      885      486      416      307      1097     357      675      176      
15       14140    301      861      263      923      1250     546      796      893      58       646      542      291      490      681      0        446      290      687      417      358      1193     542      593      522      298      635      243      669      284      230      1068     574      268      887      683      863      417      850      513      515      
16       7200     741      626      533      476      808      391      391      563      503      435      520      288      71       237      446      0        334      241      660      135      754      620      302      282      409      394      235      712      562      421      627      286      668      539      379      484      864      454      563      109      
17       9060     567      922      215      752      1109     633      568      621      341      359      270      46       333      513      290      334      0        544      681      198      1063     748      331      255      75       681      135      868      550      109      936      586      390      869      692      614      643      788      271      338      
18       6400     980      598      756      238      570      482      254      483      744      491      659      501      213      62       687      241      544      0        856      356      520      766      350      383      617      424      470      830      776      644      393      329      904      423      358      362      1105     296      723      207      
19       20140    398      709      677      1086     1339     455      1051     1209     396      1007     948      664      728      879      417      660      681      856      0        652      1269     223      916      860      707      570      579      329      133      644      1161     584      609      848      656      1143     550      879      928      764      
20       7240     659      745      402      579      926      479      438      560      416      367      402      152      143      335      358      135      198      356      652      0        876      659      264      212      273      506      118      765      536      290      749      403      550      673      505      511      768      589      436      160      
21       14560    1473     706      1276     333      75       819      588      770      1246     931      1141     1021     733      551      1193     754      1063     520      1269     876      0        1112     816      871      1135     710      988      1124     1222     1164     127      685      1422     467      618      643      1608     391      1216     724      
22       19620    608      497      804      977      1186     299      994      1183     543      1026     1018     720      691      804      542      620      748      766      223      659      1112     0        912      870      794      402      623      127      295      744      1015     451      780      665      494      1095     764      721      1016     729      
23       2440     889      904      534      483      847      693      253      300      650      144      325      310      236      292      593      302      331      350      916      264      816      912      0        76       381      686      355      1010     800      439      694      576      720      765      652      283      974      645      401      203      
24       3980     815      903      458      542      907      670      324      371      579      157      276      235      227      331      522      282      255      383      860      212      871      870      76       0        305      675      288      974      739      362      748      566      643      783      652      359      899      671      344      202      
25       10080    549      992      152      821      1179     698      626      658      340      382      244      121      407      584      298      409      75       617      707      273      1135     794      381      305      0        751      201      916      574      72       1008     658      340      944      765      664      607      863      222      410      
26       14200    850      241      835      598      783      114      676      897      672      825      908      638      451      477      635      394      681      424      570      506      710      402      686      675      751      0        550      430      551      735      613      109      903      280      91       784      1003     319      940      482      
27       9300     544      791      302      696      1040     498      553      655      302      428      395      97       260      452      243      235      135      470      579      118      988      623      355      288      201      550      0        740      454      192      861      458      434      751      567      620      649      683      405      279      
28       21400    725      458      930      1025     1198     349      1070     1270     670      1131     1136     837      782      874      669      712      868      830      329      765      1124     127      1010     974      916      430      740      0        418      868      1037     503      906      661      520      1174     878      740      1137     820      
29       17920    321      728      545      1012     1290     438      951      1096     266      883      816      535      626      792      284      562      550      776      133      536      1222     295      800      739      574      551      454      418      0        511      1108     540      491      831      628      1038     479      840      794      661      
30       11220    477      975      112      858      1212     673      677      723      269      452      314      144      431      617      230      421      109      644      644      290      1164     744      439      362      72       735      192      868      511      0        1037     648      281      944      758      722      540      874      283      441      
31       12240    1351     645      1149     219      183      717      476      674      1122     815      1019     894      606      425      1068     627      936      393      1161     749      127      1015     694      748      1008     613      861      1037     1108     1037     0        577      1296     400      521      542      1485     296      1093     598      
32       12060    816      341      751      526      755      155      576      792      617      716      803      541      341      378      574      286      586      329      584      403      685      451      576      566      658      109      458      503      540      648      577      0        838      313      111      684      964      300      839      372      
33       16840    281      1130     195      1128     1475     815      958      998      243      719      535      421      693      885      268      668      390      904      609      550      1422     780      720      643      340      903      434      906      491      281      1296     838      0        1149     948      1003     280      1101     469      709      
34       14860    1123     244      1052     478      543      395      657      891      930      909      1049     822      565      486      887      539      869      423      848      673      467      665      765      783      944      280      751      661      831      944      400      313      1149     0        207      759      1274     141      1100     582      
35       13240    916      251      862      513      691      201      612      839      725      795      900      647      425      416      683      379      692      358      656      505      618      494      652      652      765      91       567      520      628      758      521      111      948      207      0        721      1067     227      940      451      
36       3200     1163     957      816      328      653      830      108      135      921      331      565      590      414      307      863      484      614      362      1143     511      643      1095     283      359      664      784      620      1174     1038     722      542      684      1003     759      721      0        1255     619      650      378      
37       21900    158      1202     471      1340     1667     897      1199     1263     362      990      815      665      905      1097     417      864      643      1105     550      768      1608     764      974      899      607      1003     649      878      479      540      1485     964      280      1274     1067     1255     0        1254     749      928      
38       12240    1110     371      985      339      464      427      518      752      899      787      944      742      466      357      850      454      788      296      879      589      391      721      645      671      863      319      683      740      840      874      296      300      1101     141      227      619      1254     0        1001     477      
39       10160    726      1180     287      885      1249     901      650      599      548      320      87       309      536      675      513      563      271      723      928      436      1216     1016     401      344      222      940      405      1137     794      283      1093     839      469      1100     940      650      749      1001     0        524      
40       5020     816      703      552      419      771      493      290      453      573      343      467      296      37       176      515      109      338      207      764      160      724      729      203      202      410      482      279      820      661      441      598      372      709      582      451      378      928      477      524      0        
;

