
sets
i        orders          /0*40/
k        routes          /1*40/
p        positions       /0*40/
;

alias(i,j)
alias(i,h)
alias(i,hh)
alias(i,jj)
alias(k,kk)
                
                    Parameters

rho(i)	Processing time
/
0	0
1	98
2	53
3	91
4	88
5	74
6	99
7	91
8	7
9	46
10	5
11	13
12	62
13	82
14	10
15	53
16	18
17	36
18	10
19	61
20	93
21	97
22	15
23	16
24	60
25	93
26	81
27	21
28	21
29	12
30	9
31	11
32	93
33	62
34	96
35	23
36	81
37	94
38	21
39	75
40	69
/

gamma(i)	Duedate
/
0	0
1	52
2	70
3	80
4	6
5	21
6	35
7	32
8	21
9	33
10	75
11	21
12	24
13	1
14	91
15	28
16	3
17	92
18	59
19	49
20	37
21	60
22	69
23	46
24	89
25	59
26	74
27	17
28	20
29	89
30	83
31	50
32	11
33	43
34	11
35	33
36	92
37	48
38	70
39	94
40	36
/

sigma(i)	Size
/
0	0
1	4
2	7
3	7
4	5
5	8
6	3
7	1
8	2
9	1
10	8
11	9
12	9
13	3
14	5
15	1
16	7
17	3
18	3
19	1
20	8
21	4
22	6
23	1
24	9
25	6
26	1
27	6
28	5
29	7
30	7
31	2
32	3
33	2
34	8
35	9
36	4
37	9
38	5
39	5
40	4
/

epsilon(i)	Priority
/
0	0
1	2
2	4
3	2
4	2
5	9
6	6
7	8
8	1
9	7
10	2
11	8
12	1
13	9
14	3
15	6
16	2
17	5
18	8
19	1
20	3
21	6
22	2
23	5
24	4
25	5
26	3
27	8
28	8
29	4
30	4
31	2
32	6
33	8
34	7
35	2
36	9
37	5
38	4
39	8
40	1
/

psi	Vehicle Capacity
/ 41 /
;

Table kappa(i,j)                 Setup
         0        1        2        3        4        5        6        7        8        9        10       11       12       13       14       15       16       17       18       19       20       21       22       23       24       25       26       27       28       29       30       31       32       33       34       35       36       37       38       39       40       
0        0        133      191      241      406      165      141      248      108      24       124      258      163      224      248      377      290      213      357      185      53       218      121      282      270      127      321      300      263      31       228      326      284      50       178      282      115      169      229      256      186      
1        133      0        168      242      273      53       254      136      192      157      140      138      121      120      119      243      222      80       224      176      86       88       166      149      137      145      188      251      171      106      96       239      154      183      120      168      152      37       109      143      55       
2        191      168      0        398      357      220      330      145      297      205      69       169      284      284      254      326      390      191      325      333      152      177      295      263      225      68       289      419      336      164      228      403      280      222      287      319      284      167      155      151      203      
3        241      242      398      0        404      207      213      368      157      248      346      361      122      188      260      386      133      285      351      66       253      304      122      299      324      350      332      104      170      251      264      186      281      259      129      228      126      266      337      374      245      
4        406      273      357      404      0        249      514      211      442      430      378      187      313      223      164      31       287      195      54       361      358      196      402      125      141      382      86       333      234      380      179      249      131      457      294      175      388      239      205      207      221      
5        165      53       220      207      249      0        264      161      194      188      193      154      86       67       85       222      170      80       197      144      128      97       158      124      129      198      163      201      118      145      72       185      120      214      78       119      143      60       130      167      39       
6        141      254      330      213      514      264      0        383      73       125      261      390      212      301      349      487      318      333      461      191      191      342      120      389      388      263      428      307      320      172      336      367      383      110      232      360      131      291      361      391      297      
7        248      136      145      368      211      161      383      0        326      270      177      25       247      200      142      181      312      88       183      305      194      68       302      134      89       180      150      352      249      216      122      308      156      295      239      211      288      104      31       8        124      
8        108      192      297      157      442      194      73       326      0        104      232      330      138      227      278      416      248      267      389      122      146      278      47       318      321      235      357      242      246      132      266      296      311      107      158      286      57       228      301      333      229      
9        24       157      205      248      430      188      125      270      104      0        136      281      180      245      271      401      306      237      381      196      76       242      126      306      294      138      345      314      282      54       252      344      307      26       196      304      123      193      252      278      210      
10       124      140      69       346      378      193      261      177      232      136      0        197      240      261      249      347      357      191      338      282      93       184      235      268      237      5        300      380      311      100      223      379      280      153      247      306      226      155      174      184      188      
11       258      138      169      361      187      154      390      25       330      281      197      0        241      186      124      157      297      76       158      299      205      57       303      111      66       201      125      338      233      227      106      289      134      307      231      192      288      103      29       22       116      
12       163      121      284      122      313      86       212      247      138      180      240      241      0        91       153      289      127      166      259      58       152      183      92       194      210      245      231      141      108      159      150      165      182      200      20       148      81       143      216      253      125      
13       224      120      284      188      223      67       301      200      227      245      261      186      91       0        72       201      112      112      169      139      193      132      183      110      138      266      144      151      52       208      81       119      94       269      72       60       170      117      169      204      83       
14       248      119      254      260      164      85       349      142      278      271      249      124      153      72       0        138      175      62       111      207      205      80       238      41       67       254      79       218      111      224      26       165      35       297      137      69       224      94       114      145      63       
15       377      243      326      386      31       222      487      181      416      401      347      157      289      201      138      0        275      164      36       340      328      165      377      98       110      351      58       321      218      350      151      240      107      427      272      158      363      209      174      177      192      
16       290      222      390      133      287      170      318      312      248      306      357      297      127      112      175      275      0        224      239      127      275      245      201      206      242      362      228      46       64       284      191      53       182      326      113      119      195      227      281      316      194      
17       213      80       191      285      195      80       333      88       267      237      191      76       166      112      62       164      224      0        149      224      164      20       235      76       56       196      111      263      162      185      37       223      90       263      155      130      220      44       56       92       41       
18       357      224      325      351      54       197      461      183      389      381      338      158      259      169      111      36       239      149      0        307      310      154      348      75       101      342      37       285      182      331      129      204      77       407      240      123      334      192      170      180      170      
19       185      176      333      66       361      144      191      305      122      196      282      299      58       139      207      340      127      224      307      0        189      242      77       248      267      287      283      121      137      190      207      176      233      210      70       189      73       201      274      311      183      
20       53       86       152      253      358      128      191      194      146      76       93       205      152      193      205      328      275      164      310      189      0        166      143      235      220      97       273      293      238      22       182      304      240      101      162      247      132      119      176      203      141      
21       218      88       177      304      196      97       342      68       278      242      184      57       183      132      80       165      245      20       154      242      166      0        248      86       55       188      116      284      182      188      56       242      103      268      174      148      234      51       36       72       58       
22       121      166      295      122      402      158      120      302      47       126      235      303      92       183      238      377      201      235      348      77       143      248      0        279      287      239      318      198      199      136      229      248      270      137      112      241      14       200      274      309      195      
23       282      149      263      299      125      124      389      134      318      306      268      111      194      110      41       98       206      76       75       248      235      86       279      0        45       273      39       250      142      256      54       186      25       332      178      89       265      118      111      133      95       
24       270      137      225      324      141      129      388      89       321      294      237      66       210      138      67       110      242      56       101      267      220      55       287      45       0        242      64       286      178      241      60       228      69       320      196      130      272      101      70       89       92       
25       127      145      68       350      382      198      263      180      235      138      5        201      245      266      254      351      362      196      342      287      97       188      239      273      242      0        305      385      316      103      228      384      285      154      252      311      230      160      178      188      193      
26       321      188      289      332      86       163      428      150      357      345      300      125      231      144      79       58       228      111      37       283      273      116      318      39       64       305      0        274      168      294      93       201      50       371      214      109      304      155      134      147      134      
27       300      251      419      104      333      201      307      352      242      314      380      338      141      151      218      321      46       263      285      121      293      284      198      250      286      385      274      0        108      299      232      90       228      330      133      165      194      261      320      356      230      
28       263      171      336      170      234      118      320      249      246      282      311      233      108      52       111      218      64       162      182      137      238      182      199      142      178      316      168      108      0        251      127      67       120      305      89       59       189      170      218      253      135      
29       31       106      164      251      380      145      172      216      132      54       100      227      159      208      224      350      284      185      331      190      22       188      136      256      241      103      294      299      251      0        203      316      260      79       171      264      127      140      198      224      161      
30       228      96       228      264      179      72       336      122      266      252      223      106      150      81       26       151      191      37       129      207      182      56       229      54       60       228      93       232      127      203      0        186      58       278      136      93       215      68       91       125      41       
31       326      239      403      186      249      185      367      308      296      344      379      289      165      119      165      240      53       223      204      176      304      242      248      186      228      384      201      90       67       316      186      0        162      365      148      98       240      236      278      310      200      
32       284      154      280      281      131      120      383      156      311      307      280      134      182      94       35       107      182      90       77       233      240      103      270      25       69       285      50       228      120      260      58       162      0        333      164      64       257      127      132      157      99       
33       50       183      222      259      457      214      110      295      107      26       153      307      200      269      297      427      326      263      407      210      101      268      137      332      320      154      371      330      305      79       278      365      333      0        217      328      137      219      278      303      236      
34       178      120      287      129      294      78       232      239      158      196      247      231      20       72       137      272      113      155      240      70       162      174      112      178      196      252      214      133      89       171      136      148      164      217      0        128      101      138      208      245      115      
35       282      168      319      228      175      119      360      211      286      304      306      192      148      60       69       158      119      130      123      189      247      148      241      89       130      311      109      165      59       264      93       98       64       328      128      0        229      153      183      213      118      
36       115      152      284      126      388      143      131      288      57       123      226      288      81       170      224      363      195      220      334      73       132      234      14       265      272      230      304      194      189      127      215      240      257      137      101      229      0        185      260      295      180      
37       169      37       167      266      239      60       291      104      228      193      155      103      143      117      94       209      227      44       192      201      119      51       200      118      101      160      155      261      170      140      68       236      127      219      138      153      185      0        75       111      35       
38       229      109      155      337      205      130      361      31       301      252      174      29       216      169      114      174      281      56       170      274      176      36       274      111      70       178      134      320      218      198      91       278      132      278      208      183      260      75       0        37       92       
39       256      143      151      374      207      167      391      8        333      278      184      22       253      204      145      177      316      92       180      311      203      72       309      133      89       188      147      356      253      224      125      310      157      303      245      213      295      111      37       0        129      
40       186      55       203      245      221      39       297      124      229      210      188      116      125      83       63       192      194      41       170      183      141      58       195      95       92       193      134      230      135      161      41       200      99       236      115      118      180      35       92       129      0        
;



Table delta(i,j)                 Distance
         0        1        2        3        4        5        6        7        8        9        10       11       12       13       14       15       16       17       18       19       20       21       22       23       24       25       26       27       28       29       30       31       32       33       34       35       36       37       38       39       40       
0        0        8920     12000    8000     7880     5180     8520     12400    17720    12460    2600     18660    13940    12660    15060    7700     9380     14800    19660    6520     15540    17700    4840     9820     9780     17920    13400    4900     10420    14040    11040    16620    7560     8940     16360    6800     7040     6120     8380     14540    3320     
1        8920     0        847      584      482      589      524      394      532      178      535      608      272      191      437      82       701      600      572      715      419      573      308      512      391      687      995      210      530      474      260      415      788      798      666      741      684      750      188      444      607      
2        12000    847      0        263      994      341      338      1169     976      997      480      964      968      963      844      765      1040     611      1412     348      1262     914      548      1089     1067     778      206      748      1119     709      1064     1045     384      231      660      794      260      535      685      788      525      
3        8000     584      263      0        779      193      98       916      764      735      313      770      715      703      624      502      868      458      1149     305      1000     718      289      867      826      634      431      498      896      507      806      804      382      291      526      679      202      475      423      574      395      
4        7880     482      994      779      0        654      780      344      1014     598      520      1089     742      648      913      487      237      1014     805      703      566      1051     532      100      183      1137     1057     339      129      922      369      885      736      833      1089     427      746      609      598      912      512      
5        5180     589      341      193      654      0        268      855      892      762      140      913      783      748      751      510      705      634      1160     141      980      862      286      750      738      808      423      441      780      654      765      895      223      210      707      491      99       284      476      708      206      
6        8520     524      338      98       780      268      0        880      666      663      365      672      630      626      527      444      894      367      1079     394      943      620      257      862      805      543      521      473      890      409      762      712      473      389      439      733      296      552      350      476      456      
7        12400    394      1169     916      344      855      880      0        859      397      748      948      562      467      799      454      566      994      468      945      230      924      628      287      161      1070     1279     420      281      861      136      686      998      1060     1058     763      954      900      578      819      777      
8        17720    532      976      764      1014     892      666      859      0        461      917      95       296      392      141      540      1230     399      719      1033     746      100      652      1040     908      322      1176     710      1055     267      729      198      1115     1053     400      1221     952      1144     467      190      1011     
9        12460    178      997      735      598      762      663      397      461      0        713      551      165      71       411      252      831      650      415      891      320      529      476      602      461      693      1157     382      613      499      270      295      964      968      702      907      853      928      313      441      785      
10       2600     535      480      313      520      140      365      748      917      713      0        952      764      713      779      464      565      714      1092     197      894      902      268      618      619      881      540      354      648      704      672      889      257      317      790      368      225      228      466      744      97       
11       18660    608      964      770      1089     913      672      948      95       551      952      0        387      480      181      607      1298     363      813      1052     841      52       693      1119     991      251      1167     774      1136     263      817      293      1134     1061     347      1271     965      1177     520      208      1048     
12       13940    272      968      715      742      783      630      562      296      165      764      387      0        97       260      313      969      531      494      921      463      367      502      756      620      547      1146     478      770      372      434      144      1000     978      572      1009     865      989      307      300      848      
13       12660    191      963      703      648      748      626      467      392      71       713      480      97       0        339      249      877      585      459      881      388      457      462      660      522      622      1131     402      672      431      337      237      958      950      634      932      836      933      281      370      790      
14       15060    437      844      624      913      751      527      799      141      411      779      181      260      339      0        428      1119     299      741      892      722      138      516      949      826      287      1041     594      967      145      664      236      974      913      324      1091     811      1005     339      58       874      
15       7700     82       765      502      487      510      444      454      540      252      464      607      313      249      428      0        691      551      653      639      499      567      227      532      425      656      913      171      553      440      325      451      713      718      621      697      603      683      125      425      541      
16       9380     701      1040     868      237      705      894      566      1230     831      565      1298     969      877      1119     691      0        1180     1034     707      795      1257     676      281      412      1320     1056     525      293      1109     606      1113     714      842      1257     304      779      559      788      1110     516      
17       14800    600      611      458      1014     634      367      994      399      650      714      363      531      585      299      551      1180     0        1025     761      970      317      506      1075     977      176      817      675      1098     160      858      535      839      740      77       1073     660      917      427      243      810      
18       19660    572      1412     1149     805      1160     1079     468      719      415      1092     813      494      459      741      653      1034     1025     0        1281     239      815      880      755      622      1023     1567     739      749      865      450      523      1349     1370     1063     1203     1256     1287     728      789      1149     
19       6520     715      348      305      703      141      394      945      1033     891      197      1052     921      881      892      639      707      761      1281     0        1089     1001     420      803      815      937      354      548      833      792      869      1035     82       134      831      447      109      190      614      848      195      
20       15540    419      1262     1000     566      980      943      230      746      320      894      841      463      388      722      499      795      970      239      1089     0        828      715      516      383      1008     1398     542      511      819      226      553      1152     1190     1022     971      1078     1075     601      758      941      
21       17700    573      914      718      1051     862      620      924      100      529      902      52       367      457      138      567      1257     317      815      1001     828      0        644      1085     959      223      1117     732      1103     211      791      291      1082     1009     307      1224     913      1126     475      158      998      
22       4840     308      548      289      532      286      257      628      652      476      268      693      502      462      516      227      676      506      880      420      715      644      0        609      548      656      687      215      636      459      516      623      497      492      584      583      377      496      198      486      359      
23       9820     512      1089     867      100      750      862      287      1040     602      618      1119     756      660      949      532      281      1075     755      803      516      1085     609      0        144      1188     1156     403      30       972      347      896      837      933      1148     516      843      708      651      953      612      
24       9780     391      1067     826      183      738      805      161      908      461      619      991      620      522      826      425      412      977      622      815      383      959      548      144      0        1077     1158     332      151      862      203      757      861      937      1047     602      836      752      550      835      636      
25       17920    687      778      634      1137     808      543      1070     322      693      881      251      547      622      287      656      1320     176      1023     937      1008     223      656      1188     1077     0        985      800      1209     215      933      503      1015     916      118      1234     837      1089     539      252      978      
26       13400    995      206      431      1057     423      521      1279     1176     1157     540      1167     1146     1131     1041     913      1056     817      1567     354      1398     1117     687      1156     1158     985      0        864      1186     910      1188     1233     344      223      866      777      324      505      850      986      550      
27       4900     210      748      498      339      441      473      420      710      382      354      774      478      402      594      171      525      675      739      548      542      732      215      403      332      800      864      0        430      587      324      619      611      650      750      531      540      552      263      585      411      
28       10420    530      1119     896      129      780      890      281      1055     613      648      1136     770      672      967      553      293      1098     749      833      511      1103     636      30       151      1209     1186     430      0        994      353      908      866      963      1171     540      873      737      674      973      642      
29       14040    474      709      507      922      654      409      861      267      499      704      263      372      431      145      440      1109     160      865      792      819      211      459      972      862      215      910      587      994      0        724      378      873      798      203      1042     702      924      324      86       801      
30       11040    260      1064     806      369      765      762      136      729      270      672      817      434      337      664      325      606      858      450      869      226      791      516      347      203      933      1188     324      353      724      0        565      929      975      922      752      865      849      446      683      716      
31       16620    415      1045     804      885      895      712      686      198      295      889      293      144      237      236      451      1113     535      523      1035     553      291      623      896      757      503      1233     619      908      378      565      0        1115     1080     558      1149     970      1117     424      293      977      
32       7560     788      384      382      736      223      473      998      1115     964      257      1134     1000     958      974      713      714      839      1349     82       1152     1082     497      837      861      1015     344      611      866      873      929      1115     0        152      908      433      180      161      694      930      225      
33       8940     798      231      291      833      210      389      1060     1053     968      317      1061     978      950      913      718      842      740      1370     134      1190     1009     492      933      937      916      223      650      963      798      975      1080     152      0        803      576      114      309      673      864      329      
34       16360    666      660      526      1089     707      439      1058     400      702      790      347      572      634      324      621      1257     77       1063     831      1022     307      584      1148     1047     118      866      750      1171     203      922      558      908      803      0        1150     728      990      498      273      885      
35       6800     741      794      679      427      491      733      763      1221     907      368      1271     1009     932      1091     697      304      1073     1203     447      971      1224     583      516      602      1234     777      531      540      1042     752      1149     433      576      1150     0        539      272      753      1067     284      
36       7040     684      260      202      746      99       296      954      952      853      225      965      865      836      811      603      779      660      1256     109      1078     913      377      843      836      837      324      540      873      702      865      970      180      114      728      539      0        296      559      764      265      
37       6120     750      535      475      609      284      552      900      1144     928      228      1177     989      933      1005     683      559      917      1287     190      1075     1126     496      708      752      1089     505      552      737      924      849      1117     161      309      990      272      296      0        694      969      142      
38       8380     188      685      423      598      476      350      578      467      313      466      520      307      281      339      125      788      427      728      614      601      475      198      651      550      539      850      263      674      324      446      424      694      673      498      753      559      694      0        323      555      
39       14540    444      788      574      912      708      476      819      190      441      744      208      300      370      58       425      1110     243      789      848      758      158      486      953      835      252      986      585      973      86       683      293      930      864      273      1067     764      969      323      0        840      
40       3320     607      525      395      512      206      456      777      1011     785      97       1048     848      790      874      541      516      810      1149     195      941      998      359      612      636      978      550      411      642      801      716      977      225      329      885      284      265      142      555      840      0        
;

