
sets
i        orders          /0*40/
k        routes          /1*40/
p        positions       /0*40/
;

alias(i,j)
alias(i,h)
alias(i,hh)
alias(i,jj)
alias(k,kk)
                
                    Parameters

rho(i)	Processing time
/
0	0
1	20
2	86
3	90
4	92
5	8
6	71
7	53
8	35
9	54
10	8
11	68
12	26
13	80
14	40
15	52
16	66
17	51
18	37
19	51
20	20
21	58
22	44
23	96
24	7
25	55
26	74
27	74
28	25
29	60
30	66
31	17
32	11
33	98
34	20
35	56
36	73
37	12
38	24
39	85
40	23
/

gamma(i)	Duedate
/
0	0
1	85
2	70
3	76
4	28
5	72
6	47
7	22
8	33
9	6
10	3
11	99
12	78
13	60
14	72
15	73
16	1
17	18
18	71
19	6
20	70
21	49
22	88
23	77
24	94
25	5
26	31
27	96
28	51
29	19
30	77
31	52
32	89
33	65
34	76
35	75
36	40
37	69
38	48
39	69
40	97
/

sigma(i)	Size
/
0	0
1	6
2	5
3	4
4	9
5	3
6	9
7	1
8	9
9	7
10	1
11	1
12	7
13	7
14	1
15	5
16	9
17	4
18	2
19	5
20	8
21	5
22	2
23	8
24	1
25	3
26	4
27	6
28	3
29	7
30	8
31	4
32	3
33	9
34	2
35	2
36	4
37	1
38	7
39	9
40	1
/

epsilon(i)	Priority
/
0	0
1	8
2	4
3	2
4	1
5	9
6	5
7	5
8	5
9	1
10	7
11	4
12	6
13	2
14	5
15	5
16	4
17	7
18	9
19	3
20	9
21	7
22	9
23	7
24	3
25	6
26	9
27	9
28	6
29	8
30	9
31	2
32	2
33	8
34	7
35	8
36	4
37	8
38	4
39	2
40	5
/

psi	Vehicle Capacity
/ 37 /
;

Table kappa(i,j)                 Setup
         0        1        2        3        4        5        6        7        8        9        10       11       12       13       14       15       16       17       18       19       20       21       22       23       24       25       26       27       28       29       30       31       32       33       34       35       36       37       38       39       40       
0        0        72       208      130      170      124      291      205      284      332      227      322      267      173      14       198      266      61       109      295      250      146      86       37       138      285      137      412      106      231      70       299      366      151      257      163      280      136      108      241      61       
1        72       0        262      107      223      171      352      189      277      350      279      339      228      219      87       206      225      72       56       236      297      183      158      89       211      341      117      429      99       297      26       307      389      79       287      104      291      64       176      270      55       
2        208      262      0        215      39       91       101      217      230      190      18       185      308      49       200      155      314      269      255      385      47       91       175      176      161      79       211      261      313      84       273      194      206      317      107      292      178      316      210      98       270      
3        130      107      215      0        181      131      316      82       170      252      228      242      137      166      139      108      138      169      60       183      237      124      197      108      239      292      10       329      204      278      132      205      294      115      203      78       190      127      230      188      156      
4        170      223      39       181      0        52       135      193      221      203      56       196      284      25       162      136      289      231      218      356      80       59       144      137      140      118      177      279      275      101      234      195      225      279      117      257      178      278      182      104      232      
5        124      171      91       131      52       0        188      158      206      218      108      209      246      49       119      114      251      186      165      311      127      31       122      88       139      170      129      298      231      146      183      197      248      226      137      206      178      225      163      121      185      
6        291      352      101      316      135      188      0        316      318      246      92       245      407      151      280      253      414      346      353      487      101      192      233      263      198      43       312      299      388      68       360      269      245      414      180      393      257      411      258      179      352      
7        205      189      217      82       193      158      316      0        89       189      224      178      91       170      211      65       97       250      139      173      222      135      258      176      290      284      72       258      286      294      214      135      232      182      163      131      123      201      296      153      238      
8        284      277      230      170      221      206      318      89       0        121      231      113      128      195      288      92       138      335      229      223      217      176      322      251      345      278      160      177      373      315      302      66       163      271      139      218      66       290      362      138      323      
9        332      350      190      252      203      218      246      189      121      0        181      10       249      182      331      144      259      391      313      344      155      189      339      294      343      203      242      80       434      269      372      56       43       366      86       318      65       380      380      99       385      
10       227      279      18       228      56       108      92       224      231      181      0        177      315      63       218      161      322      287      271      395      31       104      193      194      177      64       223      249      331      88       290      190      194      332      100      306      175      333      228      94       288      
11       322      339      185      242      196      209      245      178      113      10       177      0        240      174      321      134      249      381      302      335      151      180      331      285      336      201      232      90       424      265      361      46       53       355      79       307      54       369      371      92       374      
12       267      228      308      137      284      246      407      91       128      249      315      240      0        261      276      154      10       298      171      95       311      225      334      246      372      373      132      303      326      385      253      193      291      187      246      133      188      212      368      238      282      
13       173      219      49       166      25       49       151      170      195      182      63       174      261      0        167      111      267      235      208      336      78       41       159      138      162      127      161      259      280      124      232      171      207      269      96       243      153      271      199      82       234      
14       14       87       200      139      162      119      280      211      288      331      218      321      276      167      0        200      276      68       122      307      243      143      72       37       124      275      146      411      112      219      84       299      364      165      254      176      281      151      95       237      72       
15       198      206      155      108      136      114      253      65       92       144      161      134      154      111      200      0        161      254      168      239      157      85       230      163      253      219      98       222      295      236      229      101      185      223      101      179      84       235      270      89       245      
16       266      225      314      138      289      251      414      97       138      259      322      249      10       267      276      161      0        296      169      85       319      231      335      246      374      381      133      313      322      391      250      202      301      181      254      128      198      207      369      246      280      
17       61       72       269      169      231      186      346      250      335      391      287      381      298      235      68       254      296      0        127      308      311      208      122      98       173      343      178      472      44       284      49       355      427      144      318      176      337      121      123      302      18       
18       109      56       255      60       218      165      353      139      229      313      271      302      171      208      122      168      169      127      0        186      284      167      191      106      241      335      71       389      154      306      82       266      354      61       259      54       250      67       217      244      111      
19       295      236      385      183      356      311      487      173      223      344      395      335      95       336      307      239      85       308      186      0        396      297      374      285      420      456      182      398      324      457      258      288      386      169      336      132      283      196      403      327      290      
20       250      297      47       237      80       127      101      222      217      155      31       151      311      78       243      157      319      311      284      396      0        117      222      215      208      62       231      219      356      114      311      169      164      346      79       315      157      349      258      78       311      
21       146      183      91       124      59       31       192      135      176      189      104      180      225      41       143      85       231      208      167      297      117      0        153      109      169      168      119      269      252      160      199      166      221      229      111      201      147      232      194      94       204      
22       86       158      175      197      144      122      233      258      322      339      193      331      334      159      72       230      335      122      191      374      222      153      0        89       53       239      202      418      158      167      152      319      367      237      256      246      300      222      40       240      132      
23       37       89       176      108      137      88       263      176      251      294      194      285      246      138      37       163      246      98       106      285      215      109      89       0        136      254      113      375      143      208      97       262      329      159      220      158      244      150      122      203      96       
24       138      211      161      239      140      139      198      290      345      343      177      336      372      162      124      253      374      173      241      420      208      169      53       136      0        211      242      419      207      130      206      331      365      289      257      294      313      275      61       244      185      
25       285      341      79       292      118      170      43       284      278      203      64       201      373      127      275      219      381      343      335      456      62       168      239      254      211      0        287      256      387      89       351      227      202      396      138      370      216      396      269      139      347      
26       137      117      211      10       177      129      312      72       160      242      223      232      132      161      146      98       133      178      71       182      231      119      202      113      242      287      0        318      214      275      142      195      284      124      194      84       179      137      236      180      165      
27       412      429      261      329      279      298      299      258      177      80       249      90       303      259      411      222      313      472      389      398      219      269      418      375      419      256      318      0        515      333      451      123      55       440      162      390      138      455      458      178      465      
28       106      99       313      204      275      231      388      286      373      434      331      424      326      280      112      295      322      44       154      324      356      252      158      143      207      387      214      515      0        324      73       397      471      155      363      197      379      128      151      346      50       
29       231      297      84       278      101      146      68       294      315      269      88       265      385      124      219      236      391      284      306      457      114      160      167      208      130      89       275      333      324      0        302      278      277      365      189      351      263      359      191      182      291      
30       70       26       273      132      234      183      360      214      302      372      290      361      253      232      84       229      250      49       82       258      311      199      152      97       206      351      142      451      73       302      0        330      410      95       305      128      313      73       164      289      31       
31       299      307      194      205      195      197      269      135      66       56       190      46       193      171      299      101      202      355      266      288      169      166      319      262      331      227      195      123      397      278      330      0        99       316      90       266      18       332      360      95       347      
32       366      389      206      294      225      248      245      232      163      43       194      53       291      207      364      185      301      427      354      386      164      221      367      329      365      202      284      55       471      277      410      99       0        408      111      361      108      421      406      127      421      
33       151      79       317      115      279      226      414      182      271      366      332      355      187      269      165      223      181      144      61       169      346      229      237      159      289      396      124      440      155      365      95       316      408      0        318      55       302      27       256      303      126      
34       257      287      107      203      117      137      180      163      139      86       100      79       246      96       254      101      254      318      259      336      79       111      256      220      257      138      194      162      363      189      305      90       111      318      0        278      77       327      295      16       314      
35       163      104      292      78       257      206      393      131      218      318      306      307      133      243      176      179      128      176      54       132      315      201      246      158      294      370      84       390      197      351      128      266      361      55       278      0        253      79       271      264      159      
36       280      291      178      190      178      178      257      123      66       65       175      54       188      153      281      84       198      337      250      283      157      147      300      244      313      216      179      138      379      263      313      18       108      302      77       253      0        317      341      80       329      
37       136      64       316      127      278      225      411      201      290      380      333      369      212      271      151      235      207      121      67       196      349      232      222      150      275      396      137      455      128      359      73       332      421      27       327      79       317      0        237      311      103      
38       108      176      210      230      182      163      258      296      362      380      228      371      368      199      95       270      369      123      217      403      258      194      40       122      61       269      236      458      151      191      164      360      406      256      295      271      341      237      0        280      138      
39       241      270      98       188      104      121      179      153      138      99       94       92       238      82       237      89       246      302      244      327      78       94       240      203      244      139      180      178      346      182      289      95       127      303      16       264      80       311      280      0        297      
40       61       55       270      156      232      185      352      238      323      385      288      374      282      234      72       245      280      18       111      290      311      204      132      96       185      347      165      465      50       291      31       347      421      126      314      159      329      103      138      297      0        
;



Table delta(i,j)                 Distance
         0        1        2        3        4        5        6        7        8        9        10       11       12       13       14       15       16       17       18       19       20       21       22       23       24       25       26       27       28       29       30       31       32       33       34       35       36       37       38       39       40       
0        0        8440     6280     20340    10100    8560     12600    22440    2860     13960    23200    3780     16560    20880    12200    19680    25660    13400    21180    7660     9080     11040    8000     24340    27460    17380    19720    18980    15120    8960     26660    17100    18200    12640    8640     24640    9400     18220    19700    23380    16140    
1        8440     0        546      649      206      108      447      702      364      349      742      336      412      624      264      602      893      405      636      229      46       404      22       845      953      641      721      561      501      387      942      482      495      312      162      842      155      811      674      746      434      
2        6280     546      0        963      710      608      893      1159     219      888      1262     220      874      1137     798      952      1435     577      1133     625      552      412      529      1154     1461     1126     1230     929      635      299      1484     1028     946      836      637      1385     495      1208     1204     1222     979      
3        20340    649      963      0        765      726      977      339      901      729      586      853      320      492      719      70       854      387      433      861      603      557      668      200      686      1057     1060     115      353      664      882      709      276      768      773      820      548      1317     950      422      696      
4        10100    206      710      765      0        106      244      725      501      193      690      489      469      590      107      706      781      594      624      140      238      610      210      946      906      436      525      660      687      591      832      352      547      128      74       731      357      610      494      748      304      
5        8560     108      608      726      106      0        339      735      406      281      737      389      457      627      190      674      856      511      651      134      148      511      107      917      952      542      631      629      607      486      906      431      540      228      54       805      263      703      596      769      382      
6        12600    447      893      977      244      339      0        873      674      266      767      676      663      699      258      913      772      838      750      269      482      851      447      1146     972      239      361      866      931      821      822      387      731      210      289      728      600      366      388      875      358      
7        22440    702      1159     339      725      735      873      0        1038     607      260      997      294      207      640      287      529      631      140      855      668      794      725      369      351      876      841      275      638      879      551      516      214      671      764      501      673      1159     719      82       526      
8        2860     364      219      901      501      406      674      1038     0        687      1104     49       744      984      597      875      1254     539      990      407      384      411      344      1100     1313     908      1015     843      622      306      1304     835      824      630      428      1203     367      990      996      1092     786      
9        13960    349      888      729      193      281      266      607      687      0        521      670      410      439      90       662      588      662      486      328      360      723      362      888      734      340      388      615      745      729      639      160      471      76       266      538      469      587      326      612      114      
10       23200    742      1262     586      690      737      767      260      1104     521      0        1071     409      126      586      525      269      804      159      830      721      948      763      628      216      705      640      499      835      1012     296      380      367      596      749      241      767      991      516      194      412      
11       3780     336      220      853      489      389      676      997      49       670      1071     0        704      949      580      828      1229     490      953      407      351      363      317      1052     1278     906      1009     797      572      259      1278     814      782      616      417      1178     324      1002     984      1052     765      
12       16560    412      874      320      469      457      663      294      744      410      409      704      0        283      407      252      642      397      263      586      375      538      434      482      592      737      747      205      440      608      682      397      83       453      494      597      382      997      643      349      378      
13       20880    624      1137     492      590      627      699      207      984      439      126      949      283      0        492      426      370      679      68       729      600      821      645      568      329      675      634      394      715      885      405      322      248      511      644      331      642      961      511      180      341      
14       12200    264      798      719      107      190      258      640      597      90       586      580      407      492      0        656      674      606      531      246      281      651      276      890      802      393      460      609      693      649      725      245      479      55       177      623      394      610      410      656      197      
15       19680    602      952      70       706      674      913      287      875      662      525      828      252      426      656      0        791      384      369      808      558      555      622      243      638      988      990      47       367      656      821      639      206      703      718      755      514      1250     879      370      626      
16       25660    893      1435     854      781      856      772      529      1254     588      269      1229     642      370      674      791      0        1037     422      916      883      1166     911      895      311      630      525      763      1081     1215     50       429      618      661      851      50       955      897      418      457      476      
17       13400    405      577      387      594      511      838      631      539      662      804      490      397      679      606      384      1037     0        650      633      362      171      414      577      970      998      1049     369      97       277      1078     729      440      662      565      992      253      1204     969      706      692      
18       21180    636      1133     433      624      651      750      140      990      486      159      953      263      68       531      369      422      650      0        761      608      799      658      501      329      738      701      341      677      871      452      381      210      555      673      386      638      1023     579      125      396      
19       7660     229      625      861      140      134      269      855      407      328      830      407      586      729      246      808      916      633      761      0        275      611      219      1051     1046     501      610      763      730      565      967      488      667      255      91       866      380      612      602      882      441      
20       9080     46       552      603      238      148      482      668      384      360      721      351      375      600      281      558      883      362      608      275      0        374      64       800      929      666      741      517      458      368      931      482      458      332      202      832      118      847      686      715      435      
21       11040    404      412      557      610      511      851      794      411      723      948      363      538      821      651      555      1166     171      799      611      374      0        404      744      1125     1040     1110     539      223      115      1210     818      593      704      563      1118     256      1214     1045     866      776      
22       8000     22       529      668      210      107      447      725      344      362      763      317      434      645      276      622      911      414      658      219      64       404      0        864      975      646      730      581      511      380      961      498      517      321      159      860      161      809      686      769      450      
23       24340    845      1154     200      946      917      1146     369      1100     888      628      1052     482      568      890      243      895      577      501      1051     800      744      864      0        665      1199     1185     287      527      854      912      840      416      935      961      870      748      1471     1067     437      836      
24       27460    953      1461     686      906      952      972      351      1313     734      216      1278     592      329      802      638      311      970      329      1046     929      1125     975      665      0        885      801      626      986      1200     300      587      532      810      965      319      966      1166     681      269      623      
25       17380    641      1126     1057     436      542      239      876      908      340      705      906      737      675      393      988      630      998      738      501      666      1040     646      1199     885      0        132      942      1083     1027     674      361      787      337      499      594      784      286      212      855      363      
26       19720    721      1230     1060     525      631      361      841      1015     388      640      1009     747      634      460      990      525      1049     701      610      741      1110     730      1185     801      132      0        945      1128     1108     566      350      784      409      594      495      854      371      124      809      370      
27       18980    561      929      115      660      629      866      275      843      615      499      797      205      394      609      47       763      369      341      763      517      539      581      287      626      942      945      0        364      636      794      594      163      656      673      725      479      1203     836      357      580      
28       15120    501      635      353      687      607      931      638      622      745      835      572      440      715      693      367      1081     97       677      730      458      223      511      527      986      1083     1128     364      0        338      1119     799      468      749      661      1037     350      1296     1043     718      766      
29       8960     387      299      664      591      486      821      879      306      729      1012     259      608      885      649      656      1215     277      871      565      368      115      380      854      1200     1027     1108     636      338      0        1261     842      671      699      533      1166     266      1177     1055     948      797      
30       26660    942      1484     882      832      906      822      551      1304     639      296      1278     682      405      725      821      50       1078     452      967      931      1210     961      912      300      674      566      794      1119     1261     0        479      654      712      902      101      1002     937      462      476      527      
31       17100    482      1028     709      352      431      387      516      835      160      380      814      397      322      245      639      429      729      381      488      482      818      498      840      587      361      350      594      799      842      479      0        434      234      423      378      576      642      247      502      49       
32       18200    495      946      276      547      540      731      214      824      471      367      782      83       248      479      206      618      440      210      667      458      593      517      416      532      787      784      163      468      671      654      434      0        521      576      577      458      1054     673      276      423      
33       12640    312      836      768      128      228      210      671      630      76       596      616      453      511      55       703      661      662      555      255      332      704      321      935      810      337      409      656      749      699      712      234      521      0        202      611      448      556      368      681      190      
34       8640     162      637      773      74       54       289      764      428      266      749      417      494      644      177      718      851      565      673      91       202      563      159      961      965      499      594      673      661      533      902      423      576      202      0        801      317      650      568      793      374      
35       24640    842      1385     820      731      805      728      501      1203     538      241      1178     597      331      623      755      50       992      386      866      832      1118     860      870      319      594      495      725      1037     1166     101      378      577      611      801      0        905      866      383      433      426      
36       9400     155      495      548      357      263      600      673      367      469      767      324      382      642      394      514      955      253      638      380      118      256      161      748      966      784      854      479      350      266      1002     576      458      448      317      905      0        966      793      731      531      
37       18220    811      1208     1317     610      703      366      1159     990      587      991      1002     997      961      610      1250     897      1204     1023     612      847      1214     809      1471     1166     286      371      1203     1296     1177     937      642      1054     556      650      866      966      0        485      1141     637      
38       19700    674      1204     950      494      596      388      719      996      326      516      984      643      511      410      879      418      969      579      602      686      1045     686      1067     681      212      124      836      1043     1055     462      247      673      368      568      383      793      485      0        685      276      
39       23380    746      1222     422      748      769      875      82       1092     612      194      1052     349      180      656      370      457      706      125      882      715      866      769      437      269      855      809      357      718      948      476      502      276      681      793      433      731      1141     685      0        520      
40       16140    434      979      696      304      382      358      526      786      114      412      765      378      341      197      626      476      692      396      441      435      776      450      836      623      363      370      580      766      797      527      49       423      190      374      426      531      637      276      520      0        
;

