

sets
i        orders          /0*10/
k        routes          /1*10/
p        positions       /0*10/
;

alias(i,j)
alias(i,h)
alias(i,hh)
alias(i,jj)
alias(k,kk)
                            Parameters

rho(i)	Processing time
/
0	0
1	35
2	25
3	64
4	17
5	16
6	3
7	58
8	52
9	42
10	32
/

gamma(i)	Duedate
/
0	0
1	62
2	64
3	74
4	76
5	85
6	9
7	16
8	14
9	70
10	60
/

sigma(i)	Size
/
0	0
1	7
2	9
3	2
4	9
5	1
6	2
7	9
8	1
9	5
10	9
/

epsilon(i)	Priority
/
0	0
1	1
2	1
3	9
4	4
5	6
6	2
7	6
8	4
9	4
10	2
/

psi	Vehicle Capacity
/ 23 /
;

Table kappa(i,j)                 Setup
         0        1        2        3        4        5        6        7        8        9        10       
0        0        709      859      613      823      641      915      139      141      131      340      
1        709      0        936      746      482      433      636      844      571      599      388      
2        859      936      0        251      1364     504      444      876      859      766      739      
3        613      746      251      0        1139     340      438      645      607      515      497      
4        823      482      1364     1139     0        880      1115     955      695      780      658      
5        641      433      504      340      880      0        289      735      560      510      353      
6        915      636      444      438      1115     289      0        995      846      787      642      
7        139      844      876      645      955      735      995      0        280      249      466      
8        141      571      859      607      695      560      846      280      0        101      223      
9        131      599      766      515      780      510      787      249      101      0        217      
10       340      388      739      497      658      353      642      466      223      217      0        
;



Table delta(i,j)                 Distance
         0        1        2        3        4        5        6        7        8        9        10       
0        0        37       26       52       49       7        76       43       70       53       49       
1        37       0        16       85       65       40       68       80       69       28       16       
2        26       16       0        70       49       26       59       66       57       27       23       
3        52       85       70       0        42       46       85       20       74       88       91       
4        49       65       49       42       0        42       43       53       32       55       63       
5        7        40       26       46       42       0        71       39       65       52       50       
6        76       68       59       85       43       71       0        95       12       42       56       
7        43       80       66       20       53       39       95       0        85       89       89       
8        70       69       57       74       32       65       12       85       0        47       60       
9        53       28       27       88       55       52       42       89       47       0        13       
10       49       16       23       91       63       50       56       89       60       13       0        
;

