

sets
i        orders          /0*10/
k        routes          /1*10/
p        positions       /0*10/
;

alias(i,j)
alias(i,h)
alias(i,hh)
alias(i,jj)
alias(k,kk)
                            Parameters

rho(i)	Processing time
/
0	0
1	58
2	13
3	11
4	86
5	95
6	51
7	64
8	57
9	31
10	53
/

gamma(i)	Duedate
/
0	0
1	88
2	10
3	28
4	42
5	44
6	99
7	11
8	99
9	77
10	98
/

sigma(i)	Size
/
0	0
1	6
2	7
3	8
4	9
5	3
6	8
7	8
8	1
9	9
10	7
/

epsilon(i)	Priority
/
0	0
1	3
2	1
3	2
4	5
5	3
6	3
7	1
8	5
9	7
10	9
/

psi	Vehicle Capacity
/ 10 /
;

Table kappa(i,j)                 Setup
         0        1        2        3        4        5        6        7        8        9        10       
0        0        443      733      841      100      275      667      199      101      646      1007     
1        443      0        323      519      380      554      310      517      420      285      593      
2        733      323      0        625      649      877      452      836      731      435      528      
3        841      519      625      0        824      773      209      789      765      234      302      
4        100      380      649      824      0        361      637      287      170      614      963      
5        275      554      877      773      361      0        654      77       192      640      1007     
6        667      310      452      209      637      654      0        653      604      25       353      
7        199      517      836      789      287      77       653      0        122      637      1006     
8        101      420      731      765      170      192      604      122      0        584      952      
9        646      285      435      234      614      640      25       637      584      0        369      
10       1007     593      528      302      963      1007     353      1006     952      369      0        
;



Table delta(i,j)                 Distance
         0        1        2        3        4        5        6        7        8        9        10       
0        0        59       20       59       64       42       46       44       40       33       19       
1        59       0        69       60       10       78       61       103      89       90       66       
2        20       69       0        80       76       61       33       45       54       41       3        
3        59       60       80       0        55       37       96       86       56       70       78       
4        64       10       76       55       0        78       71       108      90       94       73       
5        42       78       61       37       78       0        88       50       19       35       61       
6        46       61       33       96       71       88       0        78       85       74       31       
7        44       103      45       86       108      50       78       0        32       16       48       
8        40       89       54       56       90       19       85       32       0        18       55       
9        33       90       41       70       94       35       74       16       18       0        43       
10       19       66       3        78       73       61       31       48       55       43       0        
;

