

sets
i        orders          /0*80/
k        routes          /1*80/
p        positions       /0*80/
;

alias(i,j)
alias(i,h)
alias(i,hh)
alias(i,jj)
alias(k,kk)
                            Parameters

rho(i)	Processing time
/
0	0
1	82
2	65
3	85
4	65
5	35
6	40
7	84
8	67
9	16
10	74
11	81
12	42
13	75
14	62
15	84
16	43
17	99
18	82
19	93
20	22
21	53
22	86
23	17
24	92
25	30
26	16
27	41
28	11
29	19
30	48
31	3
32	91
33	69
34	23
35	6
36	66
37	69
38	90
39	32
40	56
41	62
42	78
43	89
44	91
45	70
46	79
47	14
48	93
49	87
50	68
51	60
52	66
53	96
54	2
55	50
56	29
57	63
58	18
59	43
60	29
61	8
62	10
63	19
64	6
65	6
66	34
67	20
68	81
69	88
70	71
71	42
72	12
73	7
74	80
75	2
76	46
77	23
78	60
79	73
80	14
/

gamma(i)	Duedate
/
0	0
1	69
2	89
3	20
4	94
5	38
6	8
7	87
8	10
9	37
10	63
11	20
12	84
13	12
14	9
15	80
16	29
17	72
18	73
19	66
20	68
21	84
22	7
23	51
24	42
25	36
26	20
27	91
28	64
29	39
30	40
31	90
32	58
33	11
34	31
35	90
36	51
37	85
38	86
39	66
40	11
41	15
42	52
43	18
44	89
45	82
46	12
47	41
48	83
49	29
50	29
51	83
52	86
53	88
54	92
55	49
56	76
57	51
58	23
59	72
60	56
61	13
62	92
63	20
64	61
65	70
66	62
67	88
68	87
69	93
70	11
71	43
72	37
73	68
74	8
75	50
76	91
77	54
78	50
79	36
80	17
/

sigma(i)	Size
/
0	0
1	1
2	1
3	5
4	9
5	4
6	9
7	9
8	6
9	7
10	7
11	8
12	2
13	5
14	5
15	8
16	9
17	5
18	6
19	2
20	8
21	3
22	7
23	1
24	7
25	1
26	7
27	7
28	9
29	5
30	3
31	6
32	7
33	8
34	5
35	5
36	6
37	4
38	2
39	1
40	3
41	5
42	9
43	4
44	5
45	2
46	7
47	6
48	4
49	5
50	1
51	6
52	6
53	4
54	1
55	9
56	2
57	4
58	6
59	7
60	1
61	9
62	4
63	5
64	9
65	7
66	2
67	4
68	2
69	8
70	8
71	4
72	4
73	2
74	8
75	5
76	2
77	4
78	2
79	8
80	8
/

epsilon(i)	Priority
/
0	0
1	5
2	1
3	1
4	3
5	2
6	7
7	6
8	2
9	1
10	8
11	5
12	4
13	9
14	5
15	7
16	8
17	1
18	3
19	3
20	3
21	4
22	6
23	2
24	8
25	2
26	2
27	2
28	6
29	2
30	3
31	1
32	3
33	6
34	3
35	7
36	7
37	3
38	2
39	7
40	7
41	5
42	2
43	8
44	9
45	3
46	8
47	4
48	9
49	8
50	5
51	2
52	4
53	8
54	8
55	4
56	4
57	5
58	7
59	2
60	9
61	2
62	4
63	6
64	7
65	6
66	1
67	1
68	8
69	3
70	4
71	2
72	5
73	9
74	2
75	9
76	6
77	3
78	4
79	3
80	2
/

psi	Vehicle Capacity
/ 119 /
;

Table kappa(i,j)                 Setup
         0        1        2        3        4        5        6        7        8        9        10       11       12       13       14       15       16       17       18       19       20       21       22       23       24       25       26       27       28       29       30       31       32       33       34       35       36       37       38       39       40       41       42       43       44       45       46       47       48       49       50       51       52       53       54       55       56       57       58       59       60       61       62       63       64       65       66       67       68       69       70       71       72       73       74       75       76       77       78       79       80       
0        0        595      3553     1905     2812     1064     1179     392      1451     448      872      646      2340     846      3219     2845     2889     3137     3298     1420     2540     1190     2523     2674     2727     1516     467      2178     2101     4108     2031     331      1304     2551     3496     3818     1074     1818     2173     1831     3025     493      2278     2249     202      2934     2692     449      2751     3011     3841     2946     3812     3485     818      2863     3457     1984     2309     788      1517     3168     2835     3424     3014     3801     2765     3282     841      1731     3429     2236     746      4017     1415     2210     879      242      881      1416     710      
1        595      0        3686     2099     2277     616      585      203      1661     661      1323     1122     1790     1306     3448     2584     2689     3349     2994     1901     2459     627      2744     2985     3103     1137     158      2161     1583     3993     1701     524      924      2795     3458     3740     1416     1392     1628     1509     3382     584      2018     2705     485      2857     2291     870      2419     2623     3604     2484     3789     3862     799      2298     3510     1436     2343     328      1637     2964     2875     3517     2929     3677     3200     3635     1040     1163     3311     1779     569      3953     1452     1630     1091     784      1225     901      684      
2        3553     3686     0        1651     3918     3327     3853     3639     2102     4000     4205     3016     3855     2859     653      2279     1968     600      2555     2607     1563     3641     1096     1298     1633     3014     3728     1622     3558     1659     2707     3865     3091     1129     1034     1320     2528     3107     3758     2738     1467     3156     2370     2215     3724     1358     3010     3118     2645     2988     2294     3430     994      1658     2888     4232     505      3725     1390     3446     2058     1969     923      285      1367     1595     2015     1446     2720     3789     1494     3255     3122     1310     2235     4092     2677     3359     2698     3465     3006     
3        1905     2099     1651     0        3031     1865     2377     2024     454      2354     2568     1372     2781     1229     1349     1922     1752     1251     2402     1142     1152     2194     646      980      1248     1733     2118     764      2452     2537     1718     2223     1718     708      1809     2185     885      1956     2639     1631     1440     1537     1588     1277     2082     1422     2332     1468     2109     2498     2625     2759     2073     1931     1309     3273     1621     2537     676      1907     488      1970     1066     1546     1504     2277     1531     1666     1084     2494     1935     2276     1561     2340     733      2907     1038     1708     1048     2108     1417     
4        2812     2277     3918     3031     0        1756     1759     2461     2849     2927     3600     3053     500      3149     4066     1707     2014     3927     1718     3629     2363     1651     3516     3975     4279     1443     2436     2451     716      3218     1319     2800     1598     3625     3122     3176     3003     1136     650      1405     4444     2459     1568     4206     2755     2584     933      2838     1320     1108     2428     620      3423     4920     2286     340      3496     844      2692     2024     2630     2145     3012     3646     2598     2946     4552     4643     2612     1136     2712     756      2160     3393     2390     802      2646     2907     2907     1396     2303     
5        1064     616      3327     1865     1756     0        526      753      1491     1266     1898     1339     1303     1470     3186     1987     2116     3071     2383     2023     1962     328      2499     2827     3019     524      762      1727     1041     3448     1092     1117     318      2572     2968     3220     1428     780      1133     906      3264     718      1429     2743     1039     2352     1677     1104     1805     2008     3009     1891     3304     3757     649      1838     3086     953      1942     296      1377     2386     2456     3127     2418     3131     3188     3506     1000     754      2773     1181     438      3440     1139     1242     1047     1152     1278     372      610      
6        1179     585      3853     2377     1759     526      0        788      1983     1185     1867     1648     1260     1815     3707     2391     2558     3594     2737     2401     2464     227      3016     3326     3496     943      730      2248     1111     3910     1488     1075     790      3085     3466     3702     1850     1083     1110     1328     3754     1038     1862     3169     1063     2847     1945     1395     2151     2281     3404     2056     3804     4244     1102     1741     3605     919      2466     513      1890     2819     2978     3651     2909     3593     3639     4000     1430     622      3244     1384     851      3924     1659     1058     1481     1353     1677     523      1025     
7        392      203      3639     2024     2461     753      788      0        1576     518      1149     950      1979     1141     3368     2670     2753     3275     3097     1734     2480     817      2665     2877     2974     1255     99       2158     1759     4032     1806     365      1038     2708     3469     3766     1286     1532     1815     1610     3260     487      2100     2549     294      2879     2426     704      2529     2755     3685     2642     3796     3735     764      2492     3490     1623     2324     457      1581     3031     2857     3484     2954     3719     3052     3515     944      1357     3349     1933     578      3974     1421     1829     993      591      1091     1072     642      
8        1451     1661     2102     454      2849     1491     1983     1576     0        1900     2139     942      2539     824      1792     2002     1897     1700     2497     922      1359     1816     1089     1344     1531     1458     1671     941      2212     2863     1584     1768     1396     1134     2168     2528     472      1726     2385     1452     1774     1090     1561     1356     1627     1699     2263     1017     2109     2481     2830     2665     2456     2266     888      3057     2041     2260     968      1493     248      2148     1448     1985     1783     2582     1734     2017     633      2174     2221     2098     1144     2702     459      2619     585      1258     608      1775     987      
9        448      661      4000     2354     2927     1266     1185     518      1900     0        682      1067     2434     1264     3666     3182     3254     3586     3614     1808     2946     1278     2972     3113     3148     1773     505      2598     2242     4509     2324     158      1557     2998     3917     4229     1517     2046     2276     2127     3451     889      2612     2639     288      3343     2942     894      3047     3272     4193     3146     4238     3903     1210     2926     3896     2083     2742     970      1958     3533     3271     3868     3421     4198     3162     3708     1284     1799     3827     2439     1072     4433     1841     2243     1324     668      1327     1562     1092     
10       872      1323     4205     2568     3600     1898     1867     1149     2139     682      0        1197     3111     1346     3781     3714     3746     3723     4170     1729     3360     1949     3124     3157     3106     2378     1165     2975     2906     4926     2903     800      2163     3123     4279     4619     1682     2671     2951     2703     3421     1359     3148     2509     858      3746     3556     1164     3623     3878     4703     3789     4582     3829     1677     3607     4180     2758     3074     1605     2267     4024     3581     4115     3828     4625     3034     3672     1616     2477     4253     3079     1618     4808     2218     2925     1640     937      1531     2220     1577     
11       646      1122     3016     1372     3053     1339     1648     950      942      1067     1197     0        2630     199      2627     2702     2676     2557     3187     785      2220     1581     1949     2050     2083     1629     1047     1818     2341     3771     2024     974      1455     1961     3099     3449     488      1949     2460     1836     2384     627      2168     1607     849      2592     2731     254      2697     3017     3636     3058     3394     2841     774      3169     2983     2287     1893     1154     1089     2947     2389     2919     2675     3478     2120     2641     519      2088     3109     2378     904      3631     1091     2579     518      405      338      1709     749      
12       2340     1790     3855     2781     500      1303     1260     1979     2539     2434     3111     2630     0        2742     3923     1792     2070     3788     1933     3255     2294     1163     3321     3751     4026     1084     1948     2296     328      3371     1152     2311     1196     3423     3161     3275     2632     825      169      1168     4218     2018     1491     3886     2272     2577     1067     2403     1426     1345     2656     944      3482     4704     1882     539      3474     356      2543     1554     2341     2255     2933     3597     2608     3077     4269     4432     2223     637      2798     607      1726     3498     2090     358      2261     2452     2517     932      1882     
13       846      1306     2859     1229     3149     1470     1815     1141     824      1264     1346     199      2742     0        2449     2686     2637     2384     3177     595      2150     1732     1780     1859     1885     1711     1239     1739     2444     3681     2061     1173     1553     1786     2992     3351     351      2029     2574     1882     2187     779      2170     1411     1048     2509     2771     436      2710     3045     3592     3117     3279     2641     863      3282     2849     2407     1790     1311     1004     2903     2269     2773     2593     3395     1921     2444     549      2224     3030     2453     1032     3526     1051     2713     529      604      279      1836     864      
14       3219     3448     653      1349     4066     3186     3707     3368     1792     3666     3781     2627     3923     2449     0        2556     2267     141      2915     2102     1734     3513     704      691      988      2967     3463     1628     3606     2258     2777     3545     2999     668      1556     1898     2151     3123     3804     2760     815      2882     2500     1601     3405     1673     3213     2771     2882     3256     2785     3649     1601     1064     2658     4357     1051     3739     1381     3252     1824     2341     1119     818      1712     2143     1363     821      2425     3750     1963     3350     2908     1925     2048     4113     2377     3003     2338     3388     2767     
15       2845     2584     2279     1922     1707     1987     2391     2670     2002     3182     3714     2702     1792     2686     2556     0        314      2414     495      2925     850      2170     2166     2667     3037     1469     2711     1162     1579     1589     905      3024     1669     2287     1415     1485     2387     1322     1757     1081     3113     2354     570      3198     2911     921      773      2605     387      710      1021     1161     1716     3538     2039     2043     1821     1811     1326     2256     1758     464      1439     1997     917      1288     3388     3262     2184     2009     1011     1209     2114     1707     1639     2112     2184     2796     2408     1872     2136     
16       2889     2689     1968     1752     2014     2116     2558     2753     1897     3254     3746     2676     2070     2637     2267     314      0        2126     674      2814     615      2332     1922     2424     2802     1617     2804     990      1835     1359     1082     3095     1800     2043     1107     1209     2317     1523     2022     1230     2858     2395     696      3013     2974     612      1081     2606     697      1019     961      1475     1416     3269     2071     2347     1506     2058     1111     2366     1663     279      1148     1685     603      1046     3165     2994     2168     2231     731      1473     2181     1434     1588     2377     2160     2813     2363     2050     2179     
17       3137     3349     600      1251     3927     3071     3594     3275     1700     3586     3723     2557     3788     2384     141      2414     2126     0        2776     2066     1593     3397     613      700      1036     2841     3369     1492     3472     2154     2641     3461     2877     599      1439     1790     2076     2991     3671     2627     900      2788     2360     1618     3321     1534     3071     2691     2740     3115     2658     3507     1505     1188     2555     4219     947      3608     1245     3144     1718     2203     978      722      1574     2027     1424     936      2333     3624     1836     3212     2803     1829     1935     3981     2285     2926     2260     3266     2665     
18       3298     2994     2555     2402     1718     2383     2737     3097     2497     3614     4170     3187     1933     3177     2915     495      674      2776     0        3420     1287     2526     2596     3098     3477     1859     3129     1638     1792     1512     1293     3457     2070     2718     1582     1527     2881     1654     1941     1487     3530     2812     1027     3674     3350     1242     869      3080     585      610      723      1103     1826     3934     2503     2057     2064     2037     1781     2665     2253     585      1802     2270     1208     1263     3839     3661     2668     2279     1115     1425     2557     1727     2132     2282     2670     3263     2898     2214     2595     
19       1420     1901     2607     1142     3629     2023     2401     1734     922      1808     1729     785      3255     595      2102     2925     2814     2066     3420     0        2252     2304     1513     1444     1379     2187     1832     1837     2943     3679     2443     1737     2058     1480     2944     3324     626      2493     3089     2285     1693     1362     2470     831      1622     2557     3144     1031     3020     3383     3733     3525     3192     2115     1384     3792     2700     2934     1807     1892     1167     3057     2197     2579     2640     3420     1354     1945     1035     2775     3075     2902     1589     3472     1327     3258     994      1177     746      2377     1413     
20       2540     2459     1563     1152     2363     1962     2464     2480     1359     2946     3360     2220     2294     2150     1734     850      615      1593     1287     2252     0        2239     1317     1819     2193     1546     2548     417      2003     1569     1155     2791     1674     1438     1005     1285     1811     1577     2203     1215     2263     2058     806      2401     2658     399      1481     2197     1148     1529     1481     1915     1342     2692     1736     2671     1192     2185     496      2159     1147     817      649      1303     474      1265     2552     2414     1745     2284     893      1692     1904     1495     1142     2544     1725     2423     1890     2007     1854     
21       1190     627      3641     2194     1651     328      227      817      1816     1278     1949     1581     1163     1732     3513     2170     2332     3397     2526     2304     2239     0        2827     3154     3341     716      785      2031     966      3683     1265     1149     565      2901     3240     3474     1727     872      1001     1102     3590     955      1636     3047     1110     2621     1751     1333     1940     2088     3186     1893     3578     4082     956      1675     3385     808      2252     428      1706     2594     2760     3434     2682     3366     3502     3833     1300     541      3016     1203     719      3697     1467     1023     1349     1330     1565     316      898      
22       2523     2744     1096     646      3516     2499     3016     2665     1089     2972     3124     1949     3321     1780     704      2166     1922     613      2596     1513     1317     2827     0        502      884      2318     2760     1075     2997     2335     2200     2848     2329     121      1577     1963     1465     2504     3191     2153     952      2178     1980     1250     2707     1417     2724     2078     2436     2827     2642     3163     1759     1407     1956     3785     1223     3108     854      2552     1127     2071     883      1074     1483     2133     1263     1129     1722     3095     1853     2775     2207     2066     1359     3482     1674     2313     1647     2720     2063     
23       2674     2985     1298     980      3975     2827     3326     2877     1344     3113     3157     2050     3751     1859     691      2667     2424     700      3098     1444     1819     3154     502      0        395      2713     2976     1559     3424     2751     2656     3006     2696     380      2001     2378     1603     2927     3613     2590     468      2402     2462     917      2870     1908     3209     2226     2932     3323     3123     3647     2134     952      2231     4232     1575     3516     1350     2837     1459     2569     1358     1378     1971     2576     789      685      1945     3474     2321     3226     2487     2453     1710     3887     1893     2444     1799     3085     2326     
24       2727     3103     1633     1248     4279     3019     3496     2974     1531     3148     3106     2083     4026     1885     988      3037     2802     1036     3477     1379     2193     3341     884      395      0        2964     3074     1906     3697     3138     2963     3057     2923     764      2391     2766     1688     3201     3880     2879     315      2520     2798     666      2928     2299     3547     2290     3286     3678     3517     3982     2512     760      2393     4522     1951     3770     1712     2992     1692     2956     1752     1744     2363     2969     397      566      2076     3702     2716     3524     2646     2834     1947     4136     2024     2488     1883     3305     2475     
25       1516     1137     3014     1733     1443     524      943      1255     1458     1773     2378     1629     1084     1711     2967     1469     1617     2841     1859     2187     1546     716      2318     2713     2964     0        1277     1392     761      2966     569      1620     216      2409     2538     2761     1562     320      927      389      3173     1079     922      2802     1528     1917     1177     1435     1281     1501     2490     1444     2876     3664     854      1612     2718     806      1631     810      1272     1882     2107     2789     1975     2649     3192     3399     1169     783      2300     750      782      2984     1017     1174     1202     1549     1464     461      892      
26       467      158      3728     2118     2436     762      730      99       1671     505      1165     1047     1948     1239     3463     2711     2804     3369     3129     1832     2548     785      2760     2976     3074     1277     0        2233     1742     4094     1836     365      1062     2804     3541     3832     1386     1542     1787     1642     3360     581      2142     2648     333      2947     2439     803      2557     2771     3729     2640     3869     3834     845      2454     3572     1594     2404     468      1670     3081     2937     3569     3021     3779     3151     3615     1040     1320     3411     1933     644      4043     1504     1783     1089     680      1191     1058     724      
27       2178     2161     1622     764      2451     1727     2248     2158     941      2598     2975     1818     2296     1739     1628     1162     990      1492     1638     1837     417      2031     1075     1559     1906     1392     2233     0        1981     1954     1149     2447     1473     1190     1319     1644     1396     1506     2180     1139     2023     1709     905      2036     2311     774      1650     1811     1380     1773     1895     2088     1640     2483     1397     2732     1361     2126     247      1883     734      1221     729      1404     857      1660     2239     2205     1359     2170     1292     1723     1593     1839     763      2498     1335     2044     1483     1843     1518     
28       2101     1583     3558     2452     716      1041     1111     1759     2212     2242     2906     2341     328      2444     3606     1579     1835     3472     1792     2943     2003     966      2997     3424     3697     761      1742     1981     0        3169     850      2108     891      3097     2905     3044     2319     496      200      846      3890     1743     1212     3562     2054     2308     929      2123     1240     1248     2508     950      3232     4376     1581     850      3192     246      2228     1314     2013     2043     2634     3305     2344     2866     3941     4105     1915     523      2566     373      1445     3270     1762     546      1952     2191     2210     687      1592     
29       4108     3993     1659     2537     3218     3448     3910     4032     2863     4509     4926     3771     3371     3681     2258     1589     1359     2154     1512     3679     1569     3683     2335     2751     3138     2966     4094     1954     3169     0        2441     4353     3138     2433     758      373      3332     2882     3345     2583     3052     3624     2053     3585     4223     1180     2316     3762     1945     2114     889      2612     665      3309     3300     3559     1207     3400     1896     3679     2682     1125     1493     1440     1098     317      3536     3079     3310     3587     683      2798     3454     363      2708     3699     3288     3991     3434     3407     3417     
30       2031     1701     2707     1718     1319     1092     1488     1806     1584     2324     2903     2024     1152     2061     2777     905      1082     2641     1293     2443     1155     1265     2200     2656     2963     569      1836     1149     850      2441     0        2169     777      2308     2088     2267     1833     445      1050     199      3125     1559     393      2929     2067     1476     710      1871     723      996      1923     1083     2421     3601     1275     1585     2346     1032     1395     1372     1349     1334     1784     2455     1521     2127     3246     3326     1515     1162     1794     575      1284     2493     1130     1389     1532     2025     1789     971      1349     
31       331      524      3865     2223     2800     1117     1075     365      1768     158      800      974      2311     1173     3545     3024     3095     3461     3457     1737     2791     1149     2848     3006     3057     1620     365      2447     2108     4353     2169     0        1403     2877     3765     4075     1404     1896     2151     1971     3356     737      2454     2569     141      3189     2791     779      2892     3120     4035     3003     4087     3815     1055     2812     3752     1958     2594     821      1817     3374     3124     3728     3266     4042     3088     3613     1145     1679     3671     2294     914      4279     1692     2134     1188     569      1211     1424     936      
32       1304     924      3091     1718     1598     318      790      1038     1396     1557     2163     1455     1196     1553     2999     1669     1800     2877     2070     2058     1674     565      2329     2696     2923     216      1062     1473     891      3138     777      1403     0        2412     2676     2918     1438     516      1030     588      3148     881      1111     2715     1312     2058     1392     1248     1495     1718     2691     1646     3014     3641     689      1735     2823     880      1701     595      1238     2069     2200     2878     2120     2820     3128     3382     1026     779      2465     942      580      3138     985      1226     1064     1347     1320     391      707      
33       2551     2795     1129     708      3625     2572     3085     2708     1134     2998     3123     1961     3423     1786     668      2287     2043     599      2718     1480     1438     2901     121      380      764      2409     2804     1190     3097     2433     2308     2877     2412     0        1676     2060     1483     2603     3290     2256     833      2223     2096     1158     2738     1535     2841     2103     2556     2946     2758     3279     1845     1295     2013     3891     1300     3204     973      2614     1195     2191     996      1136     1600     2239     1146     1018     1764     3182     1965     2882     2267     2156     1435     3577     1715     2335     1670     2804     2118     
34       3496     3458     1034     1809     3122     2968     3466     3469     2168     3917     4279     3099     3161     2992     1556     1415     1107     1439     1582     2944     1005     3240     1577     2001     2391     2538     3541     1319     2905     758      2088     3765     2676     1676     0        387      2641     2529     3099     2185     2325     3028     1700     2827     3629     620      2188     3118     1802     2091     1259     2569     337      2620     2713     3455     531      3112     1206     3163     2012     1015     747      767      567      587      2788     2375     2670     3246     474      2557     2897     533      2080     3451     2642     3355     2760     2998     2833     
35       3818     3740     1320     2185     3176     3220     3702     3766     2528     4229     4619     3449     3275     3351     1898     1485     1209     1790     1527     3324     1285     3474     1963     2378     2766     2761     3832     1644     3044     373      2267     4075     2918     2060     387      0        3000     2712     3231     2389     2685     3340     1874     3213     3942     886      2249     3455     1865     2096     1043     2591     349      2955     3020     3515     847      3265     1560     3435     2359     1031     1130     1084     811      300      3164     2719     3004     3428     478      2682     3189     226      2406     3586     2979     3688     3111     3213     3139     
36       1074     1416     2528     885      3003     1428     1850     1286     472      1517     1682     488      2632     351      2151     2387     2317     2076     2881     626      1811     1727     1465     1603     1688     1562     1386     1396     2319     3332     1833     1404     1438     1483     2641     3000     0        1867     2468     1668     1974     836      1895     1320     1267     2163     2539     625      2442     2793     3266     2910     2927     2448     780      3168     2502     2316     1439     1337     663      2578     1918     2432     2247     3048     1792     2229     428      2172     2685     2278     1008     3174     750      2648     382      852      196      1770     830      
37       1818     1392     3107     1956     1136     780      1083     1532     1726     2046     2671     1949     825      2029     3123     1322     1523     2991     1654     2493     1577     872      2504     2927     3201     320      1542     1506     496      2882     445      1896     516      2603     2529     2712     1867     0        687      369      3393     1395     838      3080     1815     1915     898      1755     1069     1232     2325     1130     2864     3880     1175     1331     2768     619      1753     1076     1520     1767     2186     2865     1962     2569     3449     3610     1485     717      2239     430      1095     2938     1271     991      1515     1863     1778     560      1212     
38       2173     1628     3758     2639     650      1133     1110     1815     2385     2276     2951     2460     169      2574     3804     1757     2022     3671     1941     3089     2203     1001     3191     3613     3880     927      1787     2180     200      3345     1050     2151     1030     3290     3099     3231     2468     687      0        1044     4078     1849     1410     3728     2109     2504     1072     2233     1406     1373     2661     1017     3424     4566     1714     708      3391     193      2428     1386     2192     2222     2835     3506     2539     3045     4117     4296     2056     489      2753     549      1557     3456     1939     355      2095     2283     2350     763      1713     
39       1831     1509     2738     1631     1405     906      1328     1610     1452     2127     2703     1836     1168     1882     2760     1081     1230     2627     1487     2285     1215     1102     2153     2590     2879     389      1642     1139     846      2583     199      1971     588      2256     2185     2389     1668     369      1044     0        3058     1361     533      2807     1869     1566     894      1677     922      1191     2103     1242     2521     3541     1081     1643     2404     989      1386     1180     1227     1493     1817     2496     1618     2267     3147     3268     1333     1069     1923     649      1085     2614     993      1359     1353     1828     1612     825      1152     
40       3025     3382     1467     1440     4444     3264     3754     3260     1774     3451     3421     2384     4218     2187     815      3113     2858     900      3530     1693     2263     3590     952      468      315      3173     3360     2023     3890     3052     3125     3356     3148     833      2325     2685     1974     3393     4078     3058     0        2797     2927     970      3225     2316     3673     2585     3389     3779     3505     4111     2405     493      2652     4701     1846     3978     1807     3256     1910     2985     1753     1623     2372     2911     581      256      2347     3928     2689     3695     2907     2729     2164     4348     2295     2788     2170     3535     2740     
41       493      584      3156     1537     2459     718      1038     487      1090     889      1359     627      2018     779      2882     2354     2395     2788     2812     1362     2058     955      2178     2402     2520     1079     581      1709     1743     3624     1559     737      881      2223     3028     3340     836      1395     1849     1361     2797     0        1789     2141     601      2455     2240     386      2273     2550     3348     2523     3350     3278     325      2556     3021     1671     1860     532      1098     2674     2391     3006     2533     3315     2626     3051     459      1463     2943     1823     301      3543     956      1953     510      470      649      1090     217      
42       2278     2018     2370     1588     1568     1429     1862     2100     1561     2612     3148     2168     1491     2170     2500     570      696      2360     1027     2470     806      1636     1980     2462     2798     922      2142     905      1212     2053     393      2454     1111     2096     1700     1874     1895     838      1410     533      2927     1789     0        2851     2341     1095     749      2053     550      922      1586     1185     2032     3388     1477     1868     1983     1412     1135     1691     1313     959      1453     2108     1134     1738     3113     3110     1648     1555     1402     886      1544     2100     1147     1758     1653     2236     1891     1353     1571     
43       2249     2705     2215     1277     4206     2743     3169     2549     1356     2639     2509     1607     3886     1411     1601     3198     3013     1618     3674     831      2401     3047     1250     917      666      2802     2648     2036     3562     3585     2929     2569     2715     1158     2827     3213     1320     3080     3728     2807     970      2141     2851     0        2451     2603     3584     1844     3382     3769     3835     4000     3002     1324     2094     4410     2454     3593     1906     2656     1581     3212     2114     2275     2678     3376     527      1200     1746     3475     3078     3454     2328     3314     1815     3940     1697     2006     1493     3071     2150     
44       202      485      3724     2082     2755     1039     1063     294      1627     288      858      849      2272     1048     3405     2911     2974     3321     3350     1622     2658     1110     2707     2870     2928     1528     333      2311     2054     4223     2067     141      1312     2738     3629     3942     1267     1815     2109     1869     3225     601      2341     2451     0        3056     2704     643      2790     3030     3918     2931     3950     3687     922      2783     3612     1917     2455     746      1676     3254     2985     3587     3133     3912     2968     3482     1004     1648     3541     2221     797      4145     1553     2115     1046     445      1073     1366     805      
45       2934     2857     1358     1422     2584     2352     2847     2879     1699     3343     3746     2592     2577     2509     1673     921      612      1534     1242     2557     399      2621     1417     1908     2299     1917     2947     774      2308     1180     1476     3189     2058     1535     620      886      2163     1915     2504     1566     2316     2455     1095     2603     3056     0        1662     2581     1289     1631     1233     2074     958      2700     2133     2908     911      2506     749      2556     1506     673      565      1076     84       886      2680     2430     2129     2631     522      1970     2303     1096     1528     2853     2107     2811     2257     2377     2252     
46       2692     2291     3010     2332     933      1677     1945     2426     2263     2942     3556     2731     1067     2771     3213     773      1081     3071     869      3144     1481     1751     2724     3209     3547     1177     2439     1650     929      2316     710      2791     1392     2841     2188     2249     2539     898      1072     894      3673     2240     749      3584     2704     1662     0        2569     386      337      1591     439      2489     4130     1973     1269     2573     1176     1873     1972     2020     1218     2124     2734     1671     2030     3861     3852     2225     1433     1781     574      1951     2468     1820     1413     2242     2710     2499     1434     2037     
47       449      870      3118     1468     2838     1104     1395     704      1017     894      1164     254      2403     436      2771     2605     2606     2691     3080     1031     2197     1333     2078     2226     2290     1435     803      1811     2123     3762     1871     779      1248     2103     3118     3455     625      1755     2233     1677     2585     386      2053     1844     643      2581     2569     0        2566     2868     3567     2876     3426     3050     596      2941     3045     2056     1917     905      1112     2883     2433     3000     2663     3461     2350     2841     452      1848     3090     2185     678      3646     1054     2338     476      242      432      1476     543      
48       2751     2419     2645     2109     1320     1805     2151     2529     2109     3047     3623     2697     1426     2710     2882     387      697      2740     585      3020     1148     1940     2436     2932     3286     1281     2557     1380     1240     1945     723      2892     1495     2556     1802     1865     2442     1069     1406     922      3389     2273     550      3382     2790     1289     386      2566     0        392      1274     785      2103     3832     1976     1656     2197     1481     1582     2091     1861     835      1776     2365     1293     1654     3618     3553     2179     1707     1395     867      2005     2086     1696     1758     2187     2734     2431     1629     2059     
49       3011     2623     2988     2498     1108     2008     2281     2755     2481     3272     3878     3017     1345     3045     3256     710      1019     3115     610      3383     1529     2088     2827     3323     3678     1501     2771     1773     1248     2114     996      3120     1718     2946     2091     2096     2793     1232     1373     1191     3779     2550     922      3769     3030     1631     337      2868     392      0        1326     498      2368     4219     2271     1448     2523     1493     1973     2303     2234     1080     2143     2705     1623     1850     4010     3941     2503     1761     1649     905      2267     2306     2056     1700     2517     3018     2768     1772     2343     
