

sets
i        orders          /0*80/
k        routes          /1*80/
p        positions       /0*80/
;

alias(i,j)
alias(i,h)
alias(i,hh)
alias(i,jj)
alias(k,kk)
                            Parameters

rho(i)	Processing time
/
0	0
1	32
2	72
3	56
4	59
5	6
6	99
7	41
8	80
9	2
10	18
11	5
12	47
13	98
14	37
15	88
16	85
17	84
18	28
19	2
20	75
21	99
22	35
23	37
24	97
25	77
26	50
27	68
28	78
29	54
30	42
31	34
32	84
33	94
34	53
35	12
36	94
37	6
38	13
39	8
40	31
41	95
42	62
43	91
44	35
45	31
46	96
47	98
48	79
49	76
50	44
51	49
52	62
53	33
54	48
55	99
56	63
57	45
58	31
59	20
60	27
61	75
62	45
63	4
64	36
65	53
66	2
67	33
68	89
69	19
70	30
71	53
72	57
73	41
74	20
75	93
76	19
77	55
78	74
79	79
80	90
/

gamma(i)	Duedate
/
0	0
1	57
2	52
3	72
4	36
5	89
6	9
7	25
8	74
9	76
10	73
11	21
12	17
13	94
14	14
15	80
16	33
17	27
18	7
19	54
20	89
21	80
22	13
23	60
24	2
25	83
26	71
27	70
28	47
29	1
30	50
31	81
32	13
33	88
34	70
35	33
36	53
37	39
38	19
39	96
40	92
41	85
42	70
43	33
44	19
45	27
46	73
47	62
48	22
49	47
50	34
51	64
52	88
53	6
54	80
55	81
56	57
57	38
58	66
59	42
60	83
61	77
62	55
63	26
64	23
65	94
66	96
67	31
68	58
69	28
70	5
71	23
72	41
73	90
74	2
75	69
76	58
77	52
78	18
79	20
80	28
/

sigma(i)	Size
/
0	0
1	8
2	8
3	4
4	4
5	7
6	1
7	4
8	7
9	9
10	6
11	1
12	7
13	6
14	6
15	7
16	2
17	6
18	8
19	5
20	4
21	1
22	2
23	6
24	6
25	6
26	5
27	3
28	9
29	1
30	5
31	5
32	5
33	2
34	7
35	1
36	6
37	2
38	6
39	9
40	6
41	4
42	4
43	4
44	3
45	8
46	8
47	7
48	5
49	6
50	1
51	2
52	5
53	2
54	7
55	6
56	1
57	9
58	7
59	8
60	9
61	2
62	2
63	8
64	5
65	4
66	6
67	5
68	4
69	5
70	6
71	8
72	4
73	8
74	4
75	3
76	2
77	3
78	8
79	9
80	6
/

epsilon(i)	Priority
/
0	0
1	5
2	9
3	2
4	8
5	4
6	6
7	3
8	8
9	3
10	8
11	3
12	8
13	2
14	6
15	7
16	3
17	9
18	7
19	5
20	1
21	2
22	8
23	9
24	6
25	8
26	4
27	4
28	3
29	1
30	3
31	6
32	7
33	2
34	9
35	3
36	9
37	8
38	9
39	5
40	9
41	2
42	2
43	5
44	1
45	1
46	5
47	5
48	7
49	1
50	9
51	5
52	2
53	5
54	1
55	5
56	3
57	5
58	7
59	4
60	9
61	8
62	6
63	6
64	9
65	3
66	7
67	8
68	9
69	8
70	6
71	1
72	4
73	8
74	2
75	7
76	3
77	9
78	7
79	2
80	2
/

psi	Vehicle Capacity
/ 142 /
;

Table kappa(i,j)                 Setup
         0        1        2        3        4        5        6        7        8        9        10       11       12       13       14       15       16       17       18       19       20       21       22       23       24       25       26       27       28       29       30       31       32       33       34       35       36       37       38       39       40       41       42       43       44       45       46       47       48       49       50       51       52       53       54       55       56       57       58       59       60       61       62       63       64       65       66       67       68       69       70       71       72       73       74       75       76       77       78       79       80       
0        0        2360     2092     593      1138     1051     2118     812      1601     901      923      1653     1355     806      2061     2071     1297     561      1628     1937     2635     755      2201     1102     1468     1415     1367     959      2542     1499     2178     981      735      2614     1697     2292     2563     1473     2743     2635     2219     783      2607     1106     2525     1736     835      937      200      410      2602     3018     866      1839     2519     1470     1709     2532     474      1789     1789     1444     2924     1481     2140     1862     971      2431     697      1521     1270     781      1184     2265     1303     1903     1522     758      1159     160      2791     
1        2360     0        4055     2858     3109     3261     2205     2420     3635     2767     3145     3786     1051     2852     4067     1421     1825     2899     1101     1061     2128     2217     901      3449     3250     1548     1169     3310     420      3311     1282     1627     2826     424      1501     1873     3944     3784     2257     1136     1336     2317     248      1926     370      1466     1623     1445     2552     2748     1185     2190     3216     1390     427      3264     3265     1481     1990     3682     2848     3456     1671     982      1362     1134     3322     747      2959     3689     1805     2071     3096     3656     2574     3623     3229     2450     1626     2325     2066     
2        2092     4055     0        2131     989      1085     2486     1645     492      2676     1203     536      3260     1309     101      4140     3390     1944     3001     3952     3099     1851     4180     1400     3017     3496     2886     1783     4064     3005     4227     3049     1369     4149     3777     2927     1096     2056     3124     3779     4274     1748     4291     3196     4326     2784     2483     2882     2019     1744     3713     3520     1519     2905     4034     794      917      3451     2555     3073     1529     651      3777     3074     3153     3097     1791     3782     2132     2502     3363     2865     2749     1018     1536     558      3116     2725     2433     2006     3330     
3        593      2858     2131     0        1331     1052     2678     1288     1653     545      948      1616     1815     1054     2073     2312     1456     188      2211     2269     3216     1293     2557     827      992      1662     1943     511      3080     1006     2453     1312     975      3148     1929     2878     2824     925      3319     3219     2481     1293     3101     1251     2978     2330     1419     1412     410      504      3189     3605     630      2433     3058     1694     2000     3125     868      1242     2225     1539     3518     2040     2734     2451     517      2999     105      928      1441     932      696      2549     1760     2096     1071     646      1752     725      3377     
4        1138     3109     989      1331     0        418      1889     691      528      1860     437      688      2274     332      979      3156     2429     1148     2100     2963     2514     892      3192     907      2311     2518     1947     1180     3158     2316     3240     2068     404      3242     2797     2260     1493     1657     2576     2975     3287     793      3350     2243     3362     1959     1508     1893     1106     855      2918     2943     861      2083     3130     362      686      2709     1584     2482     1093     350      3074     2128     2364     2237     1194     2916     1370     1990     2400     1920     2019     1221     797      777      2397     1838     1517     1033     2728     
5        1051     3261     1085     1052     418      0        2268     934      601      1597     127      604      2340     437      1037     3122     2333     864      2324     2976     2885     1100     3229     490      1987     2466     2132     794      3359     1984     3227     2031     440      3440     2748     2611     1829     1243     2956     3255     3269     1019     3507     2134     3480     2246     1637     1933     947      669      3203     3312     483      2368     3331     733      1080     3025     1525     2115     1510     494      3401     2297     2662     2492     807      3154     1065     1597     2308     1799     1704     1583     1177     1078     2079     1639     1745     1000     3092     
6        2118     2205     2486     2678     1889     2268     0        1430     2264     3001     2222     2496     2057     1872     2546     3098     2819     2571     1204     2743     627      1385     2810     2707     3580     2705     1359     2837     2000     3614     3070     2361     1915     2081     2894     465      1936     3385     688      1444     3132     1398     2370     2740     2568     780      1521     1979     2271     2233     1368     1057     2563     824      1970     1784     1569     1036     2200     3906     961      2124     1307     1504     881      1077     2852     1613     2770     3577     2783     2578     3301     1708     1093     1936     3625     2782     1102     1965     851      
7        812      2420     1645     1288     691      934      1430     0        1215     1704     852      1377     1632     497      1651     2586     1955     1158     1412     2350     2017     205      2557     1307     2252     1983     1255     1406     2468     2276     2647     1535     514      2551     2252     1714     1835     1955     2104     2322     2699     103      2660     1795     2682     1312     842      1285     907      811      2269     2434     1140     1434     2439     873      996      2096     1123     2531     977      1037     2476     1438     1728     1564     1422     2235     1370     2157     1922     1514     1959     1527     491      1284     2316     1566     829      653      2209     
8        1601     3635     492      1653     528      601      2264     1215     0        2199     714      243      2798     830      461      3656     2898     1465     2613     3477     2891     1418     3712     978      2569     3008     2471     1346     3674     2562     3747     2563     884      3759     3290     2674     1320     1695     2936     3454     3793     1318     3876     2704     3890     2442     2036     2411     1527     1252     3393     3320     1059     2565     3645     480      768      3160     2067     2662     1354     178      3510     2653     2834     2735     1356     3418     1662     2110     2872     2373     2293     1129     1216     578      2665     2236     2033     1519     3115     
9        901      2767     2676     545      1860     1597     3001     1704     2199     0        1492     2158     1723     1563     2617     1967     1109     733      2327     2007     3485     1656     2305     1342     582      1367     2043     977      3050     625      2130     1140     1482     3108     1597     3132     3349     1186     3600     3316     2147     1683     2997     924      2820     2532     1576     1382     805      1008     3297     3846     1166     2619     3033     2221     2512     3292     883      965      2675     2082     3679     2092     2906     2584     977      3042     552      944      1106     696      339      3067     2193     2632     624      316      1972     1061     3621     
10       923      3145     1203     948      437      127      2222     852      714      1492     0        731      2217     358      1158     2994     2206     760      2223     2849     2834     1006     3103     492      1902     2338     2024     742      3251     1902     3099     1903     342      3332     2620     2550     1901     1228     2909     3166     3141     931      3392     2008     3360     2162     1523     1808     822      544      3116     3258     424      2284     3224     784      1122     2948     1397     2051     1506     590      3327     2186     2580     2399     756      3055     969      1552     2182     1673     1614     1644     1141     1157     1992     1521     1648     873      3036     
11       1653     3786     536      1616     688      604      2496     1377     243      2158     731      0        2910     940      463      3723     2938     1433     2788     3567     3123     1573     3813     863      2482     3068     2630     1248     3845     2469     3825     2631     979      3929     3350     2898     1514     1533     3171     3656     3867     1477     4029     2739     4027     2641     2171     2511     1551     1273     3597     3553     994      2765     3817     716      1011     3375     2126     2538     1596     375      3729     2807     3039     2924     1256     3604     1609     1970     2913     2403     2217     1347     1434     797      2582     2230     2205     1592     3346     
12       1355     1051     3260     1815     2274     2340     2057     1632     2798     1723     2217     2910     0        1974     3254     1055     914      1869     914      742      2283     1430     925      2458     2230     703      699      2283     1332     2288     1063     593      1931     1387     842      1935     3390     2739     2417     1721     1121     1532     1290     948      1171     1309     795      418      1536     1760     1725     2525     2221     1324     1317     2505     2599     1841     947      2656     2345     2622     2182     587      1515     1153     2294     1385     1914     2638     884      1032     2056     3082     1944     2913     2219     1407     1051     1352     2330     
13       806      2852     1309     1054     332      437      1872     497      830      1563     358      940      1974     0        1290     2831     2097     882      1890     2647     2479     665      2884     835      2046     2189     1708     1009     2933     2057     2919     1740     80       3015     2469     2192     1790     1536     2557     2817     2965     581      3097     1910     3087     1808     1232     1582     785      556      2765     2903     706      1931     2905     671      949      2591     1253     2256     1215     659      2970     1879     2225     2055     1024     2720     1108     1807     2068     1588     1750     1504     806      1100     2126     1518     1310     701      2680     
14       2061     4067     101      2073     979      1037     2546     1651     461      2617     1158     463      3254     1290     0        4118     3356     1887     3023     3938     3162     1856     4170     1325     2945     3470     2899     1710     4087     2931     4209     3025     1346     4172     3751     2982     1197     1968     3191     3819     4254     1754     4305     3161     4333     2819     2484     2870     1979     1702     3754     3585     1455     2941     4057     820      977      3498     2527     2992     1592     632      3830     3085     3194     3127     1718     3812     2070     2417     3330     2828     2681     1112     1572     632      3045     2676     2451     1981     3392     
15       2071     1421     4140     2312     3156     3122     3098     2586     3656     1967     2994     3723     1055     2831     4118     0        864      2438     1913     386      3258     2399     545      3101     2265     660      1741     2824     1838     2330     188      1093     2771     1845     383      2928     4399     3147     3394     2479     184      2494     1542     1064     1228     2332     1799     1304     2195     2467     2509     3439     2871     2326     1841     3436     3579     2722     1597     2685     3382     3489     3000     1597     2461     2116     2829     2088     2386     2891     874      1381     2223     4089     2957     3862     2206     1700     2103     2137     3268     
16       1297     1825     3390     1456     2429     2333     2819     1955     2898     1109     2206     2938     914      2097     3356     864      0        1592     1789     916      3138     1799     1214     2261     1472     284      1529     1967     2180     1536     1021     462      2029     2220     488      2780     3789     2283     3270     2635     1041     1880     2027     205      1794     2139     1323     840      1387     1665     2639     3413     2037     2180     2171     2744     2941     2747     849      1905     2865     2742     3095     1473     2404     2043     1972     2289     1525     2044     36       539      1385     3482     2395     3178     1433     836      1723     1397     3209     
17       561      2899     1944     188      1148     864      2571     1158     1465     733      760      1433     1869     882      1887     2438     1592     0        2187     2371     3126     1188     2653     669      1166     1781     1929     413      3097     1175     2571     1403     804      3169     2054     2796     2641     912      3225     3193     2603     1175     3145     1387     3040     2272     1396     1457     361      350      3158     3524     456      2380     3075     1511     1822     3073     927      1385     2071     1351     3466     2041     2683     2417     424      2993     225      1007     1574     1057     871      2369     1616     1910     1249     810      1696     662      3296     
18       1628     1101     3001     2211     2100     2324     1204     1412     2613     2327     2223     2788     914      1890     3023     1913     1789     2187     0        1547     1368     1226     1605     2608     2895     1611     284      2567     1063     2945     1872     1373     1884     1148     1752     1023     2843     3098     1503     1008     1935     1315     1316     1769     1433     425      793      1002     1827     1942     979      1624     2394     414      1033     2206     2177     981      1444     3292     1747     2437     1357     326      617      262      2581     832      2317     3130     1755     1724     2664     2555     1488     2542     2910     2037     583      1533     1422     
19       1937     1061     3952     2269     2963     2976     2743     2350     3477     2007     2849     3567     742      2647     3938     386      916      2371     1547     0        2880     2154     298      3014     2387     641      1396     2774     1471     2452     328      969      2595     1485     476      2554     4130     3153     3016     2095     389      2253     1209     1084     923      1969     1528     1071     2087     2345     2123     3054     2779     1956     1472     3218     3331     2336     1470     2819     3087     3305     2614     1239     2080     1739     2782     1705     2354     2950     911      1349     2298     3822     2684     3634     2343     1710     1789     1976     2885     
20       2635     2128     3099     3216     2514     2885     627      2017     2891     3485     2834     3123     2283     2479     3162     3258     3138     3126     1368     2880     0        1942     2882     3314     4068     2976     1609     3419     1823     4108     3195     2699     2517     1891     3120     360      2454     3971     136      1119     3257     1971     2236     3093     2498     1000     1930     2313     2805     2800     1044     430      3158     960      1797     2410     2184     684      2637     4420     1569     2751     790      1695     801      1143     3435     1418     3313     4133     3103     2986     3801     2263     1716     2543     4103     3238     1516     2491     234      
21       755      2217     1851     1293     892      1100     1385     205      1418     1656     1006     1573     1430     665      1856     2399     1799     1188     1226     2154     1942     0        2356     1432     2222     1809     1056     1483     2274     2252     2454     1366     664      2357     2073     1620     2006     2035     2038     2160     2507     102      2458     1650     2476     1163     638      1095     890      858      2111     2347     1245     1283     2246     1077     1181     1960     989      2528     1081     1239     2346     1236     1583     1393     1498     2055     1385     2195     1765     1388     1935     1697     599      1482     2278     1485     645      595      2120     
22       2201     901      4180     2557     3192     3229     2810     2557     3712     2305     3103     3813     925      2884     4170     545      1214     2653     1605     298      2882     2356     0        3289     2683     939      1503     3059     1321     2747     385      1249     2836     1320     759      2575     4300     3447     3016     2006     436      2458     1001     1382     683      2030     1720     1302     2359     2611     2044     3015     3052     1999     1328     3430     3522     2294     1741     3113     3237     3538     2537     1325     2080     1763     3067     1611     2644     3248     1209     1643     2596     3995     2858     3839     2637     2007     1931     2229     2862     
23       1102     3449     1400     827      907      490      2707     1307     978      1342     492      863      2458     835      1325     3101     2261     669      2608     3014     3314     1432     3289     0        1620     2442     2383     386      3599     1606     3229     2046     797      3676     2718     3020     2279     754      3393     3583     3263     1373     3697     2056     3626     2595     1856     2040     930      701      3537     3735     236      2714     3574     1217     1566     3393     1547     1684     1994     930      3777     2527     3015     2806     393      3439     792      1135     2242     1724     1361     2051     1633     1524     1721     1473     2053     1124     3512     
24       1468     3250     3017     992      2311     1987     3580     2252     2569     582      1902     2482     2230     2046     2945     2265     1472     1166     2895     2387     4068     2222     2683     1620     0        1755     2610     1234     3562     65       2444     1636     1967     3615     1932     3715     3800     1169     4183     3873     2449     2241     3470     1331     3260     3113     2156     1927     1344     1496     3858     4428     1510     3198     3548     2673     2988     3867     1456     433      3210     2481     4251     2646     3482     3155     1227     3585     941      741      1482     1204     296      3533     2736     3059     106      858      2555     1626     4204     
25       1415     1548     3496     1662     2518     2466     2705     1983     3008     1367     2338     3068     703      2189     3470     660      284      1781     1611     641      2976     1809     939      2442     1755     0        1372     2173     1913     1819     790      452      2126     1949     282      2623     3816     2524     3110     2402     821      1899     1746     443      1510     1988     1263     753      1535     1808     2411     3227     2212     2015     1905     2812     2979     2543     943      2188     2844     2845     2878     1286     2218     1855     2180     2044     1741     2309     273      731      1657     3507     2392     3243     1717     1075     1631     1489     3031     
26       1367     1169     2886     1943     1947     2132     1359     1255     2471     2043     2024     2630     699      1708     2899     1741     1529     1929     284      1396     1609     1056     1503     2383     2610     1372     0        2317     1227     2660     1724     1100     1692     1307     1540     1253     2832     2841     1742     1281     1786     1154     1406     1497     1457     616      535      723      1567     1702     1257     1891     2162     650      1200     2095     2109     1264     1160     3008     1749     2292     1642     194      892      546      2331     1065     2049     2856     1495     1440     2380     2534     1420     2460     2625     1752     463      1284     1682     
27       959      3310     1783     511      1180     794      2837     1406     1346     977      742      1248     2283     1009     1710     2824     1967     413      2567     2774     3419     1483     3059     386      1234     2173     2317     0        3501     1221     2964     1810     946      3574     2440     3103     2622     552      3510     3566     2993     1448     3557     1762     3454     2617     1782     1870     761      635      3527     3829     318      2730     3478     1523     1864     3421     1340     1322     2221     1277     3812     2438     3034     2787     15       3383     446      810      1952     1443     975      2378     1809     1869     1334     1147     2049     1034     3602     
28       2542     420      4064     3080     3158     3359     2000     2468     3674     3050     3251     3845     1332     2933     4087     1838     2180     3097     1063     1471     1823     2274     1321     3599     3562     1913     1227     3501     0        3621     1702     1926     2919     85       1895     1614     3839     4001     1945     756      1756     2368     422      2259     734      1336     1743     1682     2740     2907     816      1830     3373     1235     31       3269     3225     1148     2224     3989     2750     3498     1283     1072     1121     996      3514     405      3184     3948     2157     2364     3386     3565     2542     3596     3549     2735     1641     2483     1730     
29       1499     3311     3005     1006     2316     1984     3614     2276     2562     625      1902     2469     2288     2057     2931     2330     1536     1175     2945     2452     4108     2252     2747     1606     65       1819     2660     1221     3621     0        2509     1695     1979     3674     1997     3756     3803     1129     4222     3926     2514     2268     3531     1394     3323     3157     2201     1981     1369     1511     3910     4471     1505     3244     3606     2677     2996     3915     1504     371      3229     2477     4300     2699     3529     3204     1213     3640     950      690      1545     1260     317      3538     2758     3059     152      909      2597     1657     4246     
30       2178     1282     4227     2453     3240     3227     3070     2647     3747     2130     3099     3825     1063     2919     4209     188      1021     2571     1872     328      3195     2454     385      3229     2444     790      1724     2964     1702     2509     0        1196     2863     1703     532      2874     4442     3304     3331     2370     62       2552     1385     1216     1062     2296     1838     1361     2313     2580     2404     3355     2997     2280     1707     3508     3635     2635     1704     2867     3407     3578     2897     1566     2394     2058     2970     1976     2530     3060     1027     1521     2394     4134     2997     3929     2388     1854     2113     2233     3192     
31       981      1627     3049     1312     2068     2031     2361     1535     2563     1140     1903     2631     593      1740     3025     1093     462      1403     1373     969      2699     1366     1249     2046     1636     452      1100     1810     1926     1695     1196     0        1679     1979     729      2339     3370     2217     2829     2282     1237     1453     1857     396      1689     1698     862      386      1120     1384     2277     2992     1811     1748     1911     2360     2530     2348     508      2063     2417     2397     2711     1074     1989     1633     1819     1965     1402     2071     426      444      1469     3061     1955     2791     1625     824      1262     1044     2782     
32       735      2826     1369     975      404      440      1915     514      884      1482     342      979      1931     80       1346     2771     2029     804      1884     2595     2517     664      2836     797      1967     2126     1692     946      2919     1979     2863     1679     0        3000     2407     2223     1870     1480     2598     2824     2908     589      3072     1840     3054     1820     1204     1534     707      476      2774     2938     651      1942     2891     749      1030     2609     1187     2181     1284     718      2990     1859     2239     2057     962      2715     1030     1739     2000     1516     1671     1584     863      1177     2046     1440     1307     636      2714     
33       2614     424      4149     3148     3242     3440     2081     2551     3759     3108     3332     3929     1387     3015     4172     1845     2220     3169     1148     1485     1891     2357     1320     3676     3615     1949     1307     3574     85       3674     1703     1979     3000     0        1920     1690     3924     4070     2010     807      1756     2451     377      2305     704      1421     1821     1745     2812     2983     871      1884     3449     1319     116      3354     3311     1211     2289     4043     2835     3582     1327     1150     1200     1081     3586     477      3251     4011     2198     2419     3443     3650     2628     3681     3599     2793     1725     2558     1791     
34       1697     1501     3777     1929     2797     2748     2894     2252     3290     1597     2620     3350     842      2469     3751     383      488      2054     1752     476      3120     2073     759      2718     1932     282      1540     2440     1895     1997     532      729      2407     1920     0        2775     4080     2771     3255     2455     554      2165     1671     684      1397     2152     1503     994      1815     2089     2473     3343     2489     2165     1892     3088     3248     2641     1225     2360     3091     3126     2954     1426     2340     1982     2446     2079     2003     2530     495      998      1866     3770     2648     3518     1882     1322     1847     1771     3156     
35       2292     1873     2927     2878     2260     2611     465      1714     2674     3132     2550     2898     1935     2192     2982     2928     2780     2796     1023     2554     360      1620     2575     3020     3715     2623     1253     3103     1614     3756     2874     2339     2223     1690     2775     0        2400     3656     489      995      2937     1659     2009     2733     2243     641      1571     1953     2467     2477     918      728      2853     610      1585     2198     2011     573      2279     4072     1413     2523     850      1349     511      816      3119     1213     2976     3799     2745     2626     3451     2174     1468     2383     3748     2881     1160     2152     500      
36       2563     3944     1096     2824     1493     1829     1936     1835     1320     3349     1901     1514     3390     1790     1197     4399     3789     2641     2843     4130     2454     2006     4300     2279     3800     3816     2832     2622     3839     3803     4442     3370     1870     3924     4080     2400     0        3013     2437     3371     4497     1917     4152     3624     4272     2504     2604     3095     2573     2342     3297     2831     2312     2604     3808     1130     854      2972     2948     3945     1096     1349     3222     3025     2772     2845     2634     3487     2861     3414     3756     3326     3510     309      1446     755      3888     3303     2378     2427     2685     
37       1473     3784     2056     925      1657     1243     3385     1955     1695     1186     1228     1533     2739     1536     1968     3147     2283     912      3098     3153     3971     2035     3447     754      1169     2524     2841     552      4001     1129     3304     2217     1480     4070     2771     3656     3013     0        4060     4102     3325     1999     4027     2088     3897     3165     2308     2338     1273     1184     4066     4382     829      3276     3979     1971     2320     3969     1794     1065     2733     1673     4360     2951     3580     3325     537      3904     824      476      2276     1804     1013     2798     2342     2261     1275     1449     2594     1567     4155     
38       2743     2257     3124     3319     2576     2956     688      2104     2936     3600     2909     3171     2417     2557     3191     3394     3270     3225     1503     3016     136      2038     3016     3393     4183     3110     1742     3510     1945     4222     3331     2829     2598     2010     3255     489      2437     4060     0        1228     3393     2063     2360     3223     2626     1131     2052     2443     2909     2896     1154     399      3243     1094     1918     2456     2215     799      2757     4531     1599     2802     857      1830     937      1279     3525     1540     3416     4233     3235     3111     3914     2259     1781     2567     4220     3357     1635     2597     268      
39       2635     1136     3779     3219     2975     3255     1444     2322     3454     3316     3166     3656     1721     2817     3819     2479     2635     3193     1008     2095     1119     2160     2006     3583     3873     2402     1281     3566     756      3926     2370     2282     2824     807      2455     995      3371     4102     1228     0        2428     2236     1178     2663     1483     1016     1801     1949     2833     2936     77       1076     3378     891      735      3003     2883     439      2437     4280     2329     3287     534      1227     626      779      3580     395      3325     4137     2605     2679     3655     3126     2248     3262     3880     3017     1529     2535     992      
40       2219     1336     4274     2481     3287     3269     3132     2699     3793     2147     3141     3867     1121     2965     4254     184      1041     2603     1935     389      3257     2507     436      3263     2449     821      1786     2993     1756     2514     62       1237     2908     1756     554      2937     4497     3325     3393     2428     0        2605     1433     1239     1107     2358     1893     1413     2350     2619     2463     3416     3032     2342     1762     3558     3688     2696     1744     2869     3465     3624     2956     1628     2456     2121     2999     2034     2557     3073     1049     1550     2405     4189     3052     3980     2390     1876     2172     2277     3254     
41       783      2317     1748     1293     793      1019     1398     103      1318     1683     931      1477     1532     581      1754     2494     1880     1175     1315     2253     1971     102      2458     1373     2241     1899     1154     1448     2368     2268     2552     1453     589      2451     2165     1659     1917     1999     2063     2236     2605     0        2557     1725     2578     1230     741      1191     899      835      2185     2383     1195     1352     2340     975      1085     2021     1058     2534     1020     1139     2405     1335     1649     1474     1463     2141     1380     2180     1846     1453     1951     1608     532      1381     2301     1528     732      623      2156     
42       2607     248      4291     3101     3350     3507     2370     2660     3876     2997     3392     4029     1290     3097     4305     1542     2027     3145     1316     1209     2236     2458     1001     3697     3470     1746     1406     3557     422      3531     1385     1857     3072     377      1671     2009     4152     4027     2360     1178     1433     2557     0        2140     339      1657     1869     1690     2799     2996     1238     2253     3464     1571     445      3498     3490     1566     2233     3903     3056     3697     1702     1222     1504     1318     3568     820      3202     3924     2010     2301     3323     3868     2800     3851     3444     2681     1859     2573     2150     
43       1106     1926     3196     1251     2243     2134     2740     1795     2704     924      2008     2739     948      1910     3161     1064     205      1387     1769     1084     3093     1650     1382     2056     1331     443      1497     1762     2259     1394     1216     396      1840     2305     684      2733     3624     2088     3223     2663     1239     1725     2140     0        1929     2093     1224     779      1187     1465     2661     3389     1832     2144     2247     2564     2772     2742     675      1765     2726     2550     3102     1466     2386     2028     1767     2333     1322     1866     190      336      1216     3318     2249     2999     1304     638      1637     1214     3179     
44       2525     370      4326     2978     3362     3480     2568     2682     3890     2820     3360     4027     1171     3087     4333     1228     1794     3040     1433     923      2498     2476     683      3626     3260     1510     1457     3454     734      3323     1062     1689     3054     704      1397     2243     4272     3897     2626     1483     1107     2578     339      1929     0        1818     1856     1588     2707     2927     1537     2549     3390     1748     751      3542     3567     1845     2114     3693     3178     3712     2015     1264     1732     1492     3464     1104     3075     3759     1781     2127     3135     3979     2878     3916     3226     2507     1921     2511     2431     
45       1736     1466     2784     2330     1959     2246     780      1312     2442     2532     2162     2641     1309     1808     2819     2332     2139     2272     425      1969     1000     1163     2030     2595     3113     1988     616      2617     1336     3157     2296     1698     1820     1421     2152     641      2504     3165     1131     1016     2358     1230     1657     2093     1818     0        956      1313     1924     1982     959      1319     2401     124      1305     1999     1910     804      1663     3486     1414     2273     1195     735      420      341      2632     1005     2433     3258     2104     1995     2860     2228     1247     2287     3140     2267     577      1611     1099     
46       835      1623     2483     1419     1508     1637     1521     842      2036     1576     1523     2171     795      1232     2484     1799     1323     1396     793      1528     1930     638      1720     1856     2156     1263     535      1782     1743     2201     1838     862      1204     1821     1503     1571     2604     2308     2052     1801     1893     741      1869     1224     1856     956      0        510      1034     1169     1769     2274     1632     1043     1718     1716     1804     1723     708      2534     1588     1858     2114     671      1334     1032     1795     1600     1524     2340     1287     1063     1906     2295     1159     2119     2184     1312     421      749      2051     
47       937      1445     2882     1412     1893     1933     1979     1285     2411     1382     1808     2511     418      1582     2870     1304     840      1457     1002     1071     2313     1095     1302     2040     1927     753      723      1870     1682     1981     1361     386      1534     1745     994      1953     3095     2338     2443     1949     1413     1191     1690     779      1588     1313     510      0        1119     1342     1937     2612     1803     1365     1663     2148     2276     1982     545      2340     2097     2237     2353     723      1615     1264     1881     1660     1514     2266     804      730      1722     2785     1656     2568     1931     1074     887      938      2401     
48       200      2552     2019     410      1106     947      2271     907      1527     805      822      1551     1536     785      1979     2195     1387     361      1827     2087     2805     890      2359     930      1344     1535     1567     761      2740     1369     2313     1120     707      2812     1815     2467     2573     1273     2909     2833     2350     899      2799     1187     2707     1924     1034     1119     0        278      2799     3195     694      2029     2717     1456     1725     2722     617      1637     1872     1382     3115     1680     2331     2058     773      2631     510      1335     1363     851      1052     2282     1393     1883     1409     733      1347     315      2967     
49       410      2748     1744     504      855      669      2233     811      1252     1008     544      1273     1760     556      1702     2467     1665     350      1942     2345     2800     858      2611     701      1496     1808     1702     635      2907     1511     2580     1384     476      2983     2089     2477     2342     1184     2896     2936     2619     835      2996     1465     2927     1982     1169     1342     278      0        2896     3205     468      2095     2883     1214     1506     2786     877      1734     1724     1112     3177     1836     2399     2156     649      2765     571      1345     1641     1130     1200     2059     1266     1632     1573     990      1415     425      2977     
