

sets
i        orders          /0*80/
k        routes          /1*80/
p        positions       /0*80/
;

alias(i,j)
alias(i,h)
alias(i,hh)
alias(i,jj)
alias(k,kk)
                            Parameters

rho(i)	Processing time
/
0	0
1	9
2	20
3	97
4	5
5	90
6	13
7	94
8	64
9	13
10	6
11	86
12	50
13	29
14	45
15	32
16	59
17	62
18	94
19	74
20	59
21	97
22	12
23	58
24	32
25	61
26	5
27	33
28	29
29	28
30	47
31	17
32	77
33	83
34	39
35	78
36	21
37	93
38	85
39	67
40	59
41	17
42	60
43	26
44	66
45	50
46	70
47	17
48	61
49	59
50	66
51	26
52	8
53	83
54	56
55	9
56	2
57	99
58	35
59	70
60	44
61	16
62	75
63	13
64	87
65	89
66	47
67	35
68	48
69	5
70	95
71	85
72	72
73	48
74	14
75	51
76	53
77	67
78	47
79	24
80	19
/

gamma(i)	Duedate
/
0	0
1	7
2	62
3	20
4	26
5	22
6	52
7	76
8	73
9	98
10	54
11	88
12	94
13	61
14	23
15	76
16	99
17	93
18	87
19	12
20	71
21	43
22	52
23	34
24	46
25	91
26	13
27	52
28	23
29	43
30	35
31	16
32	80
33	14
34	90
35	54
36	29
37	10
38	24
39	78
40	30
41	25
42	38
43	20
44	99
45	60
46	3
47	46
48	26
49	50
50	77
51	37
52	63
53	82
54	9
55	88
56	44
57	57
58	47
59	70
60	4
61	35
62	97
63	80
64	73
65	29
66	2
67	55
68	36
69	70
70	63
71	50
72	36
73	44
74	23
75	89
76	25
77	58
78	46
79	53
80	9
/

sigma(i)	Size
/
0	0
1	3
2	6
3	7
4	4
5	6
6	4
7	1
8	9
9	2
10	1
11	7
12	7
13	4
14	9
15	3
16	3
17	7
18	8
19	1
20	5
21	2
22	8
23	7
24	8
25	6
26	4
27	9
28	3
29	7
30	3
31	1
32	8
33	5
34	1
35	5
36	6
37	2
38	5
39	1
40	7
41	8
42	6
43	1
44	6
45	4
46	1
47	7
48	4
49	9
50	8
51	1
52	4
53	9
54	2
55	3
56	8
57	9
58	8
59	8
60	9
61	3
62	6
63	3
64	6
65	6
66	4
67	5
68	8
69	8
70	3
71	1
72	4
73	3
74	6
75	6
76	6
77	4
78	7
79	4
80	5
/

epsilon(i)	Priority
/
0	0
1	2
2	9
3	5
4	2
5	1
6	5
7	5
8	5
9	6
10	2
11	2
12	5
13	9
14	1
15	5
16	7
17	4
18	8
19	6
20	4
21	9
22	4
23	8
24	2
25	8
26	2
27	8
28	5
29	8
30	4
31	1
32	2
33	5
34	6
35	8
36	3
37	7
38	5
39	5
40	6
41	5
42	3
43	5
44	6
45	4
46	5
47	6
48	1
49	1
50	5
51	9
52	3
53	6
54	1
55	9
56	6
57	6
58	7
59	3
60	2
61	2
62	2
63	7
64	5
65	2
66	6
67	4
68	3
69	4
70	7
71	8
72	2
73	8
74	4
75	1
76	2
77	4
78	6
79	3
80	5
/

psi	Vehicle Capacity
/ 104 /
;

Table kappa(i,j)                 Setup
         0        1        2        3        4        5        6        7        8        9        10       11       12       13       14       15       16       17       18       19       20       21       22       23       24       25       26       27       28       29       30       31       32       33       34       35       36       37       38       39       40       41       42       43       44       45       46       47       48       49       50       51       52       53       54       55       56       57       58       59       60       61       62       63       64       65       66       67       68       69       70       71       72       73       74       75       76       77       78       79       80       
0        0        2040     1803     1690     2267     1975     1132     1628     2012     1526     2027     1462     1331     2174     1716     2940     1367     1542     258      1588     1152     1997     1055     2194     1652     2539     2072     2119     2469     1423     1701     867      1770     1587     2481     1168     2147     1301     2235     1671     1392     1197     1529     1738     2558     2075     972      1035     2766     1471     1316     1160     2372     276      2611     112      729      2423     1166     2007     1367     1731     970      2020     1512     132      902      1236     1904     3300     1747     1895     2399     2447     2843     2480     642      1853     563      893      588      
1        2040     0        1631     3718     1018     1263     1882     3585     755      2296     1728     3452     2428     1391     1776     1595     1617     2820     2143     1896     2376     219      1448     966      3688     3744     4105     1676     3359     1887     587      2687     3810     760      1556     2382     4167     2499     604      3448     1517     3216     2071     3706     3659     2804     2967     2723     1985     3427     1839     3147     2942     1763     2345     1954     2528     1454     3113     4044     3401     2761     2555     4020     527      2109     2942     1279     1974     1655     319      3573     3025     3621     3458     518      1915     1008     1696     1935     2550     
2        1803     1631     0        3035     2545     2589     2508     3350     954      3001     2939     2689     2944     2779     200      3199     2479     3252     1690     2803     2800     1789     768      905      3060     4272     3414     325      4086     2697     1058     2670     3221     1936     3029     1218     3409     1262     1262     3470     414      2861     2875     2859     4258     3593     2308     1768     3445     2601     2599     2432     3836     1640     3621     1693     1761     2932     2924     3379     2961     3357     2738     3207     1413     1763     2503     2119     344      3285     1601     3699     3893     4167     4358     2122     2192     2333     1941     2382     2374     
3        1690     3718     3035     0        3915     3565     2504     980      3568     2651     3487     360      2327     3745     2869     4555     2851     2221     1578     2948     2170     3685     2483     3701     121      2807     392      3352     3083     2782     3315     1448     257      3266     4042     1855     459      1871     3834     1507     2704     759      2794     390      2933     2970     765      1284     4249     488      2701     608      3277     1964     3926     1766     1290     4002     1065     345      553      2540     1773     394      3191     1609     828      2848     2955     4956     3433     1780     3255     2784     3574     4170     2086     3490     2170     2263     1325     
4        2267     1018     2545     3915     0        469      1560     3522     1761     1792     909      3723     2040     462      2654     703      1190     2421     2462     1324     2068     806      2132     1983     3855     3176     4275     2648     2694     1406     1501     2616     3942     719      542      3004     4374     3140     1616     3238     2326     3272     1540     4003     3053     2152     3237     3191     969      3739     1418     3425     2201     2023     1399     2224     2929     441      3080     4202     3486     2254     2378     4270     1146     2379     3088     1070     2874     1041     944      3282     2294     3051     2674     838      1851     426      1745     1737     2608     
5        1975     1263     2589     3565     469      0        1129     3105     1936     1325     479      3401     1582     209      2667     992      753      1958     2196     855      1623     1045     2055     2177     3496     2710     3912     2745     2237     946      1613     2212     3571     653      512      2851     4021     2992     1861     2794     2307     2889     1073     3685     2589     1691     2925     2959     874      3431     970      3111     1759     1759     1088     1950     2677     448      2677     3836     3107     1785     1953     3933     1187     2097     2737     738      2896     1441     1073     2826     1850     2585     2250     1239     1479     266      1421     1330     2242     
6        1132     1882     2508     2504     1560     1129     0        1976     2260     494      982      2392     545      1279     2499     2107     375      938      1390     466      518      1726     1772     2499     2424     1886     2829     2768     1595     296      1881     1096     2481     1146     1558     2255     2951     2396     2344     1679     2118     1791     405      2678     1826     1085     1950     2164     1745     2447     199      2127     1337     1046     1493     1166     1854     1533     1557     2750     2013     905      824      2888     1474     1263     1691     605      2724     2570     1571     1743     1388     1767     1853     2125     493      1153     631      253      1186     
7        1628     3585     3350     980      3522     3105     1976     0        3639     1957     2910     1179     1625     3253     3223     4083     2352     1401     1668     2349     1516     3496     2653     3822     858      1835     1093     3674     2160     2202     3317     914      782      2979     3524     2344     1262     2414     3851     545      2958     504      2156     1353     1971     2140     1184     1830     3649     1322     2149     1182     2428     1882     3225     1737     1664     3506     472      1011     518      1721     1152     1329     3070     1621     865      2474     3367     4545     3271     804      2390     1821     2660     3959     1703     3101     1892     1784     1051     
8        2012     755      954      3568     1761     1936     2260     3639     0        2732     2367     3257     2783     2093     1131     2349     2091     3153     2023     2407     2687     956      1094     247      3563     4142     3960     936      3835     2353     378      2808     3707     1322     2290     1956     3992     2046     316      3616     987      3203     2543     3478     4087     3294     2804     2411     2719     3202     2278     2965     3479     1759     3023     1905     2292     2188     3173     3910     3356     3165     2762     3815     814      2036     2880     1714     1295     2367     863      3791     3553     4025     4007     1194     2125     1670     1869     2230     2590     
9        1526     2296     3001     2651     1792     1325     494      1957     2732     0        998      2602     332      1413     2990     2216     681      644      1782     469      482      2120     2261     2975     2555     1447     2932     3262     1106     412      2354     1204     2580     1539     1637     2685     3073     2822     2795     1546     2609     1897     252      2882     1366     592      2209     2526     1701     2681     459      2370     859      1495     1281     1582     2215     1642     1615     2849     2117     472      877      3045     1932     1652     1891     1031     3213     2724     1998     1528     901      1324     1364     2471     898      1437     1097     655      1410     
10       2027     1728     2939     3487     909      479      982      2910     2367     998      0        3369     1305     460      2993     1220     661      1641     2272     561      1394     1513     2329     2612     3406     2288     3808     3124     1787     713      2024     2067     3459     1048     639      3034     3933     3177     2318     2537     2619     2767     764      3656     2156     1255     2916     3054     762      3419     786      3097     1291     1860     682      2029     2754     654      2520     3728     2990     1418     1769     3871     1580     2157     2673     877      3226     1737     1510     2526     1384     2164     1773     1715     1437     719      1465     1228     2168     
11       1462     3452     2689     360      3723     3401     2392     1179     3257     2602     3369     0        2293     3590     2519     4383     2717     2249     1311     2851     2122     3435     2165     3379     427      2944     725      3003     3159     2681     3021     1409     597      3050     3893     1499     735      1511     3532     1657     2369     810      2717     286      3053     2983     490      928      4130     146      2591     305      3296     1725     3856     1523     965      3845     1118     695      671      2556     1736     568      2929     1364     711      2670     2599     4760     3178     1944     3284     2907     3637     3920     1939     3303     1984     2142     1209     
12       1331     2428     2944     2327     2040     1582     545      1625     2783     332      1305     2293     0        1694     2910     2512     865      395      1577     750      185      2270     2184     3019     2229     1360     2602     3224     1155     636      2406     886      2250     1688     1937     2499     2745     2631     2882     1232     2539     1571     540      2570     1321     750      1919     2285     2026     2377     628      2072     1058     1355     1613     1404     1978     1934     1284     2519     1789     415      557      2721     2012     1448     1584     1150     3126     3008     2116     1243     1075     1245     1511     2659     759      1656     1003     568      1122     
13       2174     1391     2779     3745     462      209      1279     3253     2093     1413     460      3590     1694     0        2862     829      907      2056     2399     948      1754     1171     2260     2329     3674     2747     4087     2925     2247     1064     1785     2372     3744     845      306      3060     4200     3201     1994     2920     2506     3058     1165     3876     2615     1715     3117     3165     671      3623     1105     3303     1745     1963     960      2152     2880     256      2836     4010     3278     1856     2101     4117     1369     2297     2919     939      3091     1313     1233     2934     1839     2622     2213     1293     1659     446      1617     1495     2420     
14       1716     1776     200      2869     2654     2667     2499     3223     1131     2990     2993     2519     2910     2862     0        3322     2501     3202     1580     2820     2759     1920     729      1099     2898     4220     3244     485      4061     2705     1192     2579     3062     2017     3122     1035     3234     1070     1443     3369     383      2728     2879     2680     4215     3581     2153     1593     3532     2426     2604     2270     3835     1578     3675     1608     1607     3028     2808     3212     2818     3325     2669     3029     1511     1663     2368     2152     232      3431     1718     3607     3887     4118     4352     2277     2152     2417     1910     2356     2272     
15       2940     1595     3199     4555     703      992      2107     4083     2349     2216     1220     4383     2512     829      3322     0        1734     2861     3147     1762     2580     1414     2830     2546     4488     3462     4904     3270     2919     1889     2142     3199     4563     1422     581      3708     5012     3843     2147     3743     3009     3880     1975     4666     3312     2429     3902     3887     744      4407     1933     4090     2386     2706     1373     2905     3619     579      3663     4828     4099     2636     2930     4921     1829     3057     3727     1713     3536     537      1604     3744     2483     3341     2777     1222     2470     1089     2399     2319     3234     
16       1367     1617     2479     2851     1190     753      375      2352     2091     681      661      2717     865      907      2501     1734     0        1256     1616     325      879      1439     1794     2338     2776     2129     3186     2709     1754     271      1716     1465     2840     858      1194     2412     3303     2555     2130     2048     2117     2152     458      3004     2042     1205     2259     2399     1415     2762     237      2441     1392     1216     1264     1375     2097     1163     1928     3108     2373     1150     1200     3229     1279     1498     2029     379      2732     2195     1322     2098     1463     2005     1921     1801     779      792      810      590      1526     
17       1542     2820     3252     2221     2421     1958     938      1401     3153     644      1641     2249     395      2056     3202     2861     1256     0        1765     1108     467      2664     2485     3384     2112     1019     2449     3544     957      1016     2778     874      2104     2083     2281     2689     2605     2812     3263     931      2841     1466     890      2510     1017     751      1941     2398     2324     2352     1019     2069     1056     1625     1842     1633     2105     2286     1155     2365     1668     322      598      2613     2394     1642     1569     1544     3409     3368     2507     885      1036     916      1401     3054     1065     2045     1324     923      1185     
18       258      2143     1690     1578     2462     2196     1390     1668     2023     1782     2272     1311     1577     2399     1580     3147     1616     1765     0        1845     1396     2124     987      2182     1557     2744     1968     2013     2704     1680     1744     1018     1691     1764     2705     926      2024     1054     2271     1790     1291     1197     1788     1574     2773     2324     823      783      3004     1299     1573     1005     2624     440      2866     246      483      2644     1233     1910     1334     1971     1176     1878     1619     130      859      1459     1750     3485     1867     2035     2649     2657     3089     2609     900      2057     806      1152     696      
19       1588     1896     2803     2948     1324     855      466      2349     2407     469      561      2851     750      948      2820     1762     325      1108     1845     0        832      1705     2108     2654     2863     1881     3260     3034     1463     171      2034     1514     2909     1138     1187     2683     3389     2825     2431     1981     2437     2218     218      3137     1778     908      2415     2623     1310     2910     272      2590     1072     1474     1026     1613     2315     1184     1962     3179     2441     932      1211     3336     1593     1720     2145     701      3051     2261     1615     1986     1146     1756     1600     2025     957      982      1057     720      1642     
20       1152     2376     2800     2170     2068     1623     518      1516     2687     482      1394     2122     185      1754     2759     2580     879      467      1396     832      0        2231     2035     2918     2075     1479     2457     3087     1321     691      2312     722      2105     1655     2013     2319     2595     2450     2803     1171     2392     1419     643      2401     1458     936      1739     2099     2135     2203     653      1894     1244     1192     1758     1229     1792     2001     1144     2375     1640     580      397      2563     1936     1267     1411     1112     2971     3062     2060     1225     1260     1370     1693     2641     608      1668     863      457      940      
21       1997     219      1789     3685     806      1045     1726     3496     956      2120     1513     3435     2270     1171     1920     1414     1439     2664     2124     1705     2231     0        1520     1177     3649     3568     4069     1859     3168     1708     731      2589     3764     583      1341     2447     4140     2571     823      3330     1633     3149     1888     3697     3477     2612     2946     2749     1770     3420     1667     3130     2740     1721     2126     1919     2535     1239     3026     4004     3342     2588     2435     4001     521      2077     2893     1121     2128     1525     260      3442     2824     3444     3253     485      1805     793      1604     1801     2477     
22       1055     1448     768      2483     2132     2055     1772     2653     1094     2261     2329     2165     2184     2260     729      2830     1794     2485     987      2108     2035     1520     0        1217     2485     3504     2874     1071     3332     1986     909      1919     2634     1435     2543     933      2901     1052     1380     2727     356      2184     2155     2384     3493     2853     1721     1325     2930     2108     1883     1877     3109     873      3005     943      1200     2455     2207     2827     2313     2598     1972     2722     1018     1035     1840     1463     952      3034     1271     2946     3160     3401     3624     1965     1427     1827     1181     1627     1639     
23       2194     966      905      3701     1983     2177     2499     3822     247      2975     2612     3379     3019     2329     1099     2546     2338     3384     2182     2654     2918     1177     1217     0        3703     4379     4091     805      4079     2598     622      3010     3851     1568     2517     2016     4114     2092     414      3821     1042     3374     2788     3588     4326     3539     2939     2506     2947     3315     2522     3094     3726     1950     3264     2084     2414     2415     3360     4045     3517     3404     2979     3930     1061     2206     3041     1960     1226     2527     1104     4004     3800     4262     4254     1358     2347     1911     2088     2461     2778     
24       1652     3688     3060     121      3855     3496     2424     858      3563     2555     3406     427      2229     3674     2898     4488     2776     2112     1557     2863     2075     3649     2485     3703     0        2686     421      3379     2966     2698     3300     1355     170      3216     3969     1896     527      1920     3823     1386     2719     658      2704     506      2813     2862     764      1326     4168     567      2619     628      3168     1928     3833     1734     1304     3931     958      355      444      2432     1678     501      3161     1579     768      2786     2992     4897     3399     1659     3144     2663     3459     4132     2017     3430     2114     2186     1254     
25       2539     3744     4272     2807     3176     2710     1886     1835     4142     1447     2288     2944     1360     2747     4220     3462     2129     1019     2744     1881     1479     3568     3504     4379     2686     0        2915     4563     585      1859     3764     1761     2617     2986     2895     3654     3088     3769     4229     1299     3860     2137     1682     3161     190      1035     2755     3299     2794     3072     1904     2841     1113     2641     2183     2636     3027     2932     1842     2836     2283     984      1570     3165     3360     2628     2363     2471     4424     3996     3442     1033     1023     125      1007     3906     2084     2862     2341     1924     2100     
26       2072     4105     3414     392      4275     3912     2829     1093     3960     2932     3808     725      2602     4087     3244     4904     3186     2449     1968     3260     2457     4069     2874     4091     421      2915     0        3728     3252     3097     3707     1745     351      3638     4379     2220     174      2225     4226     1638     3090     1042     3094     616      3059     3199     1157     1652     4568     825      3022     997      3498     2347     4213     2152     1679     4344     1317     83       819      2772     2061     341      3578     1996     1189     3206     3320     5317     3818     1884     3466     2909     3752     4553     2433     3849     2535     2595     1670     
27       2119     1676     325      3352     2648     2745     2768     3674     936      3262     3124     3003     3224     2925     485      3270     2709     3544     2013     3034     3087     1859     1071     805      3379     4563     3728     0        4357     2939     1148     2986     3542     2094     3155     1519     3719     1549     1209     3788     727      3186     3122     3166     4543     3852     2630     2078     3579     2912     2845     2751     4084     1944     3803     2008     2083     3056     3247     3696     3286     3635     3043     3514     1558     2083     2828     2339     486      3303     1707     4014     4145     4456     4610     2130     2479     2482     2224     2658     2694     
28       2469     3359     4086     3083     2694     2237     1595     2160     3835     1106     1787     3159     1155     2247     4061     2919     1754     957      2704     1463     1321     3168     3332     4079     2966     585      3252     4357     0        1486     3457     1826     2927     2600     2365     3630     3419     3757     3885     1617     3686     2353     1297     3404     407      556      2887     3356     2231     3272     1556     3004     539      2510     1609     2550     3061     2411     2041     3170     2534     741      1554     3463     3029     2578     2506     2124     4278     3456     3074     1407     444      488      501      3465     1914     2420     2151     1705     2143     
29       1423     1887     2697     2782     1406     946      296      2202     2353     412      713      2681     636      1064     2705     1889     271      1016     1680     171      691      1708     1986     2598     2698     1859     3097     2939     1486     0        1976     1354     2748     1128     1322     2529     3225     2671     2399     1856     2322     2055     190      2967     1771     941      2244     2457     1470     2740     109      2419     1146     1318     1196     1451     2148     1310     1806     3017     2278     884      1057     3169     1544     1555     1976     638      2934     2376     1593     1879     1211     1735     1673     2060     788      1032     900      549      1473     
30       1701     587      1058     3315     1501     1613     1881     3317     378      2354     2024     3021     2406     1785     1192     2142     1716     2778     1744     2034     2312     731      909      622      3300     3764     3707     1148     3457     1976     0        2465     3436     976      2008     1833     3751     1942     534      3266     932      2898     2166     3258     3708     2917     2551     2225     2433     2979     1900     2722     3107     1436     2690     1599     2067     1908     2847     3652     3063     2787     2402     3586     447      1740     2590     1338     1397     2240     559      3432     3179     3647     3635     1100     1759     1348     1507     1855     2265     
31       867      2687     2670     1448     2616     2212     1096     914      2808     1204     2067     1409     886      2372     2579     3199     1465     874      1018     1514     722      2589     1919     3010     1355     1761     1745     2986     1826     1354     2465     0        1395     2065     2655     1900     1878     2011     2994     813      2258     703      1349     1684     1816     1582     1069     1545     2824     1500     1284     1204     1896     1066     2478     978      1266     2628     464      1664     926      1161     328      1841     2181     919      707      1560     2761     3647     2370     1028     1891     1687     2274     3048     789      2192     990      882      339      
32       1770     3810     3221     257      3942     3571     2481     782      3707     2580     3459     597      2250     3744     3062     4563     2840     2104     1691     2909     2105     3764     2634     3851     170      2617     351      3542     2927     2748     3436     1395     0        3316     4034     2064     500      2090     3962     1324     2875     692      2742     642      2752     2855     918      1494     4218     734      2674     792      3156     2046     3862     1856     1462     4001     967      269      469      2427     1709     548      3282     1704     871      2871     3159     4983     3516     1585     3127     2602     3424     4246     2095     3515     2208     2250     1333     
33       1587     760      1936     3266     719      653      1146     2979     1322     1539     1048     3050     1688     845      2017     1422     858      2083     1764     1138     1655     583      1435     1568     3216     2986     3638     2094     2600     1128     976      2065     3316     0        1112     2287     3725     2424     1302     2776     1664     2670     1311     3324     2900     2046     2560     2476     1515     3055     1084     2747     2194     1329     1715     1532     2221     1022     2517     3568     2875     2006     1883     3607     537      1690     2448     542      2246     1721     481      2874     2274     2863     2716     992      1275     399      1111     1238     1996     
34       2481     1556     3029     4042     542      512      1558     3524     2290     1637     639      3893     1937     306      3122     581      1194     2281     2705     1187     2013     1341     2543     2517     3969     2895     4379     3155     2365     1322     2008     2655     4034     1112     0        3359     4495     3499     2157     3169     2775     3346     1398     4178     2751     1860     3421     3471     429      3928     1375     3607     1841     2270     906      2459     3187     101      3116     4302     3567     2055     2374     4416     1615     2604     3217     1246     3348     1105     1448     3165     1937     2773     2267     1357     1958     716      1923     1784     2716     
35       1168     2382     1218     1855     3004     2851     2255     2344     1956     2685     3034     1499     2499     3060     1035     3708     2412     2689     926      2683     2319     2447     933      2016     1896     3654     2220     1519     3630     2529     1833     1900     2064     2287     3359     0        2202     143      2264     2601     976      1839     2661     1646     3692     3242     1189     571      3712     1398     2420     1274     3537     1210     3675     1103     682      3281     1993     2194     1884     2896     2096     1995     1935     1053     1482     2163     1100     3948     2194     2870     3566     3572     4011     2898     1788     2654     1629     2037     1561     
36       2147     4167     3409     459      4374     4021     2951     1262     3992     3073     3933     735      2745     4200     3234     5012     3303     2605     2024     3389     2595     4140     2901     4114     527      3088     174      3719     3419     3225     3751     1878     500      3725     4495     2202     0        2196     4265     1808     3100     1176     3228     561      3231     3356     1203     1641     4694     808      3147     1029     3656     2419     4353     2220     1700     4457     1463     252      955      2927     2198     226      3642     2062     1286     3307     3298     5416     3886     2056     3627     3081     3918     4625     2542     3949     2630     2713     1779     
37       1301     2499     1262     1871     3140     2992     2396     2414     2046     2822     3177     1511     2631     3201     1070     3843     2555     2812     1054     2825     2450     2571     1052     2092     1920     3769     2225     1549     3757     2671     1942     2011     2090     2424     3499     143      2196     0        2357     2693     1059     1910     2801     1636     3811     3376     1242     600      3854     1400     2561     1309     3672     1352     3818     1240     767      3420     2080     2203     1940     3026     2217     1983     2062     1183     1558     2306     1105     4077     2319     2966     3700     3689     4143     3016     1926     2793     1770     2175     1671     
38       2235     604      1262     3834     1616     1861     2344     3851     316      2795     2318     3532     2882     1994     1443     2147     2130     3263     2271     2431     2803     823      1380     414      3823     4229     4226     1209     3885     2399     534      2994     3962     1302     2157     2264     4265     2357     0        3791     1300     3432     2588     3760     4160     3334     3069     2705     2585     3483     2336     3236     3496     1970     2947     2132     2570     2055     3380     4173     3594     3245     2918     4094     870      2271     3121     1764     1599     2113     821      3949     3574     4109     4018     946      2272     1601     2025     2347     2799     
39       1671     3448     3470     1507     3238     2794     1679     545      3616     1546     2537     1657     1232     2920     3369     3743     2048     931      1790     1981     1171     3330     2727     3821     1386     1299     1638     3788     1617     1856     3266     813      1324     2776     3169     2601     1808     2693     3791     0        3061     868      1772     1863     1428     1637     1540     2150     3246     1791     1824     1591     1912     1880     2774     1783     1925     3164     618      1557     988      1237     895      1870     2959     1707     1159     2242     3540     4231     3129     290      1867     1279     2118     3769     1534     2832     1768     1539     1096     
40       1392     1517     414      2704     2326     2307     2118     2958     987      2609     2619     2369     2539     2506     383      3009     2117     2841     1291     2437     2392     1633     356      1042     2719     3860     3090     727      3686     2322     932      2258     2875     1664     2775     976      3100     1059     1300     3061     0        2476     2495     2562     3850     3201     1957     1472     3178     2294     2220     2096     3452     1226     3300     1280     1415     2683     2523     3050     2588     2953     2324     2908     1181     1356     2122     1771     614      3158     1408     3287     3506     3757     3971     2032     1783     2063     1536     1980     1967     
41       1197     3216     2861     759      3272     2889     1791     504      3203     1897     2767     810      1571     3058     2728     3880     2152     1466     1197     2218     1419     3149     2184     3374     658      2137     1042     3186     2353     2055     2898     703      692      2670     3346     1839     1176     1910     3432     868      2476     0        2052     1051     2242     2213     692      1331     3526     935      1982     724      2521     1467     3177     1300     1159     3314     313      961      222      1783     1021     1154     2691     1168     361      2202     2867     4310     2911     1159     2502     2097     2837     3625     1421     2845     1559     1562     674      
42       1529     2071     2875     2794     1540     1073     405      2156     2543     252      764      2717     540      1165     2879     1975     458      890      1788     218      643      1888     2155     2788     2704     1682     3094     3122     1297     190      2166     1349     2742     1311     1398     2661     3228     2801     2588     1772     2495     2052     0        3001     1589     751      2298     2555     1493     2785     276      2468     962      1452     1139     1568     2244     1399     1785     3012     2275     719      1034     3185     1734     1660     2007     828      3106     2478     1780     1770     1024     1558     1488     2227     887      1189     1036     636      1510     
43       1738     3706     2859     390      4003     3685     2678     1353     3478     2882     3656     286      2570     3876     2680     4666     3004     2510     1574     3137     2401     3697     2384     3588     506      3161     616      3166     3404     2967     3258     1684     642      3324     4178     1646     561      1636     3760     1863     2562     1051     3001     0        3279     3250     766      1093     4417     279      2877     577      3562     1997     4140     1794     1191     4130     1364     620      879      2822     2012     348      3187     1635     994      2953     2740     5038     3438     2144     3546     3131     3889     4181     2225     3585     2267     2429     1494     
44       2558     3659     4258     2933     3053     2589     1826     1971     4087     1366     2156     3053     1321     2615     4215     3312     2042     1017     2773     1778     1458     3477     3493     4326     2813     190      3059     4543     407      1771     3708     1816     2752     2900     2751     3692     3231     3811     4160     1428     3850     2242     1589     3279     0        901      2838     3361     2633     3177     1825     2934     943      2640     2015     2650     3081     2792     1940     2979     2399     922      1597     3298     3294     2653     2448     2396     4424     3848     3363     1175     850      150      817      3800     2066     2754     2319     1889     2151     
45       2075     2804     3593     2970     2152     1691     1085     2140     3294     592      1255     2983     750      1715     3581     2429     1205     751      2324     908      936      2612     2853     3539     2862     1035     3199     3852     556      941      2917     1582     2855     2046     1860     3242     3356     3376     3334     1637     3201     2213     751      3250     901      0        2644     3035     1783     3080     1019     2786     314      2071     1207     2141     2728     1896     1905     3115     2418     430      1266     3363     2484     2195     2289     1579     3804     2962     2521     1512     324      913      776      2912     1469     1866     1683     1236     1855     
46       972      2967     2308     765      3237     2925     1950     1184     2804     2209     2916     490      1919     3117     2153     3902     2259     1941     823      2415     1739     2946     1721     2939     764      2755     1157     2630     2887     2244     2551     1069     918      2560     3421     1189     1203     1242     3069     1540     1957     692      2298     766      2838     2644     0        648      3674     506      2149     188      2958     1234     3434     1032     547      3371     928      1106     697      2229     1377     1055     2443     873      391      2190     2264     4272     2690     1828     2957     2699     3343     3431     1479     2819     1503     1697     799      
47       1035     2723     1768     1284     3191     2959     2164     1830     2411     2526     3054     928      2285     3165     1593     3887     2399     2398     783      2623     2099     2749     1325     2506     1326     3299     1652     2078     3356     2457     2225     1545     1494     2476     3471     571      1641     600      2705     2150     1472     1331     2555     1093     3361     3035     648      0        3782     833      2351     708      3343     1203     3647     1026     310      3405     1532     1623     1344     2649     1802     1440     2228     903      993      2229     1671     4190     2488     2432     3358     3230     3778     3223     1671     2802     1589     1919     1215     
48       2766     1985     3445     4249     969      874      1745     3649     2719     1701     762      4130     2026     671      3532     744      1415     2324     3004     1310     2135     1770     2930     2947     4168     2794     4568     3579     2231     1470     2433     2824     4218     1515     429      3712     4694     3854     2585     3246     3178     3526     1493     4417     2633     1783     3674     3782     0        4178     1548     3856     1692     2579     639      2758     3488     531      3272     4488     3749     2058     2520     4633     2032     2894     3436     1558     3760     1266     1875     3203     1788     2678     2048     1762     2194     1115     2202     1990     2930     
49       1471     3427     2601     488      3739     3431     2447     1322     3202     2681     3419     146      2377     3623     2426     4407     2762     2352     1299     2910     2203     3420     2108     3315     567      3072     825      2912     3272     2740     2979     1500     734      3055     3928     1398     808      1400     3483     1791     2294     935      2785     279      3177     3080     506      833      4178     0        2647     321      3394     1726     3923     1523     913      3877     1238     805      810      2656     1823     614      2909     1364     793      2695     2497     4771     3161     2080     3385     3032     3746     3904     1983     3323     2009     2196     1275     
