
sets
i        orders          /0*10/
k        routes          /1*10/
p        positions       /0*10/
;

alias(i,j)
alias(i,h)
alias(i,hh)
alias(i,jj)
alias(k,kk)
                
                    Parameters

rho(i)	Processing time
/
0	0
1	99
2	44
3	45
4	86
5	56
6	39
7	42
8	1
9	66
10	44
/

gamma(i)	Duedate
/
0	0
1	87
2	80
3	86
4	17
5	71
6	16
7	12
8	62
9	50
10	47
/

sigma(i)	Size
/
0	0
1	9
2	9
3	4
4	3
5	5
6	3
7	8
8	4
9	9
10	6
/

epsilon(i)	Priority
/
0	0
1	1
2	2
3	7
4	6
5	6
6	6
7	3
8	7
9	9
10	2
/

psi	Vehicle Capacity
/ 32 /
;

Table kappa(i,j)                 Setup
         0        1        2        3        4        5        6        7        8        9        10       
0        0        77       223      155      157      91       217      209      187      265      83       
1        77       0        147      79       110      24       139      164      140      187      45       
2        223      147      0        92       116      132      31       205      189      62       148      
3        155      79       92       0        130      79       71       127      106      113      107      
4        157      110      116      130      0        86       134      253      231      178      75       
5        91       24       132      79       86       0        128      180      157      177      29       
6        217      139      31       71       134      128      0        175      160      49       150      
7        209      164      205      127      253      180      175      0        23       192      208      
8        187      140      189      106      231      157      160      23       0        182      184      
9        265      187      62       113      178      177      49       192      182      0        199      
10       83       45       148      107      75       29       150      208      184      199      0        
;



Table delta(i,j)                 Distance
         0        1        2        3        4        5        6        7        8        9        10       
0        0        620      1140     1160     1070     570      1650     990      400      1330     690      
1        620      0        56       147      71       90       160      60       101      99       10       
2        1140     56       0        165      48       147      145      40       154      66       55       
3        1160     147      165      0        123      170      91       126      127      128      157      
4        1070     71       48       123      0        155      98       11       146      27       77       
5        570      90       147      170      155      0        222      145      50       182      91       
6        1650     160      145      91       98       222      0        108      193      82       169      
7        990      60       40       126      11       145      108      0        139      38       66       
8        400      101      154      127      146      50       193      139      0        171      106      
9        1330     99       66       128      27       182      82       38       171      0        104      
10       690      10       55       157      77       91       169      66       106      104      0        
;

