
sets
i        orders          /0*10/
k        routes          /1*10/
p        positions       /0*10/
;

alias(i,j)
alias(i,h)
alias(i,hh)
alias(i,jj)
alias(k,kk)
                
                    Parameters

rho(i)	Processing time
/
0	0
1	91
2	30
3	98
4	14
5	77
6	52
7	90
8	41
9	98
10	92
/

gamma(i)	Duedate
/
0	0
1	46
2	2
3	51
4	42
5	79
6	79
7	86
8	49
9	19
10	85
/

sigma(i)	Size
/
0	0
1	2
2	7
3	1
4	5
5	6
6	5
7	4
8	3
9	6
10	9
/

epsilon(i)	Priority
/
0	0
1	8
2	3
3	3
4	4
5	3
6	8
7	3
8	2
9	2
10	6
/

psi	Vehicle Capacity
/ 17 /
;

Table kappa(i,j)                 Setup
         0        1        2        3        4        5        6        7        8        9        10       
0        0        140      142      155      173      189      203      165      113      238      74       
1        140      0        139      66       183      222      246      215      146      164      148      
2        142      139      0        87       44       83       109      83       37       109      78       
3        155      66       87       0        127      169      195      170      108      100      129      
4        173      183      44       127      0        43       69       55       60       117      101      
5        189      222      83       169      43       0        26       30       83       156      115      
6        203      246      109      195      69       26       0        38       104      180      131      
7        165      215      83       170      55       30       38       0        70       173      93       
8        113      146      37       108      60       83       104      70       0        146      43       
9        238      164      109      100      117      156      180      173      146      0        186      
10       74       148      78       129      101      115      131      93       43       186      0        
;



Table delta(i,j)                 Distance
         0        1        2        3        4        5        6        7        8        9        10       
0        0        2350     1320     1660     1070     1220     960      280      1810     1750     2000     
1        2350     0        146      84       144      185      213      238      148      205      56       
2        1320     146      0        125      118      173      175      119      50       223      144      
3        1660     84       125      0        63       101      129      175      155      128      34       
4        1070     144      118      63       0        56       71       121      163      104      98       
5        1220     185      173      101      56       0        37       146      219      55       131      
6        960      213      175      129      71       37       0        122      224      80       162      
7        280      238      119      175      121      146      122      0        165      200      208      
8        1810     148      50       155      163      219      224      165      0        266      164      
9        1750     205      223      128      104      55       80       200      266      0        148      
10       2000     56       144      34       98       131      162      208      164      148      0        
;

