

sets
i        orders          /0*40/
k        routes          /1*40/
p        positions       /0*40/
;

alias(i,j)
alias(i,h)
alias(i,hh)
alias(i,jj)
alias(k,kk)
                            Parameters

rho(i)	Processing time
/
0	0
1	17
2	9
3	40
4	76
5	5
6	88
7	94
8	84
9	21
10	78
11	84
12	72
13	94
14	3
15	87
16	56
17	46
18	6
19	48
20	71
21	53
22	17
23	70
24	93
25	32
26	76
27	60
28	42
29	84
30	8
31	90
32	90
33	62
34	17
35	38
36	34
37	18
38	3
39	61
40	80
/

gamma(i)	Duedate
/
0	0
1	18
2	95
3	9
4	67
5	59
6	42
7	38
8	29
9	87
10	68
11	49
12	93
13	15
14	2
15	72
16	12
17	69
18	54
19	26
20	53
21	73
22	51
23	56
24	77
25	66
26	70
27	62
28	87
29	13
30	3
31	37
32	5
33	49
34	55
35	21
36	71
37	94
38	23
39	41
40	16
/

sigma(i)	Size
/
0	0
1	3
2	6
3	7
4	3
5	1
6	5
7	5
8	8
9	7
10	7
11	1
12	7
13	8
14	9
15	5
16	8
17	2
18	3
19	2
20	6
21	9
22	8
23	5
24	8
25	6
26	7
27	3
28	8
29	5
30	9
31	3
32	6
33	5
34	5
35	2
36	8
37	2
38	2
39	7
40	6
/

epsilon(i)	Priority
/
0	0
1	9
2	8
3	3
4	7
5	3
6	6
7	7
8	1
9	7
10	4
11	6
12	5
13	1
14	4
15	5
16	2
17	9
18	4
19	3
20	6
21	1
22	7
23	7
24	9
25	3
26	2
27	2
28	2
29	1
30	6
31	5
32	6
33	7
34	2
35	5
36	7
37	7
38	4
39	2
40	9
/

psi	Vehicle Capacity
/ 95 /
;

Table kappa(i,j)                 Setup
         0        1        2        3        4        5        6        7        8        9        10       11       12       13       14       15       16       17       18       19       20       21       22       23       24       25       26       27       28       29       30       31       32       33       34       35       36       37       38       39       40       
0        0        204      3040     2390     2955     2697     1883     2478     932      2310     576      1459     3611     2992     2414     3426     3252     3078     2138     420      952      1710     2624     688      4397     3263     4058     2818     3040     1559     954      3882     1930     850      3509     2499     1155     1287     1368     2384     3087     
1        204      0        3049     2363     2834     2808     2056     2276     794      2132     453      1656     3504     3054     2551     3510     3176     3157     2112     354      1141     1520     2645     884      4303     3375     3965     2771     3083     1536     1069     3814     1771     646      3481     2352     1219     1085     1569     2245     3125     
2        3040     3049     0        828      1980     1529     2495     3591     2511     2845     2675     2945     2011     785      1930     1287     1342     1076     1017     2699     2761     2934     438      2873     2287     1687     2037     848      497      1539     2247     1532     2451     3117     750      2327     1929     3121     3058     2183     432      
3        2390     2363     828      0        1387     1810     2365     2778     1737     2045     1949     2650     1688     1341     2044     1922     1079     1613     252      2009     2334     2105     643      2376     2254     2173     1935     487      1152     830      1761     1593     1629     2340     1119     1576     1409     2307     2727     1418     1135     
4        2955     2834     1980     1387     0        3197     3601     1996     2040     1262     2385     3732     709      2676     3403     3239     822      2963     1463     2536     3297     1742     1993     3236     1557     3546     1241     1132     2436     1727     2727     1366     1201     2478     1666     654      2405     2196     3766     655      2392     
5        2697     2808     1529     1810     3197     0        1266     4259     2664     3633     2624     1889     3432     809      498      849      2769     627      1764     2539     1980     3439     1261     2209     3810     567      3543     2169     1088     1839     1743     3058     3143     3180     2277     3297     1633     3391     2042     3127     1173     
6        1883     2056     2495     2365     3601     1266     0        4043     2279     3593     2075     654      4040     1969     786      2115     3445     1871     2189     1919     955      3188     2092     1229     4605     1729     4295     2838     2187     1897     1114     3900     3098     2608     3216     3463     1291     2953     816      3298     2268     
7        2478     2276     3591     2778     1996     4259     4043     0        1766     767      2027     3834     2627     4063     4235     4641     2783     4297     2659     2212     3301     855      3393     3094     3444     4761     3172     2838     3919     2420     2931     3363     1155     1636     3545     1373     2790     1191     3783     1465     3910     
8        932      794      2511     1737     2040     2664     2279     1766     0        1428     356      2089     2716     2696     2545     3224     2426     2863     1505     534      1562     917      2156     1391     3526     3212     3189     2084     2653     985      1165     3074     1007     606      2827     1567     1068     727      2055     1453     2677     
9        2310     2132     2845     2045     1262     3633     3593     767      1428     0        1764     3496     1933     3360     3670     3942     2025     3608     1953     1953     2978     654      2675     2819     2774     4106     2480     2074     3196     1810     2515     2622     501      1579     2778     616      2302     1171     3474     697      3181     
10       576      453      2675     1949     2385     2624     2075     2027     356      1764     0        1808     3051     2762     2440     3257     2727     2898     1704     190      1274     1204     2289     1074     3850     3185     3512     2339     2757     1139     977      3368     1360     560      3062     1923     990      881      1757     1808     2791     
11       1459     1656     2945     2650     3732     1889     654      3834     2089     3496     1808     0        4255     2525     1429     2736     3716     2466     2435     1625     534      3000     2517     772      4901     2377     4576     3137     2708     2010     1015     4237     3027     2276     3623     3480     1327     2675     162      3326     2783     
12       3611     3504     2011     1688     709      3432     4040     2627     2716     1933     3051     4255     0        2785     3720     3296     671      3078     1850     3191     3861     2448     2172     3831     850      3687     547      1264     2507     2255     3279     850      1910     3179     1456     1349     2937     2905     4307     1364     2444     
13       2992     3054     785      1341     2676     809      1969     4063     2696     3360     2762     2525     2785     0        1277     583      2113     293      1407     2732     2478     3313     697      2654     3065     903      2822     1563     296      1732     2076     2309     2908     3280     1506     2917     1839     3388     2662     2757     377      
14       2414     2551     1930     2044     3403     498      786      4235     2545     3670     2440     1429     3720     1277     0        1336     3075     1124     1940     2326     1600     3390     1594     1851     4172     948      3888     2462     1536     1862     1488     3432     3169     3001     2679     3410     1477     3268     1588     3239     1621     
15       3426     3510     1287     1922     3239     849      2115     4641     3224     3942     3257     2736     3296     583      1336     0        2629     360      1989     3206     2795     3880     1279     3005     3486     541      3274     2113     804      2282     2480     2736     3488     3792     1926     3499     2293     3930     2888     3340     856      
16       3252     3176     1342     1079     822      2769     3445     2783     2426     2025     2727     3716     671      2113     3075     2629     0        2407     1280     2838     3365     2393     1508     3371     1188     3015     860      615      1836     1770     2781     654      1831     2964     865      1410     2430     2774     3784     1341     1775     
17       3078     3157     1076     1613     2963     627      1871     4297     2863     3608     2898     2466     3078     293      1124     360      2407     0        1657     2850     2481     3527     974      2681     3347     611      3109     1855     580      1925     2138     2590     3146     3431     1783     3184     1939     3570     2612     3022     655      
18       2138     2112     1017     252      1463     1764     2189     2659     1505     1953     1704     2435     1850     1407     1940     1989     1280     1657     0        1758     2099     1942     735      2131     2466     2179     2141     720      1263     578      1521     1828     1504     2111     1371     1543     1168     2104     2505     1377     1262     
19       420      354      2699     2009     2536     2539     1919     2212     534      1953     190      1625     3191     2732     2326     3206     2838     2850     1758     0        1091     1394     2299     885      3978     3105     3639     2420     2747     1182     843      3472     1542     690      3127     2096     915      1053     1570     1975     2787     
20       952      1141     2761     2334     3297     1980     955      3301     1562     2978     1274     534      3861     2478     1600     2795     3365     2481     2099     1091     0        2469     2323     274      4552     2523     4220     2818     2609     1607     583      3926     2519     1747     3380     2997     934      2142     496      2850     2675     
21       1710     1520     2934     2105     1742     3439     3188     855      917      654      1204     3000     2448     3313     3390     3880     2393     3527     1942     1394     2469     0        2675     2278     3298     3957     2983     2278     3201     1613     2077     3033     562      933      3030     1104     1936     517      2958     1090     3204     
22       2624     2645     438      643      1993     1261     2092     3393     2156     2675     2289     2517     2172     697      1594     1279     1508     974      735      2299     2323     2675     0        2436     2577     1553     2296     913      527      1171     1811     1840     2238     2759     1123     2219     1498     2806     2626     2061     531      
23       688      884      2873     2376     3236     2209     1229     3094     1391     2819     1074     772      3831     2654     1851     3005     3371     2681     2131     885      274      2278     2436     0        4553     2761     4218     2851     2763     1600     628      3956     2378     1508     3455     2888     970      1919     693      2748     2825     
24       4397     4303     2287     2254     1557     3810     4605     3444     3526     2774     3850     4901     850      3065     4172     3486     1188     3347     2466     3978     4552     3298     2577     4553     0        3952     339      1770     2769     2954     3969     756      2758     4013     1565     2199     3618     3751     4971     2212     2692     
25       3263     3375     1687     2173     3546     567      1729     4761     3212     4106     3185     2377     3687     903      948      541      3015     611      2179     3105     2523     3957     1553     2761     3952     0        3719     2453     1191     2346     2310     3196     3626     3740     2387     3723     2195     3936     2536     3557     1263     
26       4058     3965     2037     1935     1241     3543     4295     3172     3189     2480     3512     4576     547      2822     3888     3274     860      3109     2141     3639     4220     2983     2296     4218     339      3719     0        1457     2529     2619     3637     555      2437     3681     1350     1891     3287     3428     4643     1894     2455     
27       2818     2771     848      487      1132     2169     2838     2838     2084     2074     2339     3137     1264     1563     2462     2113     615      1855     720      2420     2818     2278     913      2851     1770     2453     1457     0        1309     1272     2241     1108     1744     2668     760      1514     1888     2566     3214     1386     1262     
28       3040     3083     497      1152     2436     1088     2187     3919     2653     3196     2757     2708     2507     296      1536     804      1836     580      1263     2747     2609     3201     527      2763     2769     1191     2529     1309     0        1670     2160     2013     2764     3250     1210     2721     1888     3320     2837     2567     85       
29       1559     1536     1539     830      1727     1839     1897     2420     985      1810     1139     2010     2255     1732     1862     2282     1770     1925     578      1182     1607     1613     1171     1600     2954     2346     2619     1272     1670     0        1024     2364     1312     1588     1949     1576     683      1656     2054     1408     1692     
30       954      1069     2247     1761     2727     1743     1114     2931     1165     2515     977      1015     3279     2076     1488     2480     2781     2138     1521     843      583      2077     1811     628      3969     2310     3637     2241     2160     1024     0        3349     2032     1529     2828     2466     352      1846     1038     2311     2217     
31       3882     3814     1532     1593     1366     3058     3900     3363     3074     2622     3368     4237     850      2309     3432     2736     654      2590     1828     3472     3926     3033     1840     3956     756      3196     555      1108     2013     2364     3349     0        2471     3617     811      2006     2996     3425     4319     1961     1935     
32       1930     1771     2451     1629     1201     3143     3098     1155     1007     501      1360     3027     1910     2908     3169     3488     1831     3146     1504     1542     2519     562      2238     2378     2758     3626     2437     1744     2764     1312     2032     2471     0        1310     2487     602      1806     995      3015     546      2757     
33       850      646      3117     2340     2478     3180     2608     1636     606      1579     560      2276     3179     3280     3001     3792     2964     3431     2111     690      1747     933      2759     1508     4013     3740     3681     2668     3250     1588     1529     3617     1310     0        3419     1912     1547     449      2200     1839     3277     
34       3509     3481     750      1119     1666     2277     3216     3545     2827     2778     3062     3623     1456     1506     2679     1926     865      1783     1371     3127     3380     3030     1123     3455     1565     2387     1350     760      1210     1949     2828     811      2487     3419     0        2185     2486     3326     3723     2080     1130     
35       2499     2352     2327     1576     654      3297     3463     1373     1567     616      1923     3480     1349     2917     3410     3499     1410     3184     1543     2096     2997     1104     2219     2888     2199     3723     1891     1514     2721     1576     2466     2006     602      1912     2185     0        2188     1584     3487     170      2695     
36       1155     1219     1929     1409     2405     1633     1291     2790     1068     2302     990      1327     2937     1839     1477     2293     2430     1939     1168     915      934      1936     1498     970      3618     2195     3287     1888     1888     683      352      2996     1806     1547     2486     2188     0        1790     1370     2028     1937     
37       1287     1085     3121     2307     2196     3391     2953     1191     727      1171     881      2675     2905     3388     3268     3930     2774     3570     2104     1053     2142     517      2806     1919     3751     3936     3428     2566     3320     1656     1846     3425     995      449      3326     1584     1790     0        2612     1541     3336     
38       1368     1569     3058     2727     3766     2042     816      3783     2055     3474     1757     162      4307     2662     1588     2888     3784     2612     2505     1570     496      2958     2626     693      4971     2536     4643     3214     2837     2054     1038     4319     3015     2200     3723     3487     1370     2612     0        3337     2911     
39       2384     2245     2183     1418     655      3127     3298     1465     1453     697      1808     3326     1364     2757     3239     3340     1341     3022     1377     1975     2850     1090     2061     2748     2212     3557     1894     1386     2567     1408     2311     1961     546      1839     2080     170      2028     1541     3337     0        2544     
40       3087     3125     432      1135     2392     1173     2268     3910     2677     3181     2791     2783     2444     377      1621     856      1775     655      1262     2787     2675     3204     531      2825     2692     1263     2455     1262     85       1692     2217     1935     2757     3277     1130     2695     1937     3336     2911     2544     0        
;



Table delta(i,j)                 Distance
         0        1        2        3        4        5        6        7        8        9        10       11       12       13       14       15       16       17       18       19       20       21       22       23       24       25       26       27       28       29       30       31       32       33       34       35       36       37       38       39       40       
0        0        1920     4710     4470     1830     2700     2790     2310     5940     4110     5580     3210     5460     2610     1890     5400     1170     1080     4260     2880     5130     630      2340     2400     3480     6000     5190     3720     5250     5730     4350     2910     1230     4830     3450     3420     720      3810     6570     2250     6690     
1        1920     0        97       116      46       58       44       17       149      148      140      47       131      23       34       116      81       52       138      96       113      45       16       37       70       145      117      83       115      126      84       104      34       100      83       69       80       113      162      97       175      
2        4710     97       0        165      138      81       108      81       158      232      160      49       141      80       96       71       178      149      213      181      16       141      81       78       51       137      119      133      102      73       13       191      116      7        145      55       166      185      146      191      179      
3        4470     116      165      0        88       171      72       126      65       96       48       136      58       108      151      122      129      113      63       70       180      129      122      149      170      83       69       35       87       132      155      80       145      163      34       172      173      43       101      104      84       
4        1830     46       138      88       0        103      40       63       138      101      125      90       122      58       76       137      51       26       93       49       154      41       61       83       116      142      116      63       122      148      125      57       63       139      54       115      85       72       162      53       163      
5        2700     58       81       171      103      0        99       45       193      204      188      48       174      64       28       134      123      99       195      153      92       82       49       22       31       182      156      136      147      140      72       160      50       87       140      27       91       171      197      148      218      
6        2790     44       108      72       40       99       0        54       106      123      96       68       89       36       79       97       91       64       105      72       125      71       50       77       101      106      79       38       82       109      96       84       77       108      41       102      115      78       125      89       132      
7        2310     17       81       126      63       45       54       0        152      164      145      31       133      20       29       108      97       69       153      112      96       60       4        23       52       144      117      91       112      117      68       121      40       84       95       52       90       128      161      115      178      
8        5940     149      158      65       138      193      106      152      0        160      17       148      18       131      180      93       186      165      126      134      168      177      148      173      182      27       39       75       56       99       151      145      183      153      88       185      221      108      39       167      25       
9        4110     148      232      96       101      204      123      164      160      0        143      189      154      155      176      209      99       107      34       52       248      128      162      184      217      179      163      109      179      220      220      43       159      232      92       217      158      55       197      62       175      
10       5580     140      160      48       125      188      96       145      17       143      0        144      20       125      173      99       172      152      109      118      171      165      141      167      179      40       42       62       61       107      152      128      174      155      73       182      210      91       55       151      37       
11       3210     47       49       136      90       48       68       31       148      189      144      0        129      33       50       86       128      100      173      136      65       91       31       34       35       135      110      101      100      94       37       146      69       53       109      37       119      146      149      143      173      
12       5460     131      141      58       122      174      89       133      18       154      20       129      0        113      162      79       171      149      121      123      152      160      129      154      163      25       22       60       41       87       134      134      165      136      74       166      204      100      44       155      44       
13       2610     23       80       108      58       64       36       20       131      155      125      33       113      0        49       93       101      71       140      103      96       68       16       42       64       124      97       73       93       103      67       113      56       81       78       65       104      114      141      111      157      
14       1890     34       96       151      76       28       79       29       180      176      173      50       162      49       0        135      94       71       169      125      109      54       32       18       52       173      146      117      141      143      85       132      22       101      117      50       70       146      190      120      206      
15       5400     116      71       122      137      134      97       108      93       209      99       86       79       93       135      0        188      159      181      164      78       160      106      120      111      69       58       99       38       11       69       176      148      65       116      115      197      155      74       186      111      
16       1170     81       178      129      51       123      91       97       186      99       172      128      171      101      94       188      0        29       108      65       194      40       97       109      145      193      167      111      174      199      166      62       72       181      98       143      59       98       212      37       210      
17       1080     52       149      113      26       99       64       69       165      107      152      100      149      71       71       159      29       0        108      62       165      21       68       83       119      169      142      90       147      170      136      65       52       152      79       118      60       91       188      49       189      
18       4260     138      213      63       93       195      105      153      126      34       109      173      121      140      169      181      108      108      0        46       228      129      149      175      204      146      132      82       149      192      200      45       156      212      67       205      165      27       164      72       141      
19       2880     96       181      70       49       153      72       112      134      52       118      136      123      103      125      164      65       62       46       0        197      83       109      133      165      147      126      67       138      175      168      12       111      181      50       165      120      33       166      34       154      
20       5130     113      16       180      154      92       125      96       168      248      171      65       152      96       109      78       194      165      228      197      0        156      97       91       61       147      130      148      112      77       29       208      131      17       161      65       180      201      153      208      189      
21       630      45       141      129      41       82       71       60       177      128      165      91       160      68       54       160      40       21       129      83       156      0        60       69       105      178      151      103      153      170      128      86       33       144      95       103      44       111      197      68       202      
22       2340     16       81       122      61       49       50       4        148      162      141      31       129      16       32       106      97       68       149      109      97       60       0        27       55       141      113      87       109      115      68       118      42       84       91       55       92       124      157      113      174      
23       2400     37       78       149      83       22       77       23       173      184      167      34       154      42       18       120      109      83       175      133      91       69       27       0        36       163      137      114      129      128      67       140      39       83       118      34       88       150      179      131      198      
24       3480     70       51       170      116      31       101      52       182      217      179      35       163      64       52       111      145      119      204      165      61       105      55       36       0        167      143      135      131      116      44       174      75       57       142      4        121      178      180      167      206      
25       6000     145      137      83       142      182      106      144      27       179      40       135      25       124      173      69       193      169      146      147      147      178      141      163      167      0        27       82       36       74       132      159      179      132      98       171      221      125      19       178      42       
26       5190     117      119      69       116      156      79       117      39       163      42       110      22       97       146      58       167      142      132      126      130      151      113      137      143      27       0        59       20       66       112      138      152      114      76       146      194      108      46       155      62       
27       3720     83       133      35       63       136      38       91       75       109      62       101      60       73       117      99       111      90       82       67       148      103      87       114      135      82       59       0        71       110      122      79       114      131      17       137      147      55       102      96       99       
28       5250     115      102      87       122      147      82       112      56       179      61       100      41       93       141      38       174      147      149      138      112      153      109      129      131      36       20       71       0        46       96       151      149      97       89       135      195      124      49       166      77       
29       5730     126      73       132      148      140      109      117      99       220      107      94       87       103      143      11       199      170      192      175      77       170      115      128      116      74       66       110      46       0        73       187      158      66       127      120      207      166      77       198      115      
30       4350     84       13       155      125      72       96       68       151      220      152      37       134      67       85       69       166      136      200      168      29       128      68       67       44       132      112      122      96       73       0        179      105      16       133      49       155      173      142      178      173      
31       2910     104      191      80       57       160      84       121      145      43       128      146      134      113      132      176      62       65       45       12       208      86       118      140      174      159      138      79       151      187      179      0        116      192      62       173      120      40       178      27       165      
32       1230     34       116      145      63       50       77       40       183      159      174      69       165      56       22       148      72       52       156      111      131      33       42       39       75       179      152      114      149      158      105      116      0        121      111      72       50       135      197      101      209      
33       4830     100      7        163      139      87       108      84       153      232      155      53       136      81       101      65       181      152      212      181      17       144      84       83       57       132      114      131      97       66       16       192      121      0        144      62       171      184      140      193      174      
34       3450     83       145      34       54       140      41       95       88       92       73       109      74       78       117      116      98       79       67       50       161      95       91       118      142      98       76       17       89       127      133      62       111      144      0        143      139      40       117      80       111      
35       3420     69       55       172      115      27       102      52       185      217      182      37       166      65       50       115      143      118      205      165      65       103      55       34       4        171      146      137      135      120      49       173      72       62       143      0        117      179      183      165      209      
36       720      80       166      173      85       91       115      90       221      158      210      119      204      104      70       197      59       60       165      120      180      44       92       88       121      221      194      147      195      207      155      120      50       171      139      117      0        151      240      96       246      
37       3810     113      185      43       72       171      78       128      108      55       91       146      100      114      146      155      98       91       27       33       201      111      124      150      178      125      108      55       124      166      173      40       135      184      40       179      151      0        144      67       126      
38       6570     162      146      101      162      197      125      161      39       197      55       149      44       141      190      74       212      188      164      166      153      197      157      179      180      19       46       102      49       77       142      178      197      140      117      183      240      144      0        198      42       
39       2250     97       191      104      53       148      89       115      167      62       151      143      155      111      120      186      37       49       72       34       208      68       113      131      167      178      155      96       166      198      178      27       101      193      80       165      96       67       198      0        188      
40       6690     175      179      84       163      218      132      178      25       175      37       173      44       157      206      111      210      189      141      154      189      202      174      198      206      42       62       99       77       115      173      165      209      174      111      209      246      126      42       188      0        
;

