

sets
i        orders          /0*40/
k        routes          /1*40/
p        positions       /0*40/
;

alias(i,j)
alias(i,h)
alias(i,hh)
alias(i,jj)
alias(k,kk)
                            Parameters

rho(i)	Processing time
/
0	0
1	35
2	26
3	24
4	46
5	67
6	50
7	51
8	13
9	40
10	26
11	66
12	17
13	54
14	94
15	61
16	64
17	89
18	47
19	70
20	26
21	5
22	39
23	66
24	22
25	50
26	18
27	59
28	97
29	97
30	71
31	99
32	66
33	2
34	75
35	61
36	15
37	54
38	35
39	53
40	1
/

gamma(i)	Duedate
/
0	0
1	78
2	1
3	7
4	32
5	87
6	42
7	62
8	20
9	91
10	40
11	50
12	75
13	78
14	37
15	85
16	96
17	36
18	57
19	93
20	18
21	71
22	18
23	56
24	29
25	90
26	32
27	49
28	81
29	29
30	41
31	28
32	58
33	67
34	81
35	31
36	92
37	75
38	81
39	41
40	95
/

sigma(i)	Size
/
0	0
1	1
2	8
3	3
4	3
5	1
6	2
7	7
8	6
9	5
10	6
11	9
12	3
13	9
14	6
15	1
16	8
17	6
18	8
19	4
20	5
21	3
22	3
23	7
24	9
25	9
26	4
27	9
28	2
29	5
30	9
31	9
32	2
33	9
34	6
35	7
36	8
37	5
38	6
39	3
40	7
/

epsilon(i)	Priority
/
0	0
1	5
2	4
3	9
4	9
5	6
6	7
7	8
8	1
9	2
10	4
11	5
12	6
13	4
14	4
15	4
16	2
17	6
18	5
19	7
20	3
21	2
22	3
23	4
24	1
25	3
26	7
27	5
28	3
29	7
30	4
31	8
32	2
33	5
34	7
35	5
36	7
37	4
38	6
39	7
40	7
/

psi	Vehicle Capacity
/ 131 /
;

Table kappa(i,j)                 Setup
         0        1        2        3        4        5        6        7        8        9        10       11       12       13       14       15       16       17       18       19       20       21       22       23       24       25       26       27       28       29       30       31       32       33       34       35       36       37       38       39       40       
0        0        3868     443      1093     1141     3614     3224     3146     2557     3209     2631     2056     715      3488     2749     2894     3178     1805     1845     1833     4444     2448     1729     1322     1438     1298     3487     2421     2984     3221     2483     2215     583      2490     2538     3074     1767     2601     730      366      1809     
1        3868     0        3953     2952     2753     2885     1479     3185     1334     707      1348     1868     3773     1400     1260     1393     741      2626     2026     3229     1882     2450     2769     2624     2849     2587     3374     1745     3236     1596     1496     2554     3697     1468     1742     1229     2724     3963     3202     4175     2060     
2        443      3953     0        1025     1347     3977     3147     3539     2620     3329     2797     2227     339      3414     2917     3108     3235     2135     1937     2240     4699     2782     2078     1332     1778     1478     3885     2380     3383     3128     2502     2022     1020     2517     2477     3045     1585     3039     757      691      1934     
3        1093     2952     1025     0        741      3467     2142     3168     1618     2361     1893     1364     821      2407     2013     2266     2223     1653     985      2042     3891     2242     1665     342      1393     761      3518     1357     3048     2133     1481     1157     1301     1499     1462     2021     719      3007     376      1458     1023     
4        1141     2753     1347     741      0        2756     2337     2430     1483     2078     1490     916      1319     2585     1608     1766     2095     917      775      1321     3352     1529     924      592      656      168      2781     1522     2307     2366     1473     1704     971      1466     1667     2108     1335     2303     651      1424     702      
5        3614     2885     3977     3467     2756     0        3785     647      2766     2423     2123     2293     4042     3887     2083     1727     2877     1857     2736     1847     1634     1227     1900     3199     2201     2706     577      3336     825      3888     3017     4039     3088     2970     3466     3418     3852     1770     3396     3696     2614     
6        3224     1479     3147     2142     2337     3785     0        3858     1088     1440     1684     1804     2878     266      1706     2058     965      2721     1602     3358     3239     2898     2839     1912     2760     2185     4139     820      3838     119      927      1285     3281     955      688      367      1619     4293     2494     3582     1724     
7        3146     3185     3539     3168     2430     647      3858     0        2784     2619     2177     2179     3647     3999     2173     1866     3028     1515     2586     1320     2218     1004     1513     2944     1808     2416     352      3292     186      3949     3005     3900     2590     2963     3435     3499     3649     1124     3035     3184     2451     
8        2557     1334     2620     1618     1483     2766     1088     2784     0        782      644      743      2440     1269     706      1075     620      1661     716      2304     2550     1812     1787     1290     1755     1315     3077     614      2756     1170     271      1446     2453     223      716      749      1479     3215     1872     2880     784      
9        3209     707      3329     2361     2078     2423     1440     2619     782      0        641      1174     3179     1490     557      757      477      1922     1392     2533     1841     1795     2064     2021     2142     1914     2849     1342     2644     1555     1020     2192     3005     978      1398     1087     2260     3306     2572     3502     1402     
10       2631     1348     2797     1893     1490     2123     1684     2177     644      641      0        575      2687     1823     120      445      894      1286     913      1909     2028     1250     1428     1552     1501     1335     2455     1239     2167     1779     905      2027     2384     857      1356     1321     1967     2731     2044     2905     874      
11       2056     1868     2227     1364     916      2293     1804     2179     743      1174     575      0        2133     2005     693      902      1276     920      450      1561     2526     1175     1044     1033     1025     760      2501     1125     2120     1872     883      1747     1830     850      1274     1486     1577     2489     1480     2335     352      
12       715      3773     339      821      1319     4042     2878     3647     2440     3179     2687     2133     0        3144     2808     3032     3042     2185     1793     2381     4646     2825     2149     1157     1847     1421     3997     2138     3501     2851     2294     1710     1242     2315     2223     2802     1284     3239     670      1017     1813     
13       3488     1400     3414     2407     2585     3887     266      3999     1269     1490     1823     2005     3144     0        1829     2165     1017     2925     1838     3566     3228     3060     3047     2174     2984     2430     4268     1077     3990     310      1145     1534     3535     1167     950      520      1881     4485     2758     3846     1953     
14       2749     1260     2917     2013     1608     2083     1706     2173     706      557      120      693      2808     1829     0        369      866      1365     1031     1977     1917     1275     1508     1671     1597     1454     2438     1314     2173     1806     974      2118     2494     926      1423     1340     2073     2774     2165     3020     995      
15       2894     1393     3108     2266     1766     1727     2058     1866     1075     757      445      902      3032     2165     369      0        1167     1318     1311     1869     1625     1057     1458     1931     1614     1629     2111     1680     1887     2162     1342     2472     2573     1294     1792     1691     2399     2571     2371     3135     1244     
16       3178     741      3235     2223     2095     2877     965      3028     620      477      894      1276     3042     1017     866      1167     0        2144     1335     2781     2288     2140     2281     1903     2299     1926     3279     1013     3036     1081     755      1843     3060     729      1027     620      1986     3626     2491     3500     1393     
17       1805     2626     2135     1653     917      1857     2721     1515     1661     1922     1286     920      2185     2925     1365     1318     2144     0        1197     643      2692     647      142      1438     367      904      1865     2000     1400     2786     1796     2459     1352     1766     2154     2406     2163     1582     1542     1958     1057     
18       1845     2026     1937     985      775      2736     1602     2586     716      1392     913      450      1793     1838     1031     1311     1335     1197     0        1800     2932     1584     1291     642      1166     609      2917     820      2512     1647     703      1316     1746     694      974      1344     1126     2774     1181     2164     140      
19       1833     3229     2240     2042     1321     1847     3358     1320     2304     2533     1909     1561     2381     3566     1977     1869     2781     643      1800     0        3028     911      519      1908     674      1379     1656     2617     1152     3419     2431     2996     1270     2403     2772     3047     2652     989      1826     1865     1664     
20       4444     1882     4699     3891     3352     1634     3239     2218     2550     1841     2028     2526     4646     3228     1917     1625     2288     2692     2932     3028     0        2129     2806     3556     3050     3229     2211     3155     2362     3358     2816     3996     4042     2769     3228     2908     3989     3306     3979     4640     2870     
21       2448     2450     2782     2242     1529     1227     2898     1004     1812     1795     1250     1175     2825     3060     1275     1057     2140     647      1584     911      2129     0        721      1985     1009     1481     1333     2293     949      2982     2018     2899     1969     1977     2439     2547     2666     1514     2172     2582     1451     
22       1729     2769     2078     1665     924      1900     2839     1513     1787     2064     1428     1044     2149     3047     1508     1458     2281     142      1291     519      2806     721      0        1475     302      936      1865     2103     1384     2900     1912     2526     1251     1884     2258     2529     2211     1483     1523     1862     1152     
23       1322     2624     1332     342      592      3199     1912     2944     1290     2021     1552     1033     1157     2174     1671     1931     1903     1438     642      1908     3556     1985     1475     0        1235     538      3291     1100     2837     1918     1174     1117     1397     1187     1224     1751     744      2893     600      1674     686      
24       1438     2849     1778     1393     656      2201     2760     1808     1755     2142     1501     1025     1847     2984     1597     1614     2299     367      1166     674      3050     1009     302      1235     0        704      2160     1986     1673     2810     1838     2322     992      1817     2140     2474     1979     1664     1227     1594     1037     
25       1298     2587     1478     761      168      2706     2185     2416     1315     1914     1335     760      1421     2430     1454     1629     1926     904      609      1379     3229     1481     936      538      704      0        2766     1374     2304     2218     1310     1619     1138     1303     1523     1948     1278     2368     751      1589     533      
26       3487     3374     3885     3518     2781     577      4139     352      3077     2849     2455     2501     3997     4268     2438     2111     3279     1865     2917     1656     2211     1333     1865     3291     2160     2766     0        3604     503      4234     3307     4233     2926     3264     3744     3776     3992     1304     3387     3513     2784     
27       2421     1745     2380     1357     1522     3336     820      3292     614      1342     1239     1125     2138     1077     1314     1680     1013     2000     820      2617     3155     2293     2103     1100     1986     1374     3604     0        3242     844      343      849      2461     391      155      665      981      3582     1692     2774     953      
28       2984     3236     3383     3048     2307     825      3838     186      2756     2644     2167     2120     3501     3990     2173     1887     3036     1400     2512     1152     2362     949      1384     2837     1673     2304     503      3242     0        3925     2967     3820     2423     2926     3388     3483     3553     955      2900     3012     2375     
29       3221     1596     3128     2133     2366     3888     119      3949     1170     1555     1779     1872     2851     310      1806     2162     1081     2786     1647     3419     3358     2982     2900     1918     2810     2218     4234     844      3925     0        990      1224     3299     1023     701      474      1580     4362     2491     3582     1772     
30       2483     1496     2502     1481     1473     3017     927      3005     271      1020     905      883      2294     1145     974      1342     755      1796     703      2431     2816     2018     1912     1174     1838     1310     3307     343      2967     990      0        1181     2441     48       451      641      1248     3371     1772     2821     811      
31       2215     2554     2022     1157     1704     4039     1285     3900     1446     2192     2027     1747     1710     1534     2118     2472     1843     2459     1316     2996     3996     2899     2526     1117     2322     1619     4233     849      3820     1224     1181     0        2455     1227     815      1356     448      3986     1531     2581     1449     
32       583      3697     1020     1301     971      3088     3281     2590     2453     3005     2384     1830     1242     3535     2494     2573     3060     1352     1746     1270     4042     1969     1251     1397     992      1138     2926     2461     2423     3299     2441     2455     0        2437     2598     3072     2020     2019     939      613      1669     
33       2490     1468     2517     1499     1466     2970     955      2963     223      978      857      850      2315     1167     926      1294     729      1766     694      2403     2769     1977     1884     1187     1817     1303     3264     391      2926     1023     48       1227     2437     0        499      658      1286     3339     1783     2826     795      
34       2538     1742     2477     1462     1667     3466     688      3435     716      1398     1356     1274     2223     950      1423     1792     1027     2154     974      2772     3228     2439     2258     1224     2140     1523     3744     155      3388     701      451      815      2598     499      0        589      1017     3737     1808     2895     1108     
35       3074     1229     3045     2021     2108     3418     367      3499     749      1087     1321     1486     2802     520      1340     1691     620      2406     1344     3047     2908     2547     2529     1751     2474     1948     3776     665      3483     474      641      1356     3072     658      589      0        1605     3965     2349     3422     1452     
36       1767     2724     1585     719      1335     3852     1619     3649     1479     2260     1967     1577     1284     1881     2073     2399     1986     2163     1126     2652     3989     2666     2211     744      1979     1278     3992     981      3553     1580     1248     448      2020     1286     1017     1605     0        3637     1089     2133     1239     
37       2601     3963     3039     3007     2303     1770     4293     1124     3215     3306     2731     2489     3239     4485     2774     2571     3626     1582     2774     989      3306     1514     1483     2893     1664     2368     1304     3582     955      4362     3371     3986     2019     3339     3737     3965     3637     0        2755     2517     2635     
38       730      3202     757      376      651      3396     2494     3035     1872     2572     2044     1480     670      2758     2165     2371     2491     1542     1181     1826     3979     2172     1523     600      1227     751      3387     1692     2900     2491     1772     1531     939      1783     1808     2349     1089     2755     0        1091     1177     
39       366      4175     691      1458     1424     3696     3582     3184     2880     3502     2905     2335     1017     3846     3020     3135     3500     1958     2164     1865     4640     2582     1862     1674     1594     1589     3513     2774     3012     3582     2821     2581     613      2826     2895     3422     2133     2517     1091     0        2116     
40       1809     2060     1934     1023     702      2614     1724     2451     784      1402     874      352      1813     1953     995      1244     1393     1057     140      1664     2870     1451     1152     686      1037     533      2784     953      2375     1772     811      1449     1669     795      1108     1452     1239     2635     1177     2116     0        
;



Table delta(i,j)                 Distance
         0        1        2        3        4        5        6        7        8        9        10       11       12       13       14       15       16       17       18       19       20       21       22       23       24       25       26       27       28       29       30       31       32       33       34       35       36       37       38       39       40       
0        0        4590     3150     6540     3390     3630     2520     4680     4620     5370     1860     2520     3240     2010     5070     3900     3930     5310     210      5250     2880     4710     2700     4890     5460     3360     3060     2880     1650     6480     4170     2640     3540     5070     1950     1170     2880     3330     4260     1800     4230     
1        4590     0        128      74       107      47       104      123      78       58       126      153      82       140      37       124      24       53       151      133      148      52       104      32       34       87       114      72       100      72       21       142      132      121      132      134      67       78       93       148      68       
2        3150     128      0        202      167      132      142      54       75       115      43       172      46       41       162      190      120      177      98       72       178      96       28       156      139      41       164      125      98       200      130      169      12       69       40       125      67       147      55       151      71       
3        6540     74       202      0        137      97       149      190      143      108      199      193      156      213      48       144      89       43       217      197      184      115      179      54       71       161      149      124      163      1        79       181      205      185      206      191      141      116      161      196      137      
4        3390     107      167      137      0        59       29       194      164      161      135      57       135      150      95       22       85       93       117      211      47       147      140      92       141      142      13       45       73       135      85       45       178      200      143      74       108      29       167      67       148      
5        3630     47       132      97       59       0        58       145      108      101      113      106      90       129      48       79       26       56       121      160      100      89       104      43       82       97       67       27       66       95       26       95       140      148      121      94       65       30       115      103      94       
6        2520     104      142      149      29       58       0        174      148      153      107      48       114      122      103      50       81       106      88       192      45       136      115      99       139      121      21       32       44       148      84       38       153      181      115      47       88       33       148      47       132      
7        4680     123      54       190      194      145      174      0        46       86       94       211      59       95       160      217      125      176      149      19       215      74       66       155      120      52       194      149      135      189      133      207      44       15       93       168      86       169      30       194      55       
8        4620     78       75       143      164      108      148      46       0        41       100      192      46       107      115      185      85       131      149      55       193      28       68       111      73       43       166      118      118      142      91       185      72       43       103      155      63       136      21       178      15       
9        5370     58       115      108      161      101      153      86       41       0        133      200      77       143      90       180      75       106      175      90       198      21       102      87       37       78       167      120      134      107      77       191      113      79       137      171      82       132      62       190      44       
10       1860     126      43       199      135      113      107      94       100      133      0        131      55       15       153      157      110      166      55       113      139      111      32       147      147      57       129      98       62       197      120      130      56       108      8        83       58       120      85       109      89       
11       2520     153      172      193      57       106      48       211      192      200      131      0        153      142      149      62       129      150      90       230      14       182      147      145      187      159      44       81       75       192      132      12       184      221      137      48       129      78       189      23       176      
12       3240     82       46       156      135      90       114      59       46       77       55       153      0        65       116      158      75       131      103      77       156      55       25       110      95       7        134      89       77       154      84       147      51       68       59       112      26       110      36       136      33       
13       2010     140      41       213      150      129      122      95       107      143      15       142      65       0        168      172      125      181      59       113      151      121      40       162      159      65       143      114      77       212      135      142      53       109      7        93       72       135      90       120      98       
14       5070     37       162      48       95       48       103      160      115      90       153      149      116      168      0        106      42       16       169      171      141      88       136      5        57       122      106      75       114      47       33       137      167      158      160      142      97       70       130      150      105      
15       3900     124      190      144      22       79       50       217      185      180      157      62       158      172      106      0        105      102      135      234      48       167      162      105      157      165      29       68       94       143      103      51       201      223      165      91       131      49       189      78       170      
16       3930     24       120      89       85       26       81       125      85       75       110      129      75       125      42       105      0        56       130      139      125      63       94       37       58       82       92       48       77       87       9        119      126      127      117      110      54       56       95       124      71       
17       5310     53       177      43       93       56       106      176      131      106      166      150      131      181      16       102      56       0        178      187      140      104      151      21       71       137      105      82       123      42       47       138      182      175      173      148      111      73       146      153      121      
18       210      151      98       217      117      121      88       149      149      175      55       90       103      59       169      135      130      178      0        168      102      153      84       163      180      106      106      97       55       216      138      94       111      162      57       45       92       114      136      67       136      
19       5250     133      72       197      211      160      192      19       55       90       113      230      77       113      171      234      139      187      168      0        234      83       85       166      126      70       211      165      154      196      146      225      61       12       112      187      103      185      44       213      67       
20       2880     148      178      184      47       100      45       215      193      198      139      14       156      151      141      48       125      140      102      234      0        181      153      138      182      163      35       77       80       183      127      8        190      224      145      58       131      71       191      36       177      
21       4710     52       96       115      147      89       136      74       28       21       111      182      55       121      88       167      63       104      153      83       181      0        81       84       45       57       152      104      114      114      68       174      96       71       115      151      61       118      47       171      24       
22       2700     104      28       179      140      104      115      66       68       102      32       147      25       40       136      162      94       151      84       85       153      81       0        130      120      25       136      97       73       177      104      144      38       78       34       103      40       119      53       128      58       
23       4890     32       156      54       92       43       99       155      111      87       147      145      110      162      5        105      37       21       163      166      138      84       130      0        55       116      103      70       108      52       27       134      161      154      155      137      91       67       125      145      100      
24       5460     34       139      71       141      82       139      120      73       37       147      187      95       159      57       157      58       71       180      126      182      45       120      55       0        98       149      106      131      70       55       177      140      114      152      167      89       112      93       182      69       
25       3360     87       41       161      142      97       121      52       43       78       57       159      7        65       122      165      82       137      106      70       163      57       25       116      98       0        142      97       84       159      91       154      45       61       60       118      34       118      30       143      33       
26       3060     114      164      149      13       67       21       194      166      167      129      44       134      143      106      29       92       105      106      211      35       152      136      103      149      142      0        47       66       148      93       32       175      201      137      62       108      36       167      53       150      
27       2880     72       125      124      45       27       32       149      118      120      98       81       89       114      75       68       48       82       97       165      77       104      97       70       106      97       47       0        42       122      52       71       135      155      106      67       63       22       121      76       103      
28       1650     100      98       163      73       66       44       135      118      134      62       75       77       77       114      94       77       123      55       154      80       114      73       108      131      84       66       42       0        161      85       71       110      145      70       37       55       61       113      59       103      
29       6480     72       200      1        135      95       148      189      142      107      197      192      154      212      47       143      87       42       216      196      183      114      177      52       70       159      148      122      161      0        78       180      204      184      204      189      139      115      160      195      136      
30       4170     21       130      79       85       26       84       133      91       77       120      132      84       135      33       103      9        47       138      146      127      68       104      27       55       91       93       52       85       78       0        121      136      134      127      117      64       56       103      128      79       
31       2640     142      169      181      45       95       38       207      185      191      130      12       147      142      137      51       119      138      94       225      8        174      144      134      177      154      32       71       71       180      121      0        181      216      136      49       123      67       183      28       169      
32       3540     132      12       205      178      140      153      44       72       113      56       184      51       53       167      201      126      182      111      61       190      96       38       161      140      45       175      135      110      204      136      181      0        59       53       137      75       157      51       164      71       
33       5070     121      69       185      200      148      181      15       43       79       108      221      68       109      158      223      127      175      162      12       224      71       78       154      114      61       201      155      145      184      134      216      59       0        107      179      93       174      33       204      55       
34       1950     132      40       206      143      121      115      93       103      137      8        137      59       7        160      165      117      173      57       112      145      115      34       155      152      60       137      106      70       204      127      136      53       107      0        89       65       128      86       115      93       
35       1170     134      125      191      74       94       47       168      155      171      83       48       112      93       142      91       110      148      45       187      58       151      103      137      167      118      62       67       37       189      117      49       137      179      89       0        92       77       148      26       140      
36       2880     67       67       141      108      65       88       86       63       82       58       129      26       72       97       131      54       111      92       103      131      61       40       91       89       34       108      63       55       139      64       123      75       93       65       92       0        83       60       115      47       
37       3330     78       147      116      29       30       33       169      136      132      120      78       110      135      70       49       56       73       114      185      71       118      119      67       112      118      36       22       61       115      56       67       157      174      128      77       83       0        140      80       120      
38       4260     93       55       161      167      115      148      30       21       62       85       189      36       90       130      189      95       146      136      44       191      47       53       125      93       30       167      121      113      160      103      183      51       33       86       148      60       140      0        173      25       
39       1800     148      151      196      67       103      47       194      178      190      109      23       136      120      150      78       124      153      67       213      36       171      128      145      182      143      53       76       59       195      128      28       164      204      115      26       115      80       173      0        162      
40       4230     68       71       137      148      94       132      55       15       44       89       176      33       98       105      170      71       121      136      67       177      24       58       100      69       33       150      103      103      136      79       169      71       55       93       140      47       120      25       162      0        
;

