
sets
i        orders          /0*20/
k        routes          /1*20/
p        positions       /0*20/
;

alias(i,j)
alias(i,h)
alias(i,hh)
alias(i,jj)
alias(k,kk)
                
                    Parameters

rho(i)	Processing time
/
0	0
1	45
2	18
3	64
4	70
5	49
6	65
7	54
8	4
9	88
10	44
11	62
12	45
13	17
14	95
15	92
16	37
17	43
18	99
19	21
20	73
/

gamma(i)	Duedate
/
0	0
1	42
2	52
3	48
4	85
5	96
6	43
7	95
8	5
9	58
10	62
11	63
12	83
13	70
14	69
15	12
16	14
17	77
18	60
19	21
20	8
/

sigma(i)	Size
/
0	0
1	2
2	4
3	2
4	9
5	1
6	2
7	5
8	4
9	2
10	8
11	9
12	3
13	5
14	5
15	7
16	2
17	6
18	5
19	8
20	6
/

epsilon(i)	Priority
/
0	0
1	6
2	5
3	5
4	3
5	7
6	6
7	7
8	4
9	1
10	5
11	8
12	5
13	3
14	6
15	7
16	3
17	7
18	4
19	3
20	4
/

psi	Vehicle Capacity
/ 39 /
;

Table kappa(i,j)                 Setup
         0        1        2        3        4        5        6        7        8        9        10       11       12       13       14       15       16       17       18       19       20       
0        0        585      343      449      210      521      92       315      594      671      598      543      307      552      666      168      398      632      476      107      653      
1        585      0        260      504      552      476      497      289      97       264      373      42       345      353      178      461      189      75       222      644      203      
2        343      260      0        314      294      329      266      29       251      339      319      218      95       275      323      265      77       293      147      388      313      
3        449      504      314      0        250      87       431      304      438      386      232      474      232      205      447      488      378      494      282      411      413      
4        210      552      294      250      0        331      225      266      526      551      439      511      208      397      575      306      369      576      375      161      552      
5        521      476      329      87       331      0        492      327      397      318      154      451      265      139      391      539      380      453      256      492      354      
6        92       497      266      431      225      492      0        240      512      602      547      455      249      501      588      87       313      547      407      185      579      
7        315      289      29       304      266      327      240      0        281      363      331      247      76       286      350      245      103      323      168      358      339      
8        594      97       251      438      526      397      512      281      0        168      282      102      318      267      92       492      201      56       160      638      108      
9        671      264      339      386      551      318      602      363      168      0        168      269      366      181      98       604      322      201      195      691      63       
10       598      373      319      232      439      154      547      331      282      168      0        359      298      46       251      573      340      332      189      593      213      
11       543      42       218      474      511      451      455      247      102      269      359      0        305      334      193      421      147      103      194      602      211      
12       307      345      95       232      208      265      249      76       318      366      298      305      0        252      373      279      171      367      175      327      355      
13       552      353      275      205      397      139      501      286      267      181      46       334      252      0        252      527      301      320      152      550      215      
14       666      178      323      447      575      391      588      350      92       98       251      193      373      252      0        576      284      108      200      700      38       
15       168      461      265      488      306      539      87       245      492      604      573      421      279      527      576      0        292      520      412      269      572      
16       398      189      77       378      369      380      313      103      201      322      340      147      171      301      284      292      0        234      152      454      283      
17       632      75       293      494      576      453      547      323      56       201      332      103      367      320      108      520      234      0        215      682      138      
18       476      222      147      282      375      256      407      168      160      195      189      194      175      152      200      412      152      215      0        503      179      
19       107      644      388      411      161      492      185      358      638      691      593      602      327      550      700      269      454      682      503      0        682      
20       653      203      313      413      552      354      579      339      108      63       213      211      355      215      38       572      283      138      179      682      0        
;



Table delta(i,j)                 Distance
         0        1        2        3        4        5        6        7        8        9        10       11       12       13       14       15       16       17       18       19       20       
0        0        7680     5600     6340     2540     4300     2200     5920     6400     7540     5400     4940     1680     5020     5780     3000     3300     7420     4820     4500     5200     
1        7680     0        394      558      459      295      412      635      531      468      133      164      466      192      673      317      542      748      171      584      168      
2        5600     394      0        179      216      431      389      559      144      101      364      241      335      205      455      384      324      476      366      310      229      
3        6340     558      179      0        195      520      422      525      41       183      501      396      328      366      356      460      261      341      492      207      389      
4        2540     459      216      195      0        341      227      350      206      296      366      300      135      287      247      277      110      295      345      126      304      
5        4300     295      431      520      341      0        161      360      514      532      164      254      263      286      465      65       367      563      127      437      276      
6        2200     412      389      422      227      161      0        225      428      487      281      308      112      324      304      103      218      404      245      294      326      
7        5920     635      559      525      350      360      225      0        547      646      503      530      225      542      228      320      263      334      466      329      547      
8        6400     531      144      41       206      514      428      547      0        142      483      371      341      339      389      456      285      380      477      238      363      
9        7540     468      101      183      296      532      487      646      142      0        456      328      425      290      517      486      397      519      462      366      313      
10       5400     133      364      501      366      164      281      503      483      456      0        131      347      169      557      184      434      640      38       486      150      
11       4940     164      241      396      300      254      308      530      371      328      131      0        331      38       528      240      392      594      146      426      22       
12       1680     466      335      328      135      263      112      225      341      425      347      331      0        334      210      198      106      301      316      182      344      
13       5020     192      205      366      287      286      324      542      339      290      169      38       334      0        523      265      385      582      183      413      23       
14       5780     673      455      356      247      465      304      228      389      517      557      528      210      523      0        403      139      110      527      151      537      
15       3000     317      384      460      277      65       103      320      456      486      184      240      198      265      403      0        302      499      146      371      261      
16       3300     542      324      261      110      367      218      263      285      397      434      392      106      385      139      302      0        206      406      78       400      
17       7420     748      476      341      295      563      404      334      380      519      640      594      301      582      110      499      206      0        612      171      599      
18       4820     171      366      492      345      127      245      466      477      462      38       146      316      183      527      146      406      612      0        462      167      
19       4500     584      310      207      126      437      294      329      238      366      486      426      182      413      151      371      78       171      462      0        430      
20       5200     168      229      389      304      276      326      547      363      313      150      22       344      23       537      261      400      599      167      430      0        
;

