
sets
i        orders          /0*20/
k        routes          /1*20/
p        positions       /0*20/
;

alias(i,j)
alias(i,h)
alias(i,hh)
alias(i,jj)
alias(k,kk)
                
                    Parameters

rho(i)	Processing time
/
0	0
1	45
2	62
3	74
4	3
5	97
6	15
7	31
8	73
9	3
10	25
11	15
12	93
13	46
14	90
15	10
16	21
17	61
18	11
19	11
20	97
/

gamma(i)	Duedate
/
0	0
1	28
2	80
3	36
4	89
5	32
6	43
7	98
8	36
9	73
10	77
11	48
12	38
13	2
14	78
15	7
16	98
17	6
18	57
19	20
20	87
/

sigma(i)	Size
/
0	0
1	5
2	9
3	9
4	2
5	4
6	7
7	3
8	7
9	9
10	7
11	7
12	8
13	6
14	4
15	5
16	8
17	1
18	6
19	3
20	3
/

epsilon(i)	Priority
/
0	0
1	9
2	5
3	2
4	7
5	7
6	2
7	4
8	9
9	3
10	7
11	5
12	6
13	2
14	1
15	9
16	7
17	2
18	5
19	1
20	2
/

psi	Vehicle Capacity
/ 35 /
;

Table kappa(i,j)                 Setup
         0        1        2        3        4        5        6        7        8        9        10       11       12       13       14       15       16       17       18       19       20       
0        0        131      412      208      238      447      99       210      465      386      337      309      308      359      421      290      194      170      159      303      233      
1        131      0        288      77       368      403      182      182      372      398      358      391      388      342      320      242      222      46       237      254      102      
2        412      288      0        213      632      336      418      414      181      454      444      568      561      362      127      263      485      243      521      264      211      
3        208      77       213      0        442      381      244      220      318      411      378      441      436      341      262      230      278      42       308      240      41       
4        238      368      632      442      0        561      215      410      642      426      376      235      241      451      611      439      352      401      269      450      470      
5        447      403      336      381      561      0        378      586      183      179      206      381      372      111      214      162      618      369      605      149      415      
6        99       182      418      244      215      378      0        306      431      293      242      216      214      279      397      234      293      202      248      246      279      
7        210      182      414      220      410      586      306      0        538      571      527      519      518      522      482      425      85       219      161      437      205      
8        465      372      181      318      642      183      431      538      0        343      352      512      504      253      59       204      593      327      606      195      338      
9        386      398      454      411      426      179      293      571      343      0        51       214      205      93       353      197      578      382      542      193      452      
10       337      358      444      378      376      206      242      527      352      51       0        175      166      100      354      181      530      345      491      180      419      
11       309      391      568      441      235      381      216      519      512      214      175      0        8        272      502      316      494      400      432      321      480      
12       308      388      561      436      241      372      214      518      504      205      166      8        0        263      494      308      495      395      433      313      476      
13       359      342      362      341      451      111      279      522      253      93       100      272      263      0        260      114      542      317      518      106      380      
14       421      320      127      262      611      214      397      482      59       353      354      502      494      260      0        186      539      274      557      181      279      
15       290      242      263      230      439      162      234      425      204      197      181      316      308      114      186      0        455      210      446      13       268      
16       194      222      485      278      352      618      293      85       593      578      530      494      495      542      539      455      0        266      86       468      273      
17       170      46       243      42       401      369      202      219      327      382      345      400      395      317      274      210      266      0        284      222      80       
18       159      237      521      308      269      605      248      161      606      542      491      432      433      518      557      446      86       284      0        459      313      
19       303      254      264      240      450      149      246      437      195      193      180      321      313      106      181      13       468      222      459      0        277      
20       233      102      211      41       470      415      279      205      338      452      419      480      476      380      279      268      273      80       313      277      0        
;



Table delta(i,j)                 Distance
         0        1        2        3        4        5        6        7        8        9        10       11       12       13       14       15       16       17       18       19       20       
0        0        9340     11360    14060    3200     11560    12160    5680     6940     5660     3840     7480     5700     11580    4380     13120    4420     10680    7680     8640     9980     
1        9340     0        306      349      455      227      260      220      210      240      333      429      193      231      282      264      445      236      269      577      202      
2        11360    306      0        154      465      525      556      298      481      290      377      293      323      102      352      167      416      70       185      420      106      
3        14060    349      154      0        613      532      557      422      553      420      516      447      435      130      484      92       568      169      330      569      205      
4        3200     455      465      613      0        621      654      237      409      222      121      224      263      501      173      584      63       448      283      272      420      
5        11560    227      525      532      621      0        34       411      232      435      506      644      370      436      456      440      628      455      491      789      426      
6        12160    260      556      557      654      34       0        445      260      469      540      679      404      465      490      465      662      486      525      824      458      
7        5680     220      298      422      237      411      445      0        245      25       116      244      45       296      68       372      225      254      135      382      217      
8        6940     210      481      553      409      232      260      245      0        270      307      488      200      428      264      473      429      416      368      619      376      
9        5660     240      290      420      222      435      469      25       270      0        103      219      70       296      63       375      204      251      118      357      216      
10       3840     333      377      516      121      506      540      116      307      103      0        212      142      396      51       477      122      347      192      319      315      
11       7480     429      293      447      224      644      679      244      488      219      212      0        289      364      233      447      161      306      164      148      297      
12       5700     193      323      435      263      370      404      45       200      70       142      289      0        306      91       377      260      271      174      426      232      
13       11580    231      102      130      501      436      465      296      428      296      396      364      306      0        360      84       462      58       221      503      81       
14       4380     282      352      484      173      456      490      68       264      63       51       233      91       360      0        438      171      315      173      355      280      
15       13120    264      167      92       584      440      465      372      473      375      477      447      377      84       438      0        546      142      306      583      163      
16       4420     445      416      568      63       628      662      225      429      204      122      161      260      462      171      546      0        406      240      216      383      
17       10680    236      70       169      448      455      486      254      416      251      347      306      271      58       315      142      406      0        166      445      40       
18       7680     269      185      330      283      491      525      135      368      118      192      164      174      221      173      306      240      166      0        313      144      
19       8640     577      420      569      272      789      824      382      619      357      319      148      426      503      355      583      216      445      313      0        441      
20       9980     202      106      205      420      426      458      217      376      216      315      297      232      81       280      163      383      40       144      441      0        
;

