
sets
i        orders          /0*20/
k        routes          /1*20/
p        positions       /0*20/
;

alias(i,j)
alias(i,h)
alias(i,hh)
alias(i,jj)
alias(k,kk)
                
                    Parameters

rho(i)	Processing time
/
0	0
1	87
2	97
3	61
4	38
5	90
6	7
7	91
8	24
9	40
10	92
11	42
12	46
13	28
14	97
15	56
16	42
17	38
18	54
19	80
20	86
/

gamma(i)	Duedate
/
0	0
1	11
2	21
3	3
4	29
5	55
6	73
7	91
8	60
9	43
10	61
11	68
12	13
13	87
14	31
15	64
16	8
17	44
18	83
19	15
20	51
/

sigma(i)	Size
/
0	0
1	1
2	1
3	3
4	5
5	2
6	4
7	3
8	8
9	8
10	6
11	7
12	4
13	4
14	9
15	5
16	9
17	1
18	1
19	4
20	7
/

epsilon(i)	Priority
/
0	0
1	4
2	9
3	4
4	6
5	1
6	8
7	2
8	8
9	7
10	3
11	5
12	1
13	1
14	5
15	3
16	5
17	6
18	1
19	7
20	7
/

psi	Vehicle Capacity
/ 23 /
;

Table kappa(i,j)                 Setup
         0        1        2        3        4        5        6        7        8        9        10       11       12       13       14       15       16       17       18       19       20       
0        0        381      175      268      236      514      141      466      267      292      283      157      217      113      513      105      386      134      256      303      471      
1        381      0        556      649      340      209      424      229      248      270      326      464      598      267      181      277      472      513      126      258      127      
2        175      556      0        94       346      683      219      630      422      427      415      175      43       288      686      280      472      45       431      442      645      
3        268      649      94       0        433      770      286      713      503      517      486      253      59       382      775      373      522      139      524      532      736      
4        236      340      346      433      0        538      372      526      393      95       446      182      373      207      517      220      583      303      263      111      464      
5        514      209      683      770      538      0        500      84       276      476      327      632      727      410      44       412      429      647      282      465      87       
6        141      424      219      286      372      500      0        435      225      413      200      288      259      193      512      178      260      201      302      421      481      
7        466      229      630      713      526      84       435      0        210      477      251      597      674      371      121      371      345      596      262      469      139      
8        267      248      422      503      393      276      225      210      0        380      78       414      466      196      291      189      228      391      169      379      267      
9        292      270      427      517      95       476      413      477      380      0        445      273      458      225      451      241      591      383      224      16       397      
10       283      326      415      486      446      327      200      251      78       445      0        438      457      240      350      230      151      390      244      446      333      
11       157      464      175      253      182      632      288      597      414      273      438      0        195      225      623      227      542      138      352      289      574      
12       217      598      43       59       373      727      259      674      466      458      457      195      0        330      730      323      509      84       473      473      688      
13       113      267      288      382      207      410      193      371      196      225      240      225      330      0        405      15       375      246      142      231      361      
14       513      181      686      775      517      44       512      121      291      451      350      623      730      405      0        410      462      647      270      439      54       
15       105      277      280      373      220      412      178      371      189      241      230      227      323      15       410      0        362      239      151      247      366      
16       386      472      472      522      583      429      260      345      228      591      151      542      509      375      462      362      0        461      396      593      458      
17       134      513      45       139      303      647      201      596      391      383      390      138      84       246      647      239      461      0        389      397      605      
18       256      126      431      524      263      282      302      262      169      224      244      352      473      142      270      151      396      389      0        219      222      
19       303      258      442      532      111      465      421      469      379      16       446      289      473      231      439      247      593      397      219      0        385      
20       471      127      645      736      464      87       481      139      267      397      333      574      688      361      54       366      458      605      222      385      0        
;



Table delta(i,j)                 Distance
         0        1        2        3        4        5        6        7        8        9        10       11       12       13       14       15       16       17       18       19       20       
0        0        3600     1560     2660     4380     6040     4600     6320     1560     7440     5760     4160     4880     6180     6580     4760     1720     2000     4120     5340     4940     
1        3600     0        241      52       283      388      276      378      170      200      419      225      353      337      247      77       238      127      242      274      423      
2        1560     241      0        189      171      236      296      259      153      416      210      186      287      265      407      307      17       178      174      239      184      
3        2660     52       189      0        239      342      270      337      139      239      369      187      332      301      278      126      186      105      201      241      372      
4        4380     283      171      239      0        104      449      100      294      385      169      72       456      94       513      361      153      297      48       87       282      
5        6040     388      236      342      104      0        531      50       379      483      110      173      520      114      612      465      220      390      150      159      276      
6        4600     276      296      270      449      531      0        547      155      460      502      427      115      535      195      267      310      167      430      487      397      
7        6320     378      259      337      100      50       547      0        392      454      160      155      546      69       613      455      242      397      136      125      322      
8        1560     170      153      139      294      379      155      392      0        370      364      272      193      379      258      204      164      46       274      332      300      
9        7440     200      416      239      385      483      460      454      370      0        550      312      549      391      357      193      408      326      337      329      599      
10       5760     419      210      369      169      110      502      160      364      550      0        241      468      219      616      495      201      387      215      249      179      
11       4160     225      186      187      72       173      427      155      272      312      241      0        453      114      465      301      169      264      25       59       333      
12       4880     353      287      332      456      520      115      546      193      549      468      453      0        549      310      363      304      227      449      512      331      
13       6180     337      265      301      94       114      535      69       379      391      219      114      549      0        579      412      248      376      105      65       365      
14       6580     247      407      278      513      612      195      613      258      357      616      465      310      579      0        186      415      229      478      518      554      
15       4760     77       307      126      361      465      267      455      204      193      495      301      363      412      186      0        307      158      319      348      485      
16       1720     238      17       186      153      220      310      242      164      408      201      169      304      248      415      307      0        185      156      221      191      
17       2000     127      178      105      297      390      167      397      46       326      387      264      227      376      229      158      185      0        270      323      339      
18       4120     242      174      201      48       150      430      136      274      337      215      25       449      105      478      319      156      270      0        64       312      
19       5340     274      239      241      87       159      487      125      332      329      249      59       512      65       518      348      221      323      64       0        368      
20       4940     423      184      372      282      276      397      322      300      599      179      333      331      365      554      485      191      339      312      368      0        
;

