
sets
i        orders          /0*20/
k        routes          /1*20/
p        positions       /0*20/
;

alias(i,j)
alias(i,h)
alias(i,hh)
alias(i,jj)
alias(k,kk)
                
                    Parameters

rho(i)	Processing time
/
0	0
1	26
2	24
3	13
4	59
5	62
6	48
7	40
8	56
9	31
10	96
11	13
12	19
13	81
14	79
15	1
16	43
17	70
18	86
19	12
20	36
/

gamma(i)	Duedate
/
0	0
1	39
2	76
3	49
4	49
5	25
6	19
7	55
8	36
9	38
10	65
11	75
12	26
13	55
14	60
15	72
16	40
17	85
18	47
19	46
20	39
/

sigma(i)	Size
/
0	0
1	9
2	9
3	2
4	6
5	2
6	2
7	6
8	3
9	1
10	8
11	5
12	4
13	7
14	9
15	1
16	4
17	1
18	9
19	5
20	6
/

epsilon(i)	Priority
/
0	0
1	6
2	6
3	2
4	1
5	1
6	1
7	8
8	9
9	1
10	8
11	1
12	9
13	2
14	1
15	4
16	2
17	6
18	1
19	3
20	3
/

psi	Vehicle Capacity
/ 16 /
;

Table kappa(i,j)                 Setup
         0        1        2        3        4        5        6        7        8        9        10       11       12       13       14       15       16       17       18       19       20       
0        0        331      323      272      187      97       243      336      200      267      262      347      271      254      175      258      156      289      179      269      388      
1        331      0        584      510      158      423      510      613      438      272      535      305      110      578      179      207      180      209      472      61       182      
2        323      584      0        513      484      247      80       507      146      591      62       398      483      192      482      577      414      424      147      527      694      
3        272      510      513      0        356      282      447      114      439      280      455      616      499      345      333      328      387      547      376      459      464      
4        187      158      484      356      0        283      405      455      341      165      428      329      153      441      23       115      84       234      352      103      210      
5        97       423      247      282      283      0        172      312      157      354      185      384      352      157      272      352      243      347      100      361      485      
6        243      510      80       447      405      172      0        454      75       511      25       354      413      163      402      497      337      363      72       452      615      
7        336      613      507      114      455      312      454      0        465      394      455      682      589      319      433      440      473      624      389      558      578      
8        200      438      146      439      341      157      75       465      0        462      100      284      339      212      341      441      268      288      84       381      551      
9        267      272      591      280      165      354      511      394      462      0        530      494      311      497      148      64       244      399      446      242      184      
10       262      535      62       455      428      185      25       455      100      530      0        377      438      153      424      518      361      388      85       477      637      
11       347      305      398      616      329      384      354      682      284      494      377      0        202      493      346      441      253      99       362      281      480      
12       271      110      483      499      153      352      413      589      339      311      438      202      0        501      176      252      117      103      384      80       278      
13       254      578      192      345      441      157      163      319      212      497      153      493      501      0        429      504      398      479      131      517      640      
14       175      179      482      333      23       272      402      433      341      148      424      346      176      429      0        104      97       254      346      126      214      
15       258      207      577      328      115      352      497      440      441      64       518      441      252      504      104      0        199      344      437      179      143      
16       156      180      414      387      84       243      337      473      268      244      361      253      117      398      97       199      0        166      293      118      285      
17       289      209      424      547      234      347      363      624      288      399      388      99       103      479      254      344      166      0        352      182      381      
18       179      472      147      376      352      100      72       389      84       446      85       362      384      131      346      437      293      352      0        412      561      
19       269      61       527      459      103      361      452      558      381      242      477      281      80       517      126      179      118      182      412      0        200      
20       388      182      694      464      210      485      615      578      551      184      637      480      278      640      214      143      285      381      561      200      0        
;



Table delta(i,j)                 Distance
         0        1        2        3        4        5        6        7        8        9        10       11       12       13       14       15       16       17       18       19       20       
0        0        7400     7360     1940     1400     7240     8560     7780     2300     6880     3660     5380     4780     5780     9640     4820     7940     10420    10120    5600     10460    
1        7400     0        379      291      331      260      89       285      461      227      196      312      212      312      224      287      58       208      346      295      218      
2        7360     379      0        384      401      128      468      118      478      155      367      103      198      561      279      511      348      587      197      103      598      
3        1940     291      384      0        40       345      339      375      170      320      95       280      213      204      437      154      326      427      488      284      428      
4        1400     331      401      40       0        372      378      402      130      349      135      298      242      219      473      170      366      464      516      304      464      
5        7240     260      128      345      372      0        348      31       477      34       297      120      131      488      163      443      223      465      144      99       477      
6        8560     89       468      339      378      348      0        372      506      316      245      400      298      302      289      292      130      119      423      384      129      
7        7780     285      118      375      402      31       372      0        505      64       329      136      162      519      161      475      244      488      117      117      500      
8        2300     461      478      170      130      477      506      505      0        459      265      383      353      296      594      260      495      585      621      394      584      
9        6880     227      155      320      349      34       316      64       459      0        268      124      107      456      156      412      192      434      168      103      445      
10       3660     196      367      95       135      297      245      329      265      268      0        267      172      194      362      146      235      339      433      263      342      
11       5380     312      103      280      298      120      400      136      383      124      267      0        106      459      280      409      294      519      250      21       528      
12       4780     212      198      213      242      131      298      162      353      107      172      106      0        366      246      319      205      416      275      96       424      
13       5780     312      561      204      219      488      302      519      296      456      194      459      366      0        524      51       368      334      617      457      328      
14       9640     224      279      437      473      163      289      161      594      156      362      280      246      524      0        490      166      389      144      258      403      
15       4820     287      511      154      170      443      292      475      260      412      146      409      319      51       490      0        340      341      575      408      338      
16       7940     58       348      326      366      223      130      244      495      192      235      294      205      368      166      340      0        244      293      275      256      
17       10420    208      587      427      464      465      119      488      585      434      339      519      416      334      389      341      244      0        529      504      14       
18       10120    346      197      488      516      144      423      117      621      168      433      250      275      617      144      575      293      529      0        233      542      
19       5600     295      103      284      304      99       384      117      394      103      263      21       96       457      258      408      275      504      233      0        513      
20       10460    218      598      428      464      477      129      500      584      445      342      528      424      328      403      338      256      14       542      513      0        
;

