
sets
i        orders          /0*40/
k        routes          /1*40/
p        positions       /0*40/
;

alias(i,j)
alias(i,h)
alias(i,hh)
alias(i,jj)
alias(k,kk)
                
                    Parameters

rho(i)	Processing time
/
0	0
1	71
2	22
3	87
4	37
5	87
6	53
7	13
8	56
9	66
10	19
11	52
12	66
13	44
14	83
15	97
16	3
17	36
18	98
19	61
20	36
21	92
22	22
23	62
24	50
25	50
26	99
27	32
28	9
29	70
30	4
31	86
32	82
33	22
34	31
35	21
36	57
37	30
38	90
39	86
40	88
/

gamma(i)	Duedate
/
0	0
1	67
2	63
3	2
4	70
5	37
6	48
7	79
8	56
9	14
10	59
11	58
12	18
13	19
14	42
15	44
16	9
17	98
18	26
19	85
20	93
21	2
22	51
23	27
24	62
25	23
26	13
27	13
28	25
29	1
30	18
31	97
32	7
33	81
34	24
35	55
36	31
37	38
38	9
39	4
40	27
/

sigma(i)	Size
/
0	0
1	3
2	2
3	8
4	6
5	3
6	6
7	3
8	3
9	5
10	6
11	2
12	8
13	6
14	6
15	9
16	2
17	8
18	5
19	7
20	1
21	5
22	5
23	9
24	6
25	2
26	1
27	1
28	4
29	1
30	1
31	3
32	8
33	9
34	6
35	1
36	2
37	5
38	5
39	7
40	1
/

epsilon(i)	Priority
/
0	0
1	4
2	2
3	7
4	9
5	1
6	5
7	2
8	8
9	6
10	5
11	6
12	5
13	4
14	5
15	3
16	3
17	6
18	2
19	6
20	9
21	7
22	1
23	5
24	9
25	5
26	3
27	1
28	1
29	9
30	7
31	7
32	9
33	3
34	4
35	2
36	4
37	6
38	3
39	1
40	6
/

psi	Vehicle Capacity
/ 28 /
;

Table kappa(i,j)                 Setup
         0        1        2        3        4        5        6        7        8        9        10       11       12       13       14       15       16       17       18       19       20       21       22       23       24       25       26       27       28       29       30       31       32       33       34       35       36       37       38       39       40       
0        0        678      553      38       651      515      446      456      487      579      449      502      315      373      492      218      223      533      232      186      293      230      337      382      245      431      420      458      389      560      348      280      606      135      277      316      142      113      199      504      422      
1        678      0        320      651      529      529      283      420      657      639      577      217      472      652      191      855      460      392      860      495      593      505      913      549      550      469      511      472      302      703      536      469      628      556      831      723      775      620      547      266      1023     
2        553      320      0        516      220      212      393      128      348      319      274      367      512      371      222      663      346      73       662      419      346      325      680      625      336      581      612      170      341      385      272      482      307      478      602      464      686      550      363      429      790      
3        38       651      516      0        613      476      428      417      451      542      411      482      312      338      462      225      192      495      236      166      256      192      333      389      206      431      423      419      367      525      310      273      569      124      266      288      180      125      160      488      425      
4        651      529      220      613      0        141      605      214      251      163      226      586      698      340      441      694      490      167      688      569      373      429      667      814      406      782      809      195      545      243      305      661      132      617      601      447      793      683      453      646      767      
5        515      529      212      476      141      0        536      124      140      115      88       532      597      204      396      554      373      139      548      451      232      301      533      713      270      693      715      79       467      173      166      557      118      493      464      311      657      556      319      587      636      
6        446      283      393      428      605      536      0        412      620      649      540      66       189      565      177      652      267      437      661      262      479      350      740      270      413      201      239      458      76       687      454      193      654      312      662      597      516      363      383      63       843      
7        456      420      128      417      214      124      412      0        236      239      157      407      485      244      273      543      276      79       541      355      220      226      553      602      222      575      599      52       344      289      145      448      241      406      476      336      595      474      258      462      663      
8        487      657      348      451      251      140      620      236      0        106      81       628      642      116      504      470      406      276      460      476      196      316      422      755      262      751      766      184      545      75       174      599      142      503      364      212      625      554      316      677      518      
9        579      639      319      542      163      115      649      239      106      0        133      647      699      219      511      576      468      247      567      544      286      386      528      815      342      801      820      191      579      80       241      658      36       579      471      319      720      636      396      701      621      
10       449      577      274      411      226      88       540      157      81       133      0        547      572      116      422      469      338      205      462      412      157      254      444      687      209      678      695      106      466      147      108      530      158      445      376      222      590      502      262      596      548      
11       502      217      367      482      586      532      66       407      628      647      547      0        256      584      145      702      309      420      710      316      504      383      783      332      442      257      297      456      115      691      470      259      647      370      703      627      579      425      419      63       889      
12       315      472      512      312      698      597      189      485      642      699      572      256      0        557      334      534      236      536      547      176      462      328      645      117      390      120      124      518      185      716      468      44       713      188      575      555      347      209      342      227      737      
13       373      652      371      338      340      204      565      244      116      219      116      584      557      0        479      358      323      309      350      384      95       229      328      666      167      672      682      203      488      187      117      513      252      402      260      106      510      447      218      625      432      
14       492      191      222      462      441      396      177      273      504      511      422      145      334      479      0        664      270      277      669      313      411      314      723      435      362      376      411      324      148      561      361      317      508      376      641      540      597      444      356      207      833      
15       218      855      663      225      694      554      652      543      470      576      469      702      534      358      664      0        398      622      18       389      327      355      136      597      327      650      637      524      587      529      402      497      610      349      120      257      266      330      312      712      204      
16       223      460      346      192      490      373      267      276      406      468      338      309      236      323      270      398      0        343      405      79       229      93       474      349      157      349      361      298      195      480      232      193      485      132      395      335      344      204      117      331      580      
17       533      392      73       495      167      139      437      79       276      247      205      420      536      309      277      622      343      0        619      421      296      303      627      651      301      616      643      106      378      312      221      501      237      475      551      407      671      545      336      480      736      
18       232      860      662      236      688      548      661      541      460      567      462      710      547      350      669      18       405      619      0        399      323      358      118      612      327      663      652      520      595      517      399      509      601      361      105      247      284      344      315      722      190      
19       186      495      419      166      569      451      262      355      476      544      412      316      176      384      313      389      79       421      399      0        289      159      485      281      217      296      300      377      202      551      304      132      562      63       410      379      284      134      167      323      584      
20       293      593      346      256      373      232      479      220      196      286      157      504      462      95       411      327      229      296      323      289      0        135      334      571      72       578      587      196      402      272      75       418      314      308      255      129      434      357      123      541      445      
21       230      505      325      192      429      301      350      226      316      386      254      383      328      229      314      355      93       303      358      159      135      0        409      439      64       443      453      234      274      391      146      285      407      193      327      246      368      254      43       413      519      
22       337      913      680      333      667      533      740      553      422      528      444      783      645      328      723      136      474      627      118      485      334      409      0        719      363      764      756      522      669      466      408      605      564      456      82       222      402      450      368      803      111      
23       382      549      625      389      814      713      270      602      755      815      687      332      117      666      435      597      349      651      612      281      571      439      719      0        499      90       52       635      289      830      582      157      830      275      655      654      370      268      448      285      802      
24       245      550      336      206      406      270      413      222      262      342      209      442      390      167      362      327      157      301      327      217      72       64       363      499      0        505      515      214      336      338      104      346      366      240      281      185      387      294      54       475      474      
25       431      469      581      431      782      693      201      575      751      801      678      257      120      672      376      650      349      616      663      296      578      443      764      90       505      0        42       614      239      824      577      164      811      308      695      675      443      321      460      203      854      
26       420      511      612      423      809      715      239      599      766      820      695      297      124      682      411      637      361      643      652      300      587      453      756      52       515      42       0        636      271      840      592      169      832      304      690      678      419      307      467      245      842      
27       458      472      170      419      195      79       458      52       184      191      106      456      518      203      324      524      298      106      520      377      196      234      522      635      214      614      636      0        388      237      121      479      197      423      447      301      599      488      259      510      630      
28       389      302      341      367      545      467      76       344      545      579      466      115      185      488      148      587      195      378      595      202      402      274      669      289      336      239      271      388      0        613      378      171      585      259      590      521      474      319      308      139      774      
29       560      703      385      525      243      173      687      289      75       80       147      691      716      187      561      529      480      312      517      551      272      391      466      830      338      824      840      237      613      0        248      673      113      578      416      272      697      629      392      742      554      
30       348      536      272      310      305      166      454      145      174      241      108      470      468      117      361      402      232      221      399      304      75       146      408      582      104      577      592      121      378      248      0        425      263      337      330      193      491      395      156      513      518      
31       280      469      482      273      661      557      193      448      599      658      530      259      44       513      317      497      193      501      509      132      418      285      605      157      346      164      169      479      171      673      425      0        673      148      534      511      326      179      298      240      699      
32       606      628      307      569      132      118      654      241      142      36       158      647      713      252      508      610      485      237      601      562      314      407      564      830      366      811      832      197      585      113      263      673      0        600      506      354      748      659      419      703      657      
33       135      556      478      124      617      493      312      406      503      579      445      370      188      402      376      349      132      475      361      63       308      193      456      275      240      308      304      423      259      578      337      148      600      0        386      379      221      71       186      369      550      
34       277      831      602      266      601      464      662      476      364      471      376      703      575      260      641      120      395      551      105      410      255      327      82       655      281      695      690      447      590      416      330      534      506      386      0        154      365      389      286      724      192      
35       316      723      464      288      447      311      597      336      212      319      222      627      555      106      540      257      335      407      247      379      129      246      222      654      185      675      678      301      521      272      193      511      354      379      154      0        442      409      217      660      329      
36       142      775      686      180      793      657      516      595      625      720      590      579      347      510      597      266      344      671      284      284      434      368      402      370      387      443      419      599      474      697      491      326      748      221      365      442      0        155      340      566      460      
37       113      620      550      125      683      556      363      474      554      636      502      425      209      447      444      330      204      545      344      134      357      254      450      268      294      321      307      488      319      629      395      179      659      71       389      409      155      0        240      416      534      
38       199      547      363      160      453      319      383      258      316      396      262      419      342      218      356      312      117      336      315      167      123      43       368      448      54       460      467      259      308      392      156      298      419      186      286      217      340      240      0        446      477      
39       504      266      429      488      646      587      63       462      677      701      596      63       227      625      207      712      331      480      722      323      541      413      803      285      475      203      245      510      139      742      513      240      703      369      724      660      566      416      446      0        905      
40       422      1023     790      425      767      636      843      663      518      621      548      889      737      432      833      204      580      736      190      584      445      519      111      802      474      854      842      630      774      554      518      699      657      550      192      329      460      534      477      905      0        
;



Table delta(i,j)                 Distance
         0        1        2        3        4        5        6        7        8        9        10       11       12       13       14       15       16       17       18       19       20       21       22       23       24       25       26       27       28       29       30       31       32       33       34       35       36       37       38       39       40       
0        0        217      363      277      250      421      226      346      103      281      382      97       84       284      216      246      408      375      364      359      75       313      326      254      337      179      95       185      439      468      360      326      127      195      342      345      160      180      310      354      247      
1        217      0        245      79       124      384      295      133      244      236      407      165      172      89       84       264      220      304      190      330      144      225      370      46       196      210      124      157      330      342      265      112      97       213      239      232      271      173      300      139      197      
2        363      245      0        181      127      171      248      203      308      111      250      266      279      171      173      185      141      84       103      144      300      57       248      209      55       207      309      178      85       105      36       213      258      193      26       17       285      187      156      220      124      
3        277      79       181      0        85       337      297      72       279      203      380      203      214      10       74       251      141      252      112      290      202      176      353      33       127      215      190      158      263      270      207      59       150      213      181      171      291      176      270      85       172      
4        250      124      127      85       0        261      216      146      222      119      296      159      171      81       45       167      165      180      116      209      180      101      267      100      89       140      184      86       213      231      142      141      134      134      116      112      221      103      185      162      86       
5        421      384      171      337      261      0        219      372      332      153      113      331      341      329      300      176      309      87       275      62       382      161      150      359      223      242      404      255      139      177      137      380      358      227      160      173      284      250      111      389      194      
6        226      295      248      297      216      219      0        363      124      136      157      161      165      295      225      63       363      209      313      163      215      192      100      298      260      85       247      141      292      331      224      356      220      84       222      233      69       123      114      378      138      
7        346      133      203      72       146      372      363      0        351      256      431      275      286      69       146      313      107      285      106      333      271      217      410      92       149      284      255      227      275      270      236      23       219      280      212      199      361      245      322      17       231      
8        103      244      308      279      222      332      124      351      0        208      282      79       73       282      205      156      387      300      338      272      118      253      224      266      298      102      152      138      374      408      296      336      149      117      284      291      57       124      221      363      184      
9        281      236      111      203      119      153      136      256      208      0        177      186      197      198      152      73       233      94       184      94       232      55       154      218      128      107      252      103      166      201      90       256      205      91       85       96       177      102      67       273      41       
10       382      407      250      380      296      113      157      431      282      177      0        308      315      375      325      149      391      171      348      105      363      216      59       394      291      218      392      255      244      285      214      433      355      207      230      244      226      243      110      448      211      
11       97       165      266      203      159      331      161      275      79       186      308      0        13       207      133      162      322      279      275      269      55       216      256      188      243      91       86       88       342      371      263      259      70       105      245      248      114      84       222      287      150      
12       84       172      279      214      171      341      165      286      73       197      315      13       0        218      145      170      334      291      287      279      50       228      262      197      256      99       84       100      355      384      275      269      75       114      258      261      114      96       231      297      162      
13       284      89       171      10       81       329      295      69       282      198      375      207      218      0        76       248      132      243      101      283      209      168      348      43       117      215      198      157      253      259      198      60       156      212      172      162      292      176      265      84       168      
14       216      84       173      74       45       300      225      146      205      152      325      133      145      76       0        186      191      223      147      246      143      144      290      73       131      142      143      84       258      276      186      134      93       141      161      157      216      103      216      159      114      
15       246      264      185      251      167      176      63       313      156      73       149      162      170      248      186      0        303      150      254      115      216      129      105      258      199      71       244      108      231      270      161      309      206      58       159      170      113      94       64       329      82       
16       408      220      141      141      165      309      363      107      387      233      391      322      334      132      191      303      0        225      50       285      334      180      384      173      104      299      328      249      189      174      177      128      283      290      160      146      381      266      291      117      224      
17       375      304      84       252      180      87       209      285      300      94       171      279      291      243      223      150      225      0        187      66       324      79       181      276      135      200      341      194      84       125      49       292      293      184      73       85       263      195      98       301      130      
18       364      190      103      112      116      275      313      106      338      184      348      275      287      101      147      254      50       187      0        244      291      133      337      145      57       249      288      200      169      165      138      121      241      239      118      104      331      215      245      121      174      
19       359      330      144      290      209      62       163      333      272      94       105      269      279      283      246      115      285      66       244      0        320      116      116      309      188      180      343      194      146      188      108      337      298      164      126      140      226      189      50       350      135      
20       75       144      300      202      180      382      215      271      118      232      363      55       50       209      143      216      334      324      291      320      0        255      311      179      269      145      34       129      381      406      302      251      52       158      282      283      164      131      274      280      194      
21       313      225      57       176      101      161      192      217      253      55       216      216      228      168      144      129      180      79       133      116      255      0        203      198      76       151      269      128      126      156      47       221      218      137      31       41       227      134      111      234      68       
22       326      370      248      353      267      150      100      410      224      154      59       256      262      348      290      105      384      181      337      116      311      203      0        362      280      169      342      213      262      304      215      408      308      160      225      239      168      199      92       427      180      
23       254      46       209      33       100      359      298      92       266      218      394      188      197      43       73       258      173      276      145      309      179      198      362      0        157      214      164      157      293      301      232      72       128      214      206      198      284      175      284      100      183      
24       337      196      55       127      89       223      260      149      298      128      291      243      256      117      131      199      104      135      57       188      269      76       280      157      0        203      273      160      136      146      86       159      223      191      63       49       284      174      187      166      123      
25       179      210      207      215      140      242      85       284      102      107      218      91       99       215      142      71       299      200      249      180      145      151      169      214      203      0        173      57       272      306      194      275      138      16       183      190      82       39       131      299      83       
26       95       124      309      190      184      404      247      255      152      252      392      86       84       198      143      244      328      341      288      343      34       269      342      164      273      173      0        149      392      415      315      235      50       185      293      292      198      154      299      263      212      
27       185      157      178      158      86       255      141      227      138      103      255      88       100      157      84       108      249      194      200      194      129      128      213      157      160      57       149      0        254      283      175      217      103      57       157      160      135      18       153      241      64       
28       439      330      85       263      213      139      292      275      374      166      244      342      355      253      258      231      189      84       169      146      381      126      262      293      136      272      392      254      0        41       79       288      341      257      99       100      342      259      182      290      193      
29       468      342      105      270      231      177      331      270      408      201      285      371      384      259      276      270      174      125      165      188      406      156      304      301      146      306      415      283      41       0        112      287      364      291      126      123      378      290      223      284      224      
30       360      265      36       207      142      137      224      236      296      90       214      263      275      198      186      161      177      49       138      108      302      47       215      232      86       194      315      175      79       112      0        244      265      179      26       36       267      180      124      252      114      
31       326      112      213      59       141      380      356      23       336      256      433      259      269      60       134      309      128      292      121      337      251      221      408      72       159      275      235      217      288      287      244      0        200      272      219      207      350      236      323      28       228      
32       127      97       258      150      134      358      220      219      149      205      355      70       75       156      93       206      283      293      241      298      52       218      308      128      223      138      50       103      341      364      265      200      0        148      243      242      182      112      256      228      165      
33       195      213      193      213      134      227      84       280      117      91       207      105      114      212      141      58       290      184      239      164      158      137      160      214      191      16       185      57       257      291      179      272      148      0        168      176      93       40       116      295      70       
34       342      239      26       181      116      160      222      212      284      85       230      245      258      172      161      159      160      73       118      126      282      31       225      206      63       183      293      157      99       126      26       219      243      168      0        14       259      164      132      228      99       
35       345      232      17       171      112      173      233      199      291      96       244      248      261      162      157      170      146      85       104      140      283      41       239      198      49       190      292      160      100      123      36       207      242      176      14       0        268      169      146      216      106      
36       160      271      285      291      221      284      69       361      57       177      226      114      114      292      216      113      381      263      331      226      164      227      168      284      284      82       198      135      342      378      267      350      182      93       259      268      0        117      175      375      163      
37       180      173      187      176      103      250      123      245      124      102      243      84       96       176      103      94       266      195      215      189      131      134      199      175      174      39       154      18       259      290      180      236      112      40       164      169      117      0        145      260      66       
38       310      300      156      270      185      111      114      322      221      67       110      222      231      265      216      64       291      98       245      50       274      111      92       284      187      131      299      153      182      223      124      323      256      116      132      146      175      145      0        339      102      
39       354      139      220      85       162      389      378      17       363      273      448      287      297      84       159      329      117      301      121      350      280      234      427      100      166      299      263      241      290      284      252      28       228      295      228      216      375      260      339      0        247      
40       247      197      124      172      86       194      138      231      184      41       211      150      162      168      114      82       224      130      174      135      194      68       180      183      123      83       212      64       193      224      114      228      165      70       99       106      163      66       102      247      0        
;

