
sets
i        orders          /0*5/
k        routes          /1*5/
p        positions       /0*5/
;

alias(i,j)
alias(i,h)
alias(i,hh)
alias(i,jj)
alias(k,kk)
                
                    Parameters

rho(i)	Processing time
/
0	0
1	98
2	70
3	69
4	38
5	79
/

gamma(i)	Duedate
/
0	0
1	23
2	16
3	8
4	2
5	79
/

sigma(i)	Size
/
0	0
1	6
2	7
3	5
4	9
5	4
/

epsilon(i)	Priority
/
0	0
1	2
2	2
3	7
4	8
5	2
/

psi	Vehicle Capacity
/ 26 /
;

Table kappa(i,j)                 Setup
         0        1        2        3        4        5        
0        0        117      118      43       84       13       
1        117      0        79       76       43       113      
2        118      79       0        80       52       107      
3        43       76       80       0        41       37       
4        84       43       52       41       0        77       
5        13       113      107      37       77       0        
;



Table delta(i,j)                 Distance
         0        1        2        3        4        5        
0        0        540      630      880      420      990      
1        540      0        31       66       83       46       
2        630      31       0        34       75       45       
3        880      66       34       0        84       64       
4        420      83       75       84       0        120      
5        990      46       45       64       120      0        
;

