

sets
i        orders          /0*20/
k        routes          /1*20/
p        positions       /0*20/
;

alias(i,j)
alias(i,h)
alias(i,hh)
alias(i,jj)
alias(k,kk)
                            Parameters

rho(i)	Processing time
/
0	0
1	29
2	38
3	98
4	88
5	36
6	93
7	39
8	43
9	21
10	5
11	38
12	77
13	25
14	9
15	65
16	46
17	63
18	38
19	43
20	87
/

gamma(i)	Duedate
/
0	0
1	35
2	25
3	10
4	91
5	1
6	77
7	41
8	23
9	47
10	45
11	37
12	13
13	4
14	94
15	56
16	11
17	47
18	50
19	26
20	2
/

sigma(i)	Size
/
0	0
1	7
2	7
3	1
4	6
5	5
6	7
7	5
8	9
9	8
10	3
11	3
12	6
13	2
14	5
15	9
16	6
17	6
18	9
19	2
20	3
/

epsilon(i)	Priority
/
0	0
1	8
2	3
3	6
4	7
5	7
6	7
7	9
8	4
9	2
10	2
11	8
12	8
13	1
14	5
15	4
16	8
17	3
18	4
19	5
20	9
/

psi	Vehicle Capacity
/ 83 /
;

Table kappa(i,j)                 Setup
         0        1        2        3        4        5        6        7        8        9        10       11       12       13       14       15       16       17       18       19       20       
0        0        575      1091     1087     507      760      724      333      456      187      408      428      701      444      372      960      666      304      797      948      731      
1        575      0        706      679      543      277      560      293      321      396      420      163      487      197      434      447      716      330      333      805      289      
2        1091     706      0        52       663      884      426      771      1024     981      696      836      408      891      734      926      661      792      375      419      926      
3        1087     679      52       0        677      845      446      762      998      970      698      814      419      868      737      880      688      786      345      462      889      
4        507      543      663      677      0        821      243      319      704      490      142      528      258      592      157      985      189      305      512      442      826      
5        760      277      884      845      821      0        825      547      345      573      694      346      749      316      704      199      994      581      523      1060     55       
6        724      560      426      446      243      825      0        455      810      663      316      613      77       680      351      952      254      461      379      254      846      
7        333      293      771      762      319      547      455      0        384      213      176      217      410      277      170      734      508      37       463      706      540      
8        456      321      1024     998      704      345      810      384      0        286      561      198      749      134      552      537      893      401      653      1064     301      
9        187      396      981      970      490      573      663      213      286      0        358      242      623      257      334      773      674      202      654      909      546      
10       408      420      696      698      142      694      316      176      561      358      0        387      295      450      38       867      332      164      465      553      694      
11       428      163      836      814      528      346      613      217      198      242      387      0        551      67       386      542      715      246      473      867      329      
12       701      487      408      419      258      749      77       410      749      623      295      551      0        617      332      875      315      421      306      319      772      
13       444      197      891      868      592      316      680      277      134      257      450      67       617      0        448      516      780      302      524      934      291      
14       372      434      734      737      157      704      351      170      552      334      38       386      332      448      0        882      345      150      499      582      702      
15       960      447      926      880      985      199      952      734      537      773      867      542      875      516      882      0        1147     769      604      1168     235      
16       666      716      661      688      189      994      254      508      893      674      332      715      315      780      345      1147     0        495      617      329      1003     
17       304      330      792      786      305      581      461      37       401      202      164      246      421      302      150      769      495      0        495      708      572      
18       797      333      375      345      512      523      379      463      653      654      465      473      306      524      499      604      617      495      0        567      560      
19       948      805      419      462      442      1060     254      706      1064     909      553      867      319      934      582      1168     329      708      567      0        1086     
20       731      289      926      889      826      55       846      540      301      546      694      329      772      291      702      235      1003     572      560      1086     0        
;



Table delta(i,j)                 Distance
         0        1        2        3        4        5        6        7        8        9        10       11       12       13       14       15       16       17       18       19       20       
0        0        82       33       84       67       45       68       45       36       82       31       16       76       90       16       55       54       61       28       13       89       
1        82       0        65       86       64       45       32       91       48       9        62       98       36       68       85       114      53       77       66       71       75       
2        33       65       0        102      80       48       65       73       36       61       45       48       74       99       47       88       63       80       5        22       101      
3        84       86       102      0        24       56       55       46       67       94       57       89       51       25       71       63       40       23       98       85       16       
4        67       64       80       24       0        32       32       41       44       71       37       76       30       22       57       63       16       16       76       65       21       
5        45       45       48       56       32       0        23       46       12       49       17       58       31       50       42       68       16       38       45       38       52       
6        68       32       65       55       32       23       0        63       33       39       40       81       9        39       65       86       23       45       63       60       45       
7        45       91       73       46       41       46       63       0        49       95       32       45       66       62       30       23       39       25       68       52       56       
8        36       48       36       67       44       12       33       49       0        49       16       51       41       62       37       70       27       47       33       27       64       
9        82       9        61       94       71       49       39       95       49       0        64       98       44       76       86       118      59       83       63       70       83       
10       31       62       45       57       37       17       40       32       16       64       0        42       46       59       25       53       23       34       41       28       59       
11       16       98       48       89       76       58       81       45       51       98       42       0        89       99       18       48       65       66       43       29       96       
12       76       36       74       51       30       31       9        66       41       44       46       89       0        32       71       89       26       46       73       68       39       
13       90       68       99       25       22       50       39       62       62       76       59       99       32       0        80       83       36       36       95       87       9        
14       16       85       47       71       57       42       65       30       37       86       25       18       71       80       0        40       47       48       42       25       77       
15       55       114      88       63       63       68       86       23       70       118      53       48       89       83       40       0        63       47       82       65       76       
16       54       53       63       40       16       16       23       39       27       59       23       65       26       36       47       63       0        24       60       50       37       
17       61       77       80       23       16       38       45       25       47       83       34       66       46       36       48       47       24       0        75       62       31       
18       28       66       5        98       76       45       63       68       33       63       41       43       73       95       42       82       60       75       0        17       97       
19       13       71       22       85       65       38       60       52       27       70       28       29       68       87       25       65       50       62       17       0        87       
20       89       75       101      16       21       52       45       56       64       83       59       96       39       9        77       76       37       31       97       87       0        
;

