

sets
i        orders          /0*20/
k        routes          /1*20/
p        positions       /0*20/
;

alias(i,j)
alias(i,h)
alias(i,hh)
alias(i,jj)
alias(k,kk)
                            Parameters

rho(i)	Processing time
/
0	0
1	68
2	95
3	37
4	84
5	25
6	98
7	11
8	24
9	33
10	40
11	12
12	65
13	51
14	84
15	85
16	8
17	88
18	25
19	17
20	56
/

gamma(i)	Duedate
/
0	0
1	8
2	55
3	31
4	39
5	85
6	34
7	3
8	54
9	61
10	38
11	90
12	40
13	50
14	88
15	53
16	56
17	23
18	35
19	63
20	4
/

sigma(i)	Size
/
0	0
1	8
2	9
3	2
4	8
5	7
6	9
7	3
8	3
9	5
10	2
11	7
12	7
13	6
14	1
15	2
16	9
17	5
18	5
19	5
20	2
/

epsilon(i)	Priority
/
0	0
1	1
2	6
3	5
4	1
5	3
6	6
7	7
8	4
9	9
10	4
11	9
12	1
13	9
14	9
15	1
16	6
17	6
18	1
19	6
20	4
/

psi	Vehicle Capacity
/ 50 /
;

Table kappa(i,j)                 Setup
         0        1        2        3        4        5        6        7        8        9        10       11       12       13       14       15       16       17       18       19       20       
0        0        748      760      50       672      634      471      482      257      723      223      747      830      860      816      645      445      577      268      298      766      
1        748      0        913      730      712      127      431      299      1002     47       828      915      487      112      659      122      597      866      910      673      362      
2        760      913      0        800      202      804      519      883      905      929      573      17       534      970      344      802      1089     195      599      1003     606      
3        50       730      800      0        703      620      482      454      272      702      273      787      842      842      840      631      396      620      318      248      772      
4        672      712      202      703      0        605      335      703      864      729      531      206      352      768      196      603      938      242      582      874      409      
5        634      127      804      620      605      0        307      229      891      127      703      804      432      229      578      12       546      745      784      595      307      
6        471      431      519      482      335      307      0        367      718      434      450      516      360      516      392      309      620      439      530      585      298      
7        482      299      883      454      703      229      367      0        725      261      615      879      626      409      733      241      317      775      692      374      510      
8        257      1002     905      272      864      891      718      725      0        975      336      890      1070     1114     1031     901      603      711      310      441      1016     
9        723      47       929      702      729      127      434      261      975      0        814      930      523      148      687      127      552      873      895      634      397      
10       223      828      573      273      531      703      450      615      336      814      0        559      773      932      706      710      655      380      81       519      742      
11       747      915      17       787      206      804      516      879      890      930      559      0        544      974      356      803      1081     179      583      993      613      
12       830      487      534      842      352      432      360      626      1070     523      773      544      0        499      201      423      931      587      844      928      126      
13       860      112      970      842      768      229      516      409      1114     148      932      974      499      0        688      221      698      943      1014     783      383      
14       816      659      344      840      196      578      392      733      1031     687      706      356      201      688      0        572      1010     437      765      975      304      
15       645      122      802      631      603      12       309      241      901      127      710      803      423      221      572      0        558      747      792      607      298      
16       445      597      1089     396      938      546      620      317      603      552      655      1081     931      698      1010     558      0        940      712      162      820      
17       577      866      195      620      242      745      439      775      711      873      380      179      587      943      437      747      940      0        404      839      621      
18       268      910      599      318      582      784      530      692      310      895      81       583      844      1014     765      792      712      404      0        567      818      
19       298      673      1003     248      874      595      585      374      441      634      519      993      928      783      975      607      162      839      567      0        831      
20       766      362      606      772      409      307      298      510      1016     397      742      613      126      383      304      298      820      621      818      831      0        
;



Table delta(i,j)                 Distance
         0        1        2        3        4        5        6        7        8        9        10       11       12       13       14       15       16       17       18       19       20       
0        0        37       56       60       43       17       70       21       36       59       59       11       33       55       40       21       48       55       62       36       65       
1        37       0        53       86       80       27       95       25       2        50       95       26       65       34       45       50       86       74       80       54       102      
2        56       53       0        116      93       41       127      37       51       8        108      53       88       87       90       45       86       111      118      91       90       
3        60       86       116      0        34       77       11       81       86       119      34       66       28       80       47       73       56       19       19       32       77       
4        43       80       93       34       0        60       45       65       79       98       15       54       17       87       57       48       22       45       49       42       44       
5        17       27       41       77       60       0        87       4        25       42       76       12       50       55       50       23       62       70       77       50       75       
6        70       95       127      11       45       87       0        91       95       130      42       76       40       85       52       85       67       22       19       40       87       
7        21       25       37       81       65       4        91       0        23       38       80       16       55       55       52       26       66       74       81       54       79       
8        36       2        51       86       79       25       95       23       0        48       94       25       65       36       46       48       84       75       81       54       100      
9        59       50       8        119      98       42       130      38       48       0        113      54       92       84       90       50       92       113      120      93       98       
10       59       95       108      34       15       76       42       80       94       113      0        69       30       100      68       62       28       50       53       52       46       
11       11       26       53       66       54       12       76       16       25       54       69       0        41       46       37       28       60       58       65       38       76       
12       33       65       88       28       17       50       40       55       65       92       30       41       0        69       39       45       36       32       38       24       58       
13       55       34       87       80       87       55       85       55       36       84       100      46       69       0        33       75       100      62       66       48       120      
14       40       45       90       47       57       50       52       52       46       90       68       37       39       33       0        61       74       30       35       15       95       
15       21       50       45       73       48       23       85       26       48       50       62       28       45       75       61       0        42       73       80       56       53       
16       48       86       86       56       22       62       67       66       84       92       28       60       36       100      74       42       0        67       71       60       22       
17       55       74       111      19       45       70       22       74       75       113      50       58       32       62       30       73       67       0        6        20       89       
18       62       80       118      19       49       77       19       81       81       120      53       65       38       66       35       80       71       6        0        27       93       
19       36       54       91       32       42       50       40       54       54       93       52       38       24       48       15       56       60       20       27       0        82       
20       65       102      90       77       44       75       87       79       100      98       46       76       58       120      95       53       22       89       93       82       0        
;

