

sets
i        orders          /0*20/
k        routes          /1*20/
p        positions       /0*20/
;

alias(i,j)
alias(i,h)
alias(i,hh)
alias(i,jj)
alias(k,kk)
                            Parameters

rho(i)	Processing time
/
0	0
1	8
2	36
3	32
4	20
5	42
6	65
7	65
8	86
9	12
10	4
11	40
12	19
13	44
14	51
15	90
16	44
17	52
18	84
19	52
20	97
/

gamma(i)	Duedate
/
0	0
1	13
2	76
3	81
4	11
5	27
6	66
7	72
8	27
9	32
10	42
11	44
12	48
13	1
14	4
15	30
16	15
17	13
18	48
19	51
20	81
/

sigma(i)	Size
/
0	0
1	6
2	7
3	2
4	3
5	5
6	3
7	5
8	1
9	3
10	2
11	3
12	4
13	6
14	5
15	1
16	5
17	7
18	7
19	1
20	6
/

epsilon(i)	Priority
/
0	0
1	4
2	7
3	2
4	7
5	1
6	6
7	4
8	5
9	8
10	5
11	5
12	9
13	7
14	7
15	7
16	1
17	4
18	7
19	5
20	5
/

psi	Vehicle Capacity
/ 47 /
;

Table kappa(i,j)                 Setup
         0        1        2        3        4        5        6        7        8        9        10       11       12       13       14       15       16       17       18       19       20       
0        0        245      461      596      525      645      470      502      455      376      536      565      515      287      351      39       274      580      589      368      593      
1        245      0        697      485      466      524      692      676      218      612      450      787      697      263      113      265      168      641      802      502      645      
2        461      697      0        861      743      909      92       288      883      301      786      141      563      708      808      457      652      585      194      375      609      
3        596      485      861      0        126      50       803      664      392      939      75       875      1111     747      521      635      338      412      856      496      397      
4        525      466      743      126      0        170      682      538      432      844      57       751      1034     717      528      564      301      294      730      373      281      
5        645      524      909      50       170      0        851      707      415      989      123      921      1160     788      553      683      383      445      900      542      428      
6        470      692      92       803      682      851      0        198      864      380      728      95       644      737      805      474      625      502      127      309      526      
7        502      676      288      664      538      707      198      0        807      545      590      229      806      789      788      521      565      313      196      188      338      
8        455      218      883      392      432      415      864      807      0        828      392      955      913      445      169      480      242      686      961      620      682      
9        376      612      301      939      844      989      380      545      828      0        870      442      264      513      703      347      643      782      495      540      803      
10       536      450      786      75       57       123      728      590      392      870      0        800      1050     708      501      575      292      351      781      421      338      
11       565      787      141      875      751      921      95       229      955      442      800      0        702      829      900      568      715      543      58       379      567      
12       515      697      563      1111     1034     1160     644      806      913      264      1050     702      0        501      758      477      784      1020     757      778      1040     
13       287      263      708      747      717      788      737      789      445      513      708      829      501      0        277      269      417      844      862      651      853      
14       351      113      808      521      528      553      805      788      169      703      501      900      758      277      0        365      252      734      916      611      736      
15       39       265      457      635      564      683      474      521      480      347      575      568      477      269      365      0        310      614      596      397      627      
16       274      168      652      338      301      383      625      565      242      643      292      715      784      417      252      310      0        481      719      379      483      
17       580      641      585      412      294      445      502      313      686      782      351      543      1020     844      734      614      481      0        506      243      24       
18       589      802      194      856      730      900      127      196      961      495      781      58       757      862      916      596      719      506      0        365      531      
19       368      502      375      496      373      542      309      188      620      540      421      379      778      651      611      397      379      243      365      0        263      
20       593      645      609      397      281      428      526      338      682      803      338      567      1040     853      736      627      483      24       531      263      0        
;



Table delta(i,j)                 Distance
         0        1        2        3        4        5        6        7        8        9        10       11       12       13       14       15       16       17       18       19       20       
0        0        93       67       81       67       36       101      44       36       68       44       33       67       96       17       50       16       62       102      53       78       
1        93       0        83       13       36       66       28       63       93       78       75       77       40       13       107      91       109      31       9        77       22       
2        67       83       0        80       48       78       71       84       34       114      24       34       88       94       83       20       80       60       88       102      61       
3        81       13       80       0        32       53       38       49       85       65       68       69       26       16       94       84       96       22       23       63       21       
4        67       36       48       32       0        53       34       55       58       81       39       44       46       46       83       55       83       16       42       73       14       
5        36       66       78       53       53       0        83       8        60       37       55       47       32       66       44       69       47       40       75       23       58       
6        101      28       71       38       34       83       0        82       91       103      71       77       64       41       118      84       118      42       25       98       24       
7        44       63       84       49       55       8        82       0        67       30       61       54       26       61       51       76       54       40       72       18       58       
8        36       93       34       85       58       60       91       67       0        97       19       16       82       101      50       15       47       63       100      82       72       
9        68       78       114      65       81       37       103      30       97       0        92       84       39       71       69       106      74       65       86       15       81       
10       44       75       24       68       39       55       71       61       19       92       0        11       69       84       60       16       58       46       82       79       53       
11       33       77       34       69       44       47       77       54       16       84       11       0        66       85       49       21       47       47       85       70       57       
12       67       40       88       26       46       32       64       26       82       39       69       66       0        35       77       86       80       29       48       37       42       
13       96       13       94       16       46       66       41       61       101      71       84       85       35       0        109      100      111      38       17       72       34       
14       17       107      83       94       83       44       118      51       50       69       60       49       77       109      0        65       5        77       116      55       94       
15       50       91       20       84       55       69       84       76       15       106      16       21       86       100      65       0        62       63       97       92       69       
16       16       109      80       96       83       47       118      54       47       74       58       47       80       111      5        62       0        78       118      59       94       
17       62       31       60       22       16       40       42       40       63       65       46       47       29       38       77       63       78       0        40       58       18       
18       102      9        88       23       42       75       25       72       100      86       82       85       48       17       116      97       118      40       0        85       28       
19       53       77       102      63       73       23       98       18       82       15       79       70       37       72       55       92       59       58       85       0        75       
20       78       22       61       21       14       58       24       58       72       81       53       57       42       34       94       69       94       18       28       75       0        
;

