

sets
i        orders          /0*20/
k        routes          /1*20/
p        positions       /0*20/
;

alias(i,j)
alias(i,h)
alias(i,hh)
alias(i,jj)
alias(k,kk)
                            Parameters

rho(i)	Processing time
/
0	0
1	36
2	39
3	92
4	64
5	21
6	73
7	8
8	30
9	13
10	41
11	55
12	25
13	10
14	17
15	43
16	8
17	74
18	21
19	45
20	63
/

gamma(i)	Duedate
/
0	0
1	84
2	4
3	62
4	76
5	41
6	4
7	51
8	39
9	91
10	58
11	14
12	56
13	70
14	12
15	57
16	18
17	47
18	5
19	52
20	13
/

sigma(i)	Size
/
0	0
1	9
2	2
3	4
4	4
5	8
6	7
7	9
8	6
9	6
10	1
11	8
12	2
13	3
14	8
15	6
16	9
17	8
18	1
19	9
20	8
/

epsilon(i)	Priority
/
0	0
1	9
2	6
3	9
4	6
5	9
6	6
7	1
8	7
9	7
10	1
11	7
12	7
13	9
14	3
15	4
16	1
17	1
18	6
19	6
20	1
/

psi	Vehicle Capacity
/ 21 /
;

Table kappa(i,j)                 Setup
         0        1        2        3        4        5        6        7        8        9        10       11       12       13       14       15       16       17       18       19       20       
0        0        298      395      794      501      673      364      325      352      265      559      394      70       283      776      839      826      795      610      249      715      
1        298      0        195      747      612      556      227      111      584      434      679      209      316      64       721      686      563      709      424      539      707      
2        395      195      0        563      508      362      420      88       568      402      575      20       441      146      536      493      434      517      234      588      536      
3        794      747      563      0        409      232      973      636      670      581      417      545      862      686      31       290      650      107      410      825      112      
4        501      612      508      409      0        449      801      529      268      237      67       489      569      550      409      613      836      472      537      443      299      
5        673      556      362      232      449      0        782      445      660      524      489      346      736      501      201      177      435      158      179      772      265      
6        364      227      420      973      801      782      0        338      711      590      867      436      333      287      948      906      726      936      642      607      929      
7        325      111      88       636      529      445      338      0        545      384      597      99       363      58       610      581      502      597      322      538      599      
8        352      584      568      670      268      660      711      545      0        165      292      555      405      537      666      835      975      719      692      190      563      
9        265      434      402      581      237      524      590      384      165      0        294      389      332      382      570      702      812      609      534      249      485      
10       559      679      575      417      67       489      867      597      292      294      0        555      626      617      422      646      890      492      592      477      305      
11       394      209      20       545      489      346      436      99       555      389      555      0        442      157      517      481      440      500      226      580      516      
12       70       316      441      862      569      736      333      363      405      332      626      442      0        314      845      899      864      862      663      275      785      
13       283      64       146      686      550      501      287      58       537      382      617      157      314      0        661      639      550      651      380      510      643      
14       776      721      536      31       409      201      948      610      666      570      422      517      845      661      0        265      620      82       380      816      120      
15       839      686      493      290      613      177      906      581      835      702      646      481      899      639      265      0        390      183      263      949      374      
16       826      563      434      650      836      435      726      502      975      812      890      440      864      550      620      390      0        549      298      1020     700      
17       795      709      517      107      472      158      936      597      719      609      492      500      862      651      82       183      549      0        333      859      199      
18       610      424      234      410      537      179      642      322      692      534      592      226      663      380      380      263      298      333      0        763      429      
19       249      539      588      825      443      772      607      538      190      249      477      580      275      510      816      949      1020     859      763      0        725      
20       715      707      536      112      299      265      929      599      563      485      305      516      785      643      120      374      700      199      429      725      0        
;



Table delta(i,j)                 Distance
         0        1        2        3        4        5        6        7        8        9        10       11       12       13       14       15       16       17       18       19       20       
0        0        81       5        112      89       88       73       83       59       77       97       46       56       78       28       44       81       80       43       55       28       
1        81       0        80       38       44       53       45       48       59       22       20       63       33       3        99       78       8        34       47       65       63       
2        5        80       0        112      91       90       75       85       62       77       96       41       57       77       34       49       81       81       39       59       31       
3        112      38       112      0        37       46       50       45       70       35       18       100      56       41       124      96       32       36       84       78       89       
4        89       44       91       37       0        10       16       8        36       23       36       93       35       45       94       62       36       12       74       43       62       
5        88       53       90       46       10       0        15       5        31       31       46       97       37       54       90       57       44       19       78       38       60       
6        73       45       75       50       16       15       0        10       20       23       44       83       23       45       77       46       38       14       64       27       46       
7        83       48       85       45       8        5        10       0        28       26       43       92       32       49       86       54       40       14       73       35       56       
8        59       59       62       70       36       31       20       28       0        39       62       79       27       58       58       26       53       34       62       7        31       
9        77       22       77       35       23       31       23       26       39       0        23       72       20       23       89       63       14       12       54       46       53       
10       97       20       96       18       36       46       44       43       62       23       0        83       42       23       111      86       15       30       66       69       75       
11       46       63       41       100      93       97       83       92       79       72       83       0        59       60       74       79       68       81       18       80       55       
12       56       33       57       56       35       37       23       32       27       20       42       59       0        32       68       45       29       24       41       32       33       
13       78       3        77       41       45       54       45       49       58       23       23       60       32       0        97       77       10       35       44       64       61       
14       28       99       34       124      94       90       77       86       58       89       111      74       68       97       0        34       97       88       69       52       35       
15       44       78       49       96       62       57       46       54       26       63       86       79       45       77       34       0        74       59       65       19       23       
16       81       8        81       32       36       44       38       40       53       14       15       68       29       10       97       74       0        25       51       59       61       
17       80       34       81       36       12       19       14       14       34       12       30       81       24       35       88       59       25       0        63       41       54       
18       43       47       39       84       74       78       64       73       62       54       66       18       41       44       69       65       51       63       0        63       42       
19       55       65       59       78       43       38       27       35       7        46       69       80       32       64       52       19       59       41       63       0        28       
20       28       63       31       89       62       60       46       56       31       53       75       55       33       61       35       23       61       54       42       28       0        
;

