
sets
i        orders          /0*80/
k        routes          /1*80/
p        positions       /0*80/
;

alias(i,j)
alias(i,h)
alias(i,hh)
alias(i,jj)
alias(k,kk)
                
                    Parameters

rho(i)	Processing time
/
0	0
1	9
2	1
3	5
4	1
5	27
6	5
7	72
8	98
9	32
10	16
11	72
12	78
13	88
14	8
15	81
16	90
17	47
18	8
19	46
20	24
21	87
22	36
23	12
24	17
25	10
26	36
27	99
28	52
29	33
30	33
31	51
32	75
33	47
34	16
35	26
36	33
37	17
38	24
39	57
40	98
41	91
42	87
43	39
44	67
45	36
46	53
47	26
48	91
49	65
50	70
51	27
52	6
53	56
54	58
55	92
56	32
57	28
58	71
59	85
60	43
61	18
62	90
63	33
64	28
65	41
66	49
67	15
68	57
69	29
70	66
71	39
72	6
73	43
74	9
75	15
76	89
77	75
78	80
79	89
80	51
/

gamma(i)	Duedate
/
0	0
1	3
2	39
3	95
4	7
5	39
6	63
7	85
8	79
9	3
10	84
11	16
12	43
13	26
14	79
15	87
16	62
17	33
18	81
19	92
20	76
21	64
22	56
23	57
24	31
25	75
26	48
27	84
28	31
29	87
30	85
31	83
32	99
33	75
34	2
35	60
36	84
37	8
38	75
39	82
40	39
41	82
42	8
43	11
44	50
45	45
46	2
47	4
48	87
49	78
50	48
51	71
52	68
53	27
54	16
55	62
56	12
57	66
58	40
59	79
60	37
61	73
62	24
63	69
64	35
65	90
66	53
67	7
68	77
69	8
70	10
71	57
72	45
73	89
74	52
75	31
76	59
77	65
78	95
79	25
80	16
/

sigma(i)	Size
/
0	0
1	7
2	5
3	1
4	8
5	4
6	4
7	6
8	2
9	8
10	9
11	4
12	5
13	6
14	6
15	9
16	2
17	3
18	4
19	6
20	8
21	2
22	4
23	3
24	2
25	8
26	5
27	5
28	3
29	2
30	6
31	7
32	1
33	3
34	4
35	1
36	2
37	5
38	1
39	7
40	6
41	2
42	7
43	8
44	4
45	6
46	3
47	1
48	4
49	9
50	4
51	2
52	6
53	4
54	5
55	6
56	1
57	4
58	9
59	3
60	6
61	6
62	6
63	5
64	8
65	4
66	8
67	4
68	4
69	3
70	4
71	2
72	1
73	9
74	1
75	8
76	8
77	2
78	2
79	4
80	5
/

epsilon(i)	Priority
/
0	0
1	3
2	6
3	7
4	4
5	3
6	1
7	7
8	7
9	3
10	9
11	6
12	3
13	8
14	7
15	5
16	8
17	8
18	4
19	6
20	5
21	1
22	7
23	1
24	9
25	7
26	9
27	4
28	5
29	7
30	2
31	9
32	5
33	9
34	2
35	1
36	6
37	9
38	9
39	9
40	2
41	4
42	6
43	9
44	4
45	3
46	9
47	4
48	6
49	3
50	6
51	2
52	5
53	1
54	9
55	4
56	7
57	9
58	8
59	3
60	2
61	9
62	5
63	8
64	6
65	7
66	1
67	3
68	9
69	7
70	6
71	1
72	2
73	8
74	7
75	7
76	9
77	5
78	5
79	7
80	6
/

psi	Vehicle Capacity
/ 18 /
;

Table kappa(i,j)                 Setup
         0        1        2        3        4        5        6        7        8        9        10       11       12       13       14       15       16       17       18       19       20       21       22       23       24       25       26       27       28       29       30       31       32       33       34       35       36       37       38       39       40       41       42       43       44       45       46       47       48       49       50       51       52       53       54       55       56       57       58       59       60       61       62       63       64       65       66       67       68       69       70       71       72       73       74       75       76       77       78       79       80       
0        0        740      173      620      1096     1051     1913     1795     1699     278      648      892      497      603      1194     1003     615      1503     1980     871      1219     1167     770      473      1493     26       1719     1193     426      1728     2126     890      1281     2303     1327     1181     1818     1626     1769     1207     1874     193      1303     1458     1312     68       1609     873      1523     1371     1140     1519     716      1614     534      627      555      1095     1025     1936     884      811      576      1236     1508     419      781      342      947      135      1670     934      1264     1160     1286     950      1594     845      900      657      728      
1        740      0        892      451      1668     1646     2520     2213     1952     908      1384     596      1172     1110     1845     833      1229     1813     2502     388      1364     1218     1156     1201     2219     742      2188     859      627      2283     2696     402      1934     2832     2061     1629     1719     1629     1717     1912     2496     933      1245     1443     1992     764      2012     1294     2240     1149     814      2258     1355     2024     902      601      185      1793     1753     2510     1583     516      825      1819     1350     975      1489     676      1588     832      2309     1641     976      1651     1954     843      1852     1258     1625     1213     633      
2        173      892      0        701      1085     1031     1868     1822     1774     334      494      1064     467      477      1138     1165     614      1568     1970     974      1331     1297     850      380      1328     159      1731     1362     587      1709     2095     1063     1223     2285     1168     1216     1956     1752     1901     1114     1822     118      1445     1590     1235     200      1645     933      1415     1530     1309     1369     547      1647     471      793      710      1011     910      1905     803      885      548      1215     1658     299      610      495      775      205      1612     763      1430     1181     1218     1108     1671     910      791      511      894      
3        620      451      701      0        1706     1665     2532     2363     2189     882      1170     985      1118     732      1814     1199     1228     2018     2585     289      1634     1522     1296     1076     1945     606      2306     1278     784      2339     2742     833      1901     2911     1809     1751     2094     1967     2077     1813     2494     791      1593     1782     1927     677      2169     1422     2116     1548     1229     2031     1022     2176     504      874      390      1707     1611     2552     1496     191      401      1850     1736     646      1209     774      1242     752      2290     1352     1387     1747     1904     1186     2084     1389     1492     846      945      
4        1096     1668     1085     1706     0        75       852      782      947      823      932      1389     618      1487     303      1280     480      726      886      1924     894      1027     572      748      1407     1114     661      1531     1044     633      1038     1560     366      1207     1221     320      1568     1294     1465     565      833      968      1226     1230     496      1032     647      451      848      1479     1499     1234     1343     639      1551     1146     1507     476      678      849      469      1897     1633     151      1462     1349     1158     993      1449     960      664      1221     1510     217      429      1199     870      482      628      1458     1189     
5        1051     1646     1031     1665     75       0        876      855      1020     783      860      1394     564      1423     261      1296     437      798      938      1891     941      1065     582      685      1337     1068     729      1549     1026     679      1076     1556     336      1255     1150     387      1623     1351     1522     506      850      915      1265     1279     454      989      722      471      802      1512     1515     1169     1272     714      1494     1141     1481     409      605      886      394      1857     1579     185      1504     1288     1084     970      1375     915      668      1146     1534     287      390      1215     941      499      553      1391     1189     
6        1913     2520     1868     2532     852      876      0        778      1268     1654     1561     2215     1416     2192     730      2074     1309     1142     395      2765     1564     1739     1403     1493     1596     1928     623      2314     1896     319      273      2400     651      524      1471     981      2105     1841     1990     856      85       1759     1918     1851     685      1854     862      1269     795      2199     2289     1333     1969     839      2306     1990     2357     906      1111     160      1084     2724     2405     700      2123     2089     1727     1844     1989     1780     283      1721     2270     915      674      1997     1260     1304     1166     2133     2024     
7        1795     2213     1822     2363     782      855      778      0        513      1517     1715     1765     1368     2255     945      1568     1210     466      449      2535     971      1162     1071     1519     2085     1817     175      1772     1605     486      728      1984     932      719      1917     614      1374     1128     1258     1214     837      1704     1300     1183     1061     1727     201      941      1355     1586     1762     1862     2125     189      2294     1619     2086     1178     1408     638      1240     2548     2362     714      1464     2104     1938     1593     2228     1663     864      1993     1699     641      1003     1504     536      975      1389     2234     1615     
8        1699     1952     1774     2189     947      1020     1268     513      0        1442     1809     1426     1379     2244     1211     1199     1217     224      963      2311     595      771      929      1556     2353     1724     646      1364     1404     955      1242     1657     1234     1217     2168     642      861      624      745      1492     1316     1663     860      708      1376     1632     412      843      1713     1135     1365     2166     2185     434      2230     1353     1858     1418     1625     1141     1404     2359     2274     962      985      2072     2046     1423     2333     1584     1296     2135     1273     734      1309     1152     105      864      1567     2249     1321     
9        278      908      334      882      823      783      1654     1517     1442     0        604      876      263      810      948      919      346      1239     1706     1111     1002     984      516      334      1442     300      1441     1145     381      1457     1859     945      1038     2030     1259     904      1648     1432     1586     1004     1620     231      1146     1276     1085     211      1333     605      1334     1266     1095     1418     827      1337     791      582      729      884      862      1669     675      1073     847      967      1371     633      804      284      1034     146      1421     946      1192     882      1051     850      1338     579      732      834      676      
10       648      1384     494      1170     932      860      1561     1715     1809     604      0        1475     467      639      851      1521     609      1585     1749     1454     1505     1532     986      292      850      642      1586     1749     977      1476     1816     1518     917      2036     679      1177     2191     1950     2115     724      1500     461      1712     1816     880      638      1573     1004     975      1860     1699     875      418      1568     793      1184     1201     655      479      1633     495      1343     910      1017     1947     574      238      878      525      588      1283     354      1795     1103     886      1450     1714     998      395      572      1279     
11       892      596      1064     985      1389     1394     2215     1765     1426     876      1475     0        1096     1455     1638     242      1070     1324     2116     985      831      659      818      1210     2318     911      1777     310      498      1937     2345     232      1723     2441     2135     1247     1123     1038     1121     1788     2210     1034     654      854      1817     868      1565     948      2125     562      256      2286     1609     1582     1303     294      595      1663     1703     2172     1478     1098     1270     1535     757      1280     1654     597      1839     897      2054     1803     406      1301     1764     273      1333     913      1576     1531     211      
12       497      1172     467      1118     618      564      1416     1368     1379     263      467      1096     0        888      696      1097     163      1161     1502     1362     1037     1066     519      182      1246     512      1269     1340     620      1243     1634     1190     785      1820     1056     776      1723     1483     1647     741      1376     350      1251     1349     824      442      1199     548      1072     1416     1293     1191     807      1199     934      803      992      620      611      1444     412      1308     1015     749      1489     737      701      531      973      366      1172     821      1369     727      793      1021     1280     537      482      877      887      
13       603      1110     477      732      1487     1423     2192     2255     2244     810      639      1455     888      0        1469     1595     1049     2033     2351     1012     1807     1767     1324     739      1255     578      2148     1763     1025     2081     2441     1396     1543     2652     1147     1663     2421     2225     2371     1363     2135     582      1906     2059     1517     656      2088     1400     1602     1965     1710     1387     317      2088     231      1216     959      1289     1117     2255     1110     852      351      1600     2109     184      558      945      514      681      1918     672      1846     1615     1518     1547     2141     1380     1033     116      1315     
14       1194     1845     1138     1814     303      261      730      945      1211     948      851      1638     696      1469     0        1552     615      999      900      2058     1198     1326     835      762      1153     1207     788      1805     1241     627      971      1788     89       1185     976      616      1871     1597     1767     281      683      1031     1526     1534     193      1139     859      731      544      1773     1770     955      1268     846      1576     1374     1672     233      466      785      359      2004     1674     250      1764     1360     1044     1173     1326     1063     476      1072     1793     510      129      1470     1145     758      472      1418     1430     
15       1003     833      1165     1199     1280     1296     2074     1568     1199     919      1521     242      1097     1595     1552     0        1036     1114     1941     1221     610      428      716      1238     2342     1026     1595     254      578      1781     2183     471      1632     2261     2154     1093     896      797      885      1733     2077     1112     412      612      1739     965      1371     829      2065     371      219      2282     1711     1389     1467     378      811      1610     1683     2017     1443     1324     1449     1418     538      1414     1721     671      1933     976      1936     1865     273      1161     1681     81       1111     798      1560     1659     280      
16       615      1229     614      1228     480      437      1309     1210     1217     346      609      1070     163      1049     615      1036     0        998      1366     1456     901      950      389      339      1335     634      1117     1286     632      1113     1513     1194     705      1688     1142     614      1596     1347     1515     720      1277     496      1142     1223     770      552      1038     394      1057     1330     1243     1249     967      1039     1085     787      1057     595      646      1324     409      1419     1160     622      1383     894      847      559      1126     479      1082     957      1302     568      727      956      1119     389      526      1040     858      
17       1503     1813     1568     2018     726      798      1142     466      224      1239     1585     1324     1161     2033     999      1114     998      0        890      2158     509      699      734      1336     2134     1527     544      1309     1236     823      1161     1549     1029     1182     1948     417      964      698      849      1279     1179     1454     834      726      1171     1435     292      634      1514     1121     1302     1953     1965     315      2030     1211     1704     1200     1403     1033     1180     2194     2079     752      1006     1865     1823     1245     2110     1383     1130     1910     1234     511      1102     1056     146      659      1343     2035     1193     
18       1980     2502     1970     2585     886      938      395      449      963      1706     1749     2116     1502     2351     900      1941     1366     890      0        2790     1373     1560     1347     1619     1928     2000     351      2163     1876     273      279      2322     847      330      1784     878      1822     1573     1706     1110     475      1853     1717     1616     935      1916     598      1208     1138     2003     2147     1676     2167     576      2432     1930     2356     1121     1349     235      1254     2775     2518     755      1896     2224     1945     1844     2225     1845     598      1966     2101     851      899      1871     980      1245     1373     2309     1945     
19       871      388      974      289      1924     1891     2765     2535     2311     1111     1454     985      1362     1012     2058     1221     1456     2158     2790     0        1732     1595     1465     1340     2234     862      2494     1242     930      2554     2963     785      2147     3119     2098     1934     2107     2015     2105     2077     2732     1054     1632     1829     2182     920      2337     1598     2387     1535     1199     2318     1309     2347     782      959      454      1967     1884     2774     1755     188      669      2072     1738     935      1498     947      1525     996      2532     1641     1361     1941     2155     1227     2209     1563     1763     1128     1006     
20       1219     1364     1331     1634     894      941      1564     971      595      1002     1505     831      1037     1807     1198     610      901      509      1373     1732     0        190      518      1217     2211     1245     1021     801      859      1252     1631     1061     1259     1680     2017     611      700      446      614      1443     1583     1234     354      339      1391     1157     782      523      1742     636      792      2083     1818     802      1750     773      1283     1334     1482     1481     1232     1795     1774     996      574      1626     1739     901      2004     1126     1481     1857     730      708      1324     557      502      518      1385     1836     731      
21       1167     1218     1297     1522     1027     1065     1739     1162     771      984      1532     659      1066     1767     1326     428      950      699      1560     1595     190      0        562      1240     2282     1193     1209     610      772      1431     1816     891      1394     1870     2088     770      664      460      603      1555     1755     1212     200      292      1520     1111     972      611      1867     461      602      2173     1811     992      1688     648      1154     1440     1567     1662     1316     1672     1699     1143     443      1584     1759     832      2011     1092     1642     1887     541      859      1455     386      684      595      1460     1808     589      
22       770      1156     850      1296     572      582      1403     1071     929      516      986      818      519      1324     835      716      389      734      1347     1465     518      562      0        699      1720     795      1033     970      536      1139     1553     996      916      1677     1526     473      1208     963      1129     1026     1394     742      756      834      1023     703      874      139      1354     964      934      1618     1306     883      1301     588      1018     905      1011     1372     761      1478     1346     717      999      1149     1220     523      1487     655      1236     1339     963      500      964      634      825      102      900      1341     620      
23       473      1201     380      1076     748      685      1493     1519     1556     334      292      1210     182      739      762      1238     339      1336     1619     1340     1217     1240     699      0        1109     479      1409     1472     715      1352     1727     1276     845      1927     925      942      1900     1662     1826     738      1445     286      1420     1525     854      437      1359     729      1049     1571     1423     1085     629      1357     817      915      1016     631      553      1538     422      1263     912      864      1655     605      521      618      791      368      1233     647      1512     884      837      1165     1458     719      426      714      1007     
24       1493     2219     1328     1945     1407     1337     1596     2085     2353     1442     850      2318     1246     1255     1153     2342     1335     2134     1928     2234     2211     2282     1720     1109     0        1484     1919     2580     1821     1681     1866     2368     1153     2120     193      1724     2912     2649     2821     874      1512     1311     2476     2545     1025     1487     2012     1687     801      2660     2532     272      939      1998     1477     2024     2038     934      737      1730     981      2093     1601     1401     2718     1299     737      1723     768      1439     1334     593      2615     1624     1082     2267     2278     1695     825      1142     2116     
25       26       742      159      606      1114     1068     1928     1817     1724     300      642      911      512      578      1207     1026     634      1527     2000     862      1245     1193     795      479      1484     0        1740     1213     449      1747     2144     904      1294     2322     1321     1204     1843     1652     1794     1215     1889     195      1328     1483     1322     92       1632     897      1528     1394     1160     1515     697      1637     508      649      558      1105     1029     1953     893      797      552      1254     1532     394      769      366      928      155      1683     922      1286     1182     1298     973      1620     869      905      634      750      
26       1719     2188     1731     2306     661      729      623      175      646      1441     1586     1777     1269     2148     788      1595     1117     544      351      2494     1021     1209     1033     1409     1919     1740     0        1814     1569     317      617      1988     769      665      1753     560      1494     1236     1378     1051     675      1613     1366     1269     894      1653     252      896      1181     1652     1799     1692     2001     229      2202     1604     2051     1022     1255     496      1101     2493     2277     571      1549     2005     1803     1546     2092     1585     690      1850     1751     559      837      1526     646      932      1245     2120     1612     
27       1193     859      1362     1278     1531     1549     2314     1772     1364     1145     1749     310      1340     1763     1805     254      1286     1309     2163     1242     801      610      970      1472     2580     1213     1814     0        781      2016     2412     457      1885     2477     2394     1332     888      868      910      1987     2320     1323     511      699      1993     1164     1581     1080     2320     305      53       2528     1909     1600     1612     571      891      1863     1932     2251     1694     1374     1578     1667     518      1588     1940     879      2137     1185     2184     2087     122      1405     1934     335      1285     1050     1808     1838     472      
28       426      627      587      784      1044     1026     1896     1605     1404     381      977      498      620      1025     1241     578      632      1236     1876     930      859      772      536      715      1821     449      1569     781      0        1655     2069     570      1330     2207     1640     1008     1405     1231     1364     1346     1875     541      888      1055     1402     387      1406     672      1682     945      729      1798     1133     1416     920      209      482      1222     1231     1883     1023     957      926      1195     1084     842      1159     99       1358     403      1694     1307     843      1025     1358     524      1300     636      1101     1084     309      
29       1728     2283     1709     2339     633      679      319      486      955      1457     1476     1937     1243     2081     627      1781     1113     823      273      2554     1252     1431     1139     1352     1681     1747     317      2016     1655     0        413      2131     576      576      1530     690      1786     1521     1671     844      361      1594     1605     1533     672      1666     546      1001     908      1888     1994     1438     1894     522      2167     1728     2129     849      1079     235      981      2530     2256     493      1807     1958     1672     1615     1952     1593     385      1694     1966     639      630      1706     942      1038     1099     2037     1753     
30       2126     2696     2095     2742     1038     1076     273      728      1242     1859     1816     2345     1634     2441     971      2183     1513     1161     279      2963     1631     1816     1553     1727     1866     2144     617      2412     2069     413      0        2543     899      254      1744     1098     2101     1850     1985     1122     354      1982     1979     1887     949      2065     869      1414     1066     2266     2393     1602     2228     846      2544     2141     2541     1164     1376     190      1330     2933     2638     891      2166     2329     1990     2026     2256     1991     553      1989     2356     1052     931      2109     1257     1451     1424     2386     2165     
31       890      402      1063     833      1560     1556     2400     1984     1657     945      1518     232      1190     1396     1788     471      1194     1549     2322     785      1061     891      996      1276     2368     904      1988     457      570      2131     2543     0        1876     2649     2193     1447     1329     1263     1336     1913     2390     1059     880      1080     1959     884      1783     1132     2250     752      414      2362     1590     1799     1218     415      459      1788     1801     2366     1592     918      1165     1709     958      1234     1671     661      1825     929      2223     1824     576      1492     1910     506      1563     1096     1671     1485     378      
32       1281     1934     1223     1901     366      336      651      932      1234     1038     917      1723     785      1543     89       1632     705      1029     847      2147     1259     1394     916      845      1153     1294     769      1885     1330     576      899      1876     0        1120     984      664      1923     1648     1817     282      600      1117     1593     1593     142      1227     865      807      491      1845     1850     940      1331     850      1655     1461     1762     274      503      716      433      2091     1755     278      1829     1438     1101     1262     1378     1151     389      1118     1870     559      74       1550     1174     836      529      1487     1516     
33       2303     2832     2285     2911     1207     1255     524      719      1217     2030     2036     2441     1820     2652     1185     2261     1688     1182     330      3119     1680     1870     1677     1927     2120     2322     665      2477     2207     576      254      2649     1120     0        1995     1207     2075     1840     1960     1360     608      2170     2016     1902     1185     2240     898      1538     1319     2303     2463     1856     2452     877      2743     2259     2686     1391     1610     408      1544     3101     2833     1070     2183     2532     2220     2174     2491     2168     798      2226     2410     1181     1160     2192     1253     1575     1649     2603     2273     
34       1327     2061     1168     1809     1221     1150     1471     1917     2168     1259     679      2135     1056     1147     976      2154     1142     1948     1784     2098     2017     2088     1526     925      193      1321     1753     2394     1640     1530     1744     2193     984      1995     0        1536     2718     2456     2627     702      1390     1141     2283     2351     863      1317     1835     1494     685      2469     2346     246      831      1822     1361     1841     1878     752      546      1597     788      1966     1485     1223     2525     1169     602      1542     700      1265     1200     475      2426     1437     916      2078     2092     1502     632      1039     1932     
35       1181     1629     1216     1751     320      387      981      614      642      904      1177     1247     776      1663     616      1093     614      417      878      1934     611      770      473      942      1724     1204     560      1332     1008     690      1098     1447     664      1207     1536     0        1259     983      1153     886      989      1099     960      936      802      1113     429      335      1154     1232     1308     1555     1568     432      1687     1052     1490     796      990      926      763      1937     1751     390      1185     1505     1412     987      1702     1051     872      1494     1291     105      733      1017     558      371      925      1653     1069     
36       1818     1719     1956     2094     1568     1623     2105     1374     861      1648     2191     1123     1723     2421     1871     896      1596     964      1822     2107     700      664      1208     1900     2912     1843     1494     888      1405     1786     2101     1329     1923     2075     2718     1259     0        275      116      2129     2144     1874     516      374      2060     1765     1245     1224     2413     582      922      2780     2475     1268     2325     1242     1707     2026     2182     1990     1932     2219     2323     1648     371      2237     2421     1477     2675     1751     2086     2545     766      1363     1992     911      847      1218     2086     2467     1156     
37       1626     1629     1752     1967     1294     1351     1841     1128     624      1432     1950     1038     1483     2225     1597     797      1347     698      1573     2015     446      460      963      1662     2649     1652     1236     868      1231     1521     1850     1263     1648     1840     2456     983      275      0        172      1857     1876     1662     384      185      1786     1569     985      965      2138     582      887      2511     2255     1008     2148     1094     1589     1755     1917     1730     1668     2108     2158     1372     390      2041     2184     1292     2446     1546     1813     2303     754      1088     1717     788      593      962      1824     2262     1022     
38       1769     1717     1901     2077     1465     1522     1990     1258     745      1586     2115     1121     1647     2371     1767     885      1515     849      1706     2105     614      603      1129     1826     2821     1794     1378     910      1364     1671     1985     1336     1817     1960     2627     1153     116      172      0        2028     2029     1815     484      311      1955     1714     1129     1135     2308     607      939      2683     2412     1152     2284     1212     1693     1927     2088     1874     1840     2209     2288     1541     395      2187     2347     1431     2607     1695     1973     2469     790      1258     1887     891      731      1132     1995     2412     1133     
39       1207     1912     1114     1813     565      506      856      1214     1492     1004     724      1788     741      1363     281      1733     720      1279     1110     2077     1443     1555     1026     738      874      1215     1051     1987     1346     844      1122     1913     282      1360     702      886      2129     1857     2028     0        788      1024     1756     1782     175      1163     1139     945      337      1987     1947     674      1119     1125     1505     1507     1731     125      255      951      329      1999     1615     532      1997     1284     872      1265     1134     1090     573      867      1989     781      215      1652     1425     966      333      1293     1577     
40       1874     2496     1822     2494     833      850      85       837      1316     1620     1500     2210     1376     2135     683      2077     1277     1179     475      2732     1583     1755     1394     1445     1512     1889     675      2320     1875     361      354      2390     600      608      1390     989      2144     1876     2029     788      0        1715     1937     1879     620      1817     907      1262     711      2216     2294     1248     1904     883      2255     1977     2330     845      1043     242      1030     2685     2356     681      2148     2036     1660     1820     1919     1742     216      1649     2280     915      616      1998     1302     1297     1105     2072     2015     
41       193      933      118      791      968      915      1759     1704     1663     231      461      1034     350      582      1031     1112     496      1454     1853     1054     1234     1212     742      286      1311     195      1613     1323     541      1594     1982     1059     1117     2170     1141     1099     1874     1662     1815     1024     1715     0        1368     1504     1137     176      1527     820      1334     1471     1271     1328     605      1530     589      751      748      916      833      1792     705      979      665      1100     1588     410      619      443      822      137      1506     770      1382     1062     1115     1050     1560     798      710      602      850      
42       1303     1245     1445     1593     1226     1265     1918     1300     860      1146     1712     654      1251     1906     1526     412      1142     834      1717     1632     354      200      756      1420     2476     1328     1366     511      888      1605     1979     880      1593     2016     2283     960      516      384      484      1756     1937     1368     0        200      1720     1252     1120     811      2067     287      520      2372     1973     1141     1808     729      1211     1641     1765     1833     1514     1729     1808     1338     243      1722     1935     962      2179     1242     1832     2067     413      1053     1654     408      788      794      1657     1955     649      
43       1458     1443     1590     1782     1230     1279     1851     1183     708      1276     1816     854      1349     2059     1534     612      1223     726      1616     1829     339      292      834      1525     2545     1483     1269     699      1055     1533     1887     1080     1593     1902     2351     936      374      185      311      1782     1879     1504     200      0        1726     1402     1018     858      2078     433      714      2421     2103     1041     1974     912      1404     1673     1819     1753     1568     1922     1981     1325     281      1875     2046     1120     2301     1384     1794     2170     591      1036     1659     603      651      849      1719     2101     838      
44       1312     1992     1235     1927     496      454      685      1061     1376     1085     880      1817     824      1517     193      1739     770      1171     935      2182     1391     1520     1023     854      1025     1322     894      1993     1402     672      949      1959     142      1185     863      802      2060     1786     1955     175      620      1137     1720     1726     0        1262     1004     923      352      1966     1956     803      1284     988      1647     1546     1815     229      426      776      432      2116     1753     420      1957     1427     1041     1328     1307     1187     404      1041     1984     697      69       1657     1317     949      485      1452     1607     
45       68       764      200      677      1032     989      1854     1727     1632     211      638      868      442      656      1139     965      552      1435     1916     920      1157     1111     703      437      1487     92       1653     1164     387      1666     2065     884      1227     2240     1317     1113     1765     1569     1714     1163     1817     176      1252     1402     1262     0        1541     805      1483     1331     1111     1501     746      1546     599      594      580      1049     990      1875     837      869      644      1174     1461     473      790      296      973      75       1614     942      1230     1093     1234     908      1528     777      863      704      694      
46       1609     2012     1645     2169     647      722      862      201      412      1333     1573     1565     1199     2088     859      1371     1038     292      598      2337     782      972      874      1359     2012     1632     252      1581     1406     546      869      1783     865      898      1835     429      1245     985      1129     1139     907      1527     1120     1018     1004     1541     0        746      1326     1407     1569     1806     1976     23       2116     1417     1887     1084     1307     745      1116     2352     2180     612      1298     1932     1802     1397     2093     1479     885      1868     1512     474      939      1306     398      779      1272     2073     1414     
47       873      1294     933      1422     451      471      1269     941      843      605      1004     948      548      1400     731      829      394      634      1208     1598     523      611      139      729      1687     897      896      1080     672      1001     1414     1132     807      1538     1494     335      1224     965      1135     945      1262     820      811      858      923      805      746      0        1263     1044     1048     1566     1354     754      1396     727      1154     829      961      1234     710      1606     1449     590      1054     1230     1242     653      1519     749      1110     1350     1062     362      861      748      741      36       861      1407     755      
48       1523     2240     1415     2116     848      802      795      1355     1713     1334     975      2125     1072     1602     544      2065     1057     1514     1138     2387     1742     1867     1354     1049     801      1528     1181     2320     1682     908      1066     2250     491      1319     685      1154     2413     2138     2308     337      711      1334     2067     2078     352      1483     1326     1263     0        2308     2280     540      1324     1308     1769     1844     2057     462      505      931      661      2298     1885     769      2306     1550     1065     1599     1284     1411     539      1014     2317     1050     421      1984     1659     1287     624      1517     1913     
49       1371     1149     1530     1548     1479     1512     2199     1586     1135     1266     1860     562      1416     1965     1773     371      1330     1121     2003     1535     636      461      964      1571     2660     1394     1652     305      945      1888     2266     752      1845     2303     2469     1232     582      582      607      1987     2216     1471     287      433      1966     1331     1407     1044     2308     0        340      2578     2074     1428     1837     749      1157     1868     1971     2118     1724     1658     1817     1600     213      1784     2070     1035     2293     1336     2103     2210     183      1319     1903     422      1069     1021     1855     2029     651      
