
sets
i        orders          /0*80/
k        routes          /1*80/
p        positions       /0*80/
;

alias(i,j)
alias(i,h)
alias(i,hh)
alias(i,jj)
alias(k,kk)
                
                    Parameters

rho(i)	Processing time
/
0	0
1	97
2	32
3	44
4	15
5	42
6	97
7	86
8	23
9	40
10	55
11	72
12	63
13	35
14	43
15	22
16	4
17	22
18	16
19	45
20	95
21	44
22	35
23	88
24	56
25	89
26	7
27	16
28	22
29	63
30	87
31	33
32	18
33	76
34	82
35	49
36	61
37	60
38	85
39	23
40	49
41	63
42	88
43	4
44	5
45	62
46	57
47	6
48	30
49	42
50	96
51	96
52	89
53	15
54	45
55	26
56	54
57	83
58	39
59	56
60	86
61	91
62	79
63	78
64	93
65	17
66	90
67	86
68	39
69	63
70	34
71	77
72	13
73	23
74	42
75	93
76	55
77	25
78	9
79	75
80	1
/

gamma(i)	Duedate
/
0	0
1	32
2	34
3	3
4	59
5	90
6	70
7	1
8	43
9	36
10	24
11	94
12	10
13	98
14	14
15	62
16	26
17	58
18	35
19	28
20	64
21	5
22	17
23	46
24	59
25	40
26	38
27	31
28	34
29	72
30	77
31	33
32	51
33	55
34	23
35	96
36	15
37	30
38	36
39	11
40	86
41	97
42	96
43	58
44	57
45	44
46	7
47	27
48	25
49	10
50	1
51	71
52	71
53	66
54	61
55	24
56	85
57	77
58	58
59	31
60	18
61	92
62	99
63	95
64	71
65	38
66	86
67	51
68	89
69	4
70	67
71	60
72	74
73	69
74	70
75	75
76	78
77	97
78	71
79	2
80	92
/

sigma(i)	Size
/
0	0
1	2
2	6
3	2
4	4
5	7
6	4
7	9
8	9
9	1
10	2
11	5
12	4
13	5
14	6
15	1
16	2
17	9
18	8
19	7
20	9
21	8
22	2
23	3
24	2
25	7
26	9
27	6
28	3
29	7
30	7
31	2
32	6
33	9
34	9
35	6
36	5
37	1
38	1
39	1
40	4
41	8
42	7
43	7
44	5
45	9
46	8
47	1
48	3
49	1
50	6
51	9
52	3
53	2
54	7
55	6
56	1
57	3
58	4
59	4
60	5
61	9
62	7
63	3
64	8
65	7
66	2
67	1
68	3
69	3
70	9
71	1
72	9
73	4
74	5
75	5
76	5
77	7
78	2
79	3
80	4
/

epsilon(i)	Priority
/
0	0
1	5
2	5
3	8
4	9
5	8
6	1
7	2
8	7
9	9
10	1
11	4
12	6
13	1
14	8
15	3
16	7
17	5
18	1
19	9
20	4
21	9
22	8
23	1
24	1
25	9
26	2
27	9
28	7
29	6
30	9
31	4
32	9
33	3
34	5
35	4
36	4
37	8
38	3
39	8
40	1
41	5
42	2
43	6
44	2
45	4
46	5
47	5
48	8
49	3
50	6
51	2
52	2
53	2
54	9
55	2
56	6
57	5
58	9
59	7
60	3
61	8
62	9
63	6
64	2
65	7
66	9
67	1
68	1
69	3
70	8
71	2
72	3
73	4
74	8
75	8
76	4
77	8
78	8
79	8
80	8
/

psi	Vehicle Capacity
/ 12 /
;

Table kappa(i,j)                 Setup
         0        1        2        3        4        5        6        7        8        9        10       11       12       13       14       15       16       17       18       19       20       21       22       23       24       25       26       27       28       29       30       31       32       33       34       35       36       37       38       39       40       41       42       43       44       45       46       47       48       49       50       51       52       53       54       55       56       57       58       59       60       61       62       63       64       65       66       67       68       69       70       71       72       73       74       75       76       77       78       79       80       
0        0        453      1232     708      770      664      504      433      833      481      1455     1160     1088     481      1096     1262     1737     338      776      1544     829      1004     1692     1111     1981     1450     193      1322     1146     737      1308     1022     822      1900     1083     1302     981      758      1309     272      606      1759     640      1511     1833     893      1263     1069     588      1726     554      1621     860      663      545      1569     153      1108     851      1802     841      1569     1028     526      1932     1594     936      884      711      1039     1509     1427     458      1047     1234     892      1370     674      1362     1052     1343     
1        453      0        815      804      818      653      735      874      391      588      1620     1546     1154     298      859      877      1300     761      1169     1470     685      1260     1439     676      1876     1098     261      1056     720      891      1190     1008     1150     1506     1084     872      608      316      1514     549      913      1669     1048     1574     1495     544      1234     1430     802      1773     856      1409     756      750      346      1115     494      1305     398      1366     523      1506     961      780      1676     1667     1345     806      1157     1418     1579     1564     800      1114     1227     645      1184     994      1544     1330     987      
2        1232     815      0        1553     1090     953      1263     1597     433      1371     2349     2361     1845     1039     1276     942      942      1563     1983     1986     1284     2051     1677     642      2308     1180     1046     1358     704      1659     1693     1652     1962     1338     1157     99       292      504      2273     1364     1725     2141     1858     2226     1519     390      1832     2244     1284     2395     1668     1731     840      1503     747      546      1304     2067     528      999      968      2032     979      1587     1870     2320     2156     1434     1942     2234     2236     2277     1615     1809     1847     570      1592     1807     2288     2127     1096     
3        708      804      1553     0        1464     1335     1211     975      1125     237      816      992      381      522      678      1079     1654     634      724      864      400      524      1183     1114     1306     1152     731      889      1108     121      681      342      556      1644     1772     1584     1399     1063     720      443      395      1081     691      807      1452     1345     571      834      1296     1020     373      1065     1500     54       1109     1666     559      513      1033     1708     683      883      1691     286      1407     894      897      318      932      868      807      762      449      339      534      1442     812      450      742      611      1075     
4        770      818      1090     1464     0        171      349      823      925      1228     2225     1807     1845     1074     1677     1642     1930     1030     1444     2251     1478     1762     2256     1375     2674     1882     744      1873     1436     1505     1986     1750     1553     2232     313      1188     805      886      2075     1042     1361     2459     1303     2272     2280     715      1989     1757     301      2484     1313     2227     269      1415     498      1606     923      1877     1059     1995     1340     2283     304      1296     2492     2358     1560     1576     1244     1705     2271     2198     1207     1803     1969     522      1997     1419     2131     1801     1772     
5        664      653      953      1335     171      0        355      805      758      1098     2115     1762     1715     919      1512     1471     1767     958      1388     2101     1323     1668     2088     1205     2519     1711     605      1706     1266     1385     1831     1607     1474     2062     441      1049     663      717      1973     929      1269     2306     1247     2142     2109     568      1845     1698     346      2352     1217     2062     217      1284     327      1455     813      1771     889      1833     1172     2134     363      1189     2323     2230     1519     1426     1220     1653     2143     2081     1118     1672     1828     402      1836     1333     2024     1714     1601     
6        504      735      1263     1211     349      355      0        473      984      985      1927     1459     1590     917      1547     1612     1992     703      1101     2045     1306     1448     2142     1388     2479     1832     558      1762     1440     1232     1800     1525     1224     2236     645      1355     972      924      1768     770      1048     2258     962      2009     2229     873      1766     1415     84       2225     1005     2089     564      1167     534      1726     652      1578     1078     2058     1242     2071     653      1004     2383     2091     1211     1377     894      1360     2006     1910     895      1549     1738     745      1844     1099     1830     1479     1722     
7        433      874      1597     975      823      805      473      0        1232     800      1563     991      1320     904      1493     1694     2169     347      650      1840     1207     1061     2079     1542     2281     1875     615      1722     1579     951      1641     1317     811      2332     1112     1676     1321     1159     1388     567      690      2057     519      1709     2251     1224     1546     961      532      1925     664      1991     1022     945      855      1981     493      1219     1271     2234     1267     1857     1126     706      2317     1779     742      1227     420      899      1702     1566     555      1282     1505     1154     1735     716      1461     1073     1770     
8        833      391      433      1125     925      758      984      1232     0        938      1930     1934     1433     607      943      748      1014     1151     1560     1637     888      1618     1441     456      1998     998      640      1079     521      1228     1343     1251     1530     1308     1106     482      310      75       1845     936      1293     1812     1439     1830     1387     308      1450     1814     1028     2011     1236     1458     748      1073     454      754      885      1638     162      1080     600      1679     944      1154     1661     1924     1736     1035     1543     1806     1838     1861     1188     1395     1458     518      1276     1375     1864     1694     894      
9        481      588      1371     237      1228     1098     985      800      938      0        1040     1051     617      334      721      1037     1592     485      719      1065     424      680      1288     1007     1505     1160     494      949      1014     304      845      541      619      1646     1535     1412     1193     871      927      235      394      1281     642      1044     1502     1132     781      910      1070     1256     345      1193     1264     186      876      1546     339      717      868      1651     603      1089     1454     244      1523     1131     903      427      850      922      1044     994      359      575      753      1215     936      473      960      756      1068     
10       1455     1620     2349     816      2225     2115     1927     1563     1930     1040     0        927      515      1335     1230     1704     2269     1237     987      807      1083     507      1438     1837     1100     1672     1524     1342     1812     737      913      731      769      2121     2538     2370     2212     1872     190      1186     883      934      1075     357      1826     2160     666      796      2009     489      922      1271     2295     870      1916     2382     1302     349      1822     2310     1411     778      2477     929      1578     348      1043     934      1301     885      335      108      1034     546      614      2256     1117     847      103      521      1638     
11       1160     1546     2361     992      1807     1762     1459     991      1934     1051     927      0        1060     1371     1665     2065     2634     823      384      1594     1391     554      2106     2058     1974     2143     1326     1864     2064     875      1552     1218     438      2634     2103     2417     2132     1860     745      997      657      1775     521      1237     2423     2049     1336     165      1523     1410     711      1961     1976     1016     1705     2594     1061     728      1897     2691     1647     1584     2106     808      2303     1261     249      1299     584      129      1219     995      746      1050     1275     2049     1733     577      836      475      2067     
12       1088     1154     1845     381      1845     1715     1590     1320     1433     617      515      1060     0        858      728      1198     1770     972      919      559      569      506      1054     1321     986      1191     1109     871      1296     369      496      219      696      1662     2152     1861     1726     1380     500      820      655      766      940      427      1402     1682     278      896      1675     638      664      902      1874     431      1476     1866     937      359      1317     1814     897      563      2068     614      1243     516      1055     419      1192     961      428      433      767      42       219      1799     689      670      478      590      1144     
13       481      298      1039     522      1074     919      917      904      607      334      1335     1371     858      0        629      796      1313     679      1017     1183     404      1012     1226     701      1600     971      359      849      719      621      912      709      947      1431     1359     1077     878      543      1241     408      714      1387     917      1276     1352     826      938      1236     996      1474     660      1172     1045     469      636      1224     422      1033     534      1375     363      1217     1248     566      1467     1369     1201     512      1083     1241     1281     1274     638      818      930      943      931      796      1264     1090     866      
14       1096     859      1276     678      1677     1512     1547     1493     943      721      1230     1665     728      629      0        475      1041     1203     1397     710      298      1155     597      661      1055     479      989      230      619      791      419      509      1234     969      1939     1264     1253     921      1228     933      1062     871      1346     1009     783      1246     598      1504     1624     1147     1029     550      1599     664      1198     1173     1001     1064     788      1086     353      756      1807     928      837      1099     1574     366      1569     1544     1024     1133     1073     709      633      1430     335      1126     1205     1246     418      
15       1262     877      942      1079     1642     1471     1612     1694     748      1037     1704     2065     1198     796      475      0        578      1470     1755     1133     681      1591     735      309      1392     251      1100     447      242      1199     863      979      1626     637      1850     902      1018     766      1694     1193     1424     1250     1677     1478     640      1047     1069     1911     1676     1602     1379     799      1493     1049     1145     715      1219     1521     593      630      440      1181     1692     1276     933      1566     1938     804      1868     1939     1494     1608     1393     1175     1107     1266     708      1497     1676     1681     154      
16       1737     1300     942      1654     1930     1767     1992     2169     1014     1592     2269     2634     1770     1313     1041     578      0        1990     2311     1627     1259     2169     1071     626      1789     618      1554     946      595      1775     1390     1551     2196     442      2065     855      1159     1069     2269     1720     1985     1698     2223     2019     742      1231     1617     2483     2040     2118     1938     1200     1720     1622     1468     429      1725     2099     916      66       989      1675     1890     1835     1174     2102     2496     1382     2395     2507     2036     2170     1940     1749     1661     1454     1205     2062     2246     2259     631      
17       338      761      1563     634      1030     958      703      347      1151     485      1237     823      972      679      1203     1470     1990     0        440      1496     907      746      1773     1371     1937     1622     517      1432     1395     604      1309     976      522      2098     1340     1628     1318     1076     1070     277      354      1713     303      1364     1979     1231     1201     742      782      1581     321      1674     1167     608      882      1865     271      889      1146     2053     1030     1512     1315     359      2007     1436     598      905      405      706      1357     1231     209      935      1159     1226     1417     396      1137     775      1523     
18       776      1169     1983     724      1444     1388     1101     650      1560     719      987      384      919      1017     1397     1755     2311     440      0        1478     1105     489      1900     1715     1898     1862     944      1613     1728     626      1370     1019     231      2352     1746     2042     1749     1485     799      625      335      1682     141      1215     2176     1665     1192     314      1170     1419     375      1772     1600     732      1321     2240     680      679      1532     2370     1322     1480     1738     479      2117     1266     184      1043     314      266      1202     1018     379      894      1136     1666     1525     274      884      467      1776     
19       1544     1470     1986     864      2251     2101     2045     1840     1637     1065     807      1594     559      1183     710      1133     1627     1496     1478     0        784      1044     654      1367     441      1009     1511     692      1319     901      294      525      1254     1388     2542     1975     1947     1605     912      1297     1206     216      1496     462      1060     1929     295      1433     2129     496      1207     485      2226     898      1815     1848     1405     865      1488     1654     1037     48       2431     1140     772      520      1611     675      1749     1505     485      699      1301     586      344      2093     427      1227     843      1118     1017     
20       829      685      1284     400      1478     1323     1306     1207     888      424      1083     1391     569      404      298      681      1259     907      1105     784      0        909      871      756      1195     756      752      525      737      519      507      367      954      1248     1762     1296     1193     844      1040     642      770      984      1050     943      1081     1163     563      1234     1387     1122     734      792      1441     377      1031     1306     719      853      758      1312     327      821      1647     632      1110     1037     1285     151      1270     1267     952      1001     775      537      569      1314     540      837      1037     1000     676      
21       1004     1260     2051     524      1762     1668     1448     1061     1618     680      507      554      506      1012     1155     1591     2169     746      489      1044     909      0        1557     1639     1441     1635     1110     1337     1632     405      1001     677      264      2121     2075     2090     1869     1551     327      752      401      1234     568      731      1888     1802     782      390      1527     931      450      1408     1863     566      1512     2190     860      193      1542     2221     1207     1038     2031     490      1750     777      580      792      800      461      716      528      554      498      721      1862     1186     350      403      91       1570     
22       1692     1439     1677     1183     2256     2088     2142     2079     1441     1288     1438     2106     1054     1226     597      735      1071     1773     1900     654      871      1557     0        1039     719      510      1585     382      974      1274     557      890      1705     756      2503     1636     1733     1439     1512     1513     1578     653      1875     1111     410      1749     796      1941     2218     1141     1556     169      2153     1188     1765     1385     1590     1411     1279     1083     915      695      2359     1463     240      1174     2063     873      2113     1998     1133     1330     1620     1058     857      1955     375      1627     1456     1643     581      
23       1111     676      642      1114     1375     1205     1388     1542     456      1007     1837     2058     1321     701      661      309      626      1371     1715     1367     756      1639     1039     0        1668     558      928      717      67       1233     1080     1108     1624     857      1563     614      710      488      1796     1107     1401     1509     1618     1658     935      745      1250     1915     1444     1806     1349     1088     1205     1073     886      552      1103     1604     317      692      434      1414     1399     1250     1242     1750     1900     902      1777     1929     1671     1750     1338     1291     1276     967      958      1480     1793     1725     463      
24       1981     1876     2308     1306     2674     2519     2479     2281     1998     1505     1100     1974     986      1600     1055     1392     1789     1937     1898     441      1195     1441     719      1668     0        1205     1938     951      1611     1339     688      966      1669     1459     2957     2282     2307     1976     1249     1738     1640     224      1926     749      1101     2301     736      1820     2563     641      1644     599      2631     1339     2222     2084     1844     1251     1841     1802     1404     425      2838     1580     690      755      2018     1103     2178     1898     769      1005     1740     1017     780      2480     722      1656     1165     1505     1250     
25       1450     1098     1180     1152     1882     1711     1832     1875     998      1160     1672     2143     1191     971      479      251      618      1622     1862     1009     756      1635     510      558      1205     0        1302     332      491      1267     776      977      1709     491      2098     1132     1268     1013     1691     1344     1526     1091     1800     1405     398      1298     1010     1983     1900     1499     1488     605      1741     1133     1384     879      1387     1537     842      649      609      1057     1941     1385     690      1487     2041     845      2008     2021     1424     1570     1519     1176     1058     1516     587      1594     1659     1726     111      
26       193      261      1046     731      744      605      558      615      640      494      1524     1326     1109     359      989      1100     1554     517      944      1511     752      1110     1585     928      1938     1302     0        1207     967      788      1253     1006     959      1736     1045     1112     805      565      1395     359      729      1721     814      1536     1692     722      1245     1224     637      1746     672      1531     772      679      402      1376     267      1188     659      1620     698      1541     960      619      1826     1625     1112     836      903      1202     1537     1484     595      1067     1225     753      1287     805      1439     1169     1193     
27       1322     1056     1358     889      1873     1706     1762     1722     1079     949      1342     1864     871      849      230      447      946      1432     1613     692      525      1337     382      717      951      332      1207     0        659      996      444      665      1439     790      2124     1330     1380     1071     1368     1163     1280     802      1568     1073     563      1387     678      1701     1838     1174     1250     378      1776     881      1384     1159     1230     1225     918      980      533      740      1983     1150     621      1156     1786     570      1795     1747     1091     1239     1298     861      727      1586     264      1340     1332     1428     325      
28       1146     720      704      1108     1436     1266     1440     1579     521      1014     1812     2064     1296     719      619      242      595      1395     1728     1319     737      1632     974      67       1611     491      967      659      0        1228     1035     1081     1628     799      1628     671      777      550      1778     1127     1409     1456     1634     1622     868      812      1213     1919     1498     1766     1359     1027     1270     1069     945      569      1130     1590     377      658      425      1366     1465     1258     1175     1714     1912     881      1801     1935     1636     1723     1353     1268     1242     1033     906      1487     1771     1720     396      
29       737      891      1659     121      1505     1385     1232     951      1228     304      737      875      369      621      791      1199     1775     604      626      901      519      405      1274     1233     1339     1267     788      996      1228     0        751      400      443      1759     1816     1693     1494     1164     623      464      312      1115     611      778      1558     1434     605      716      1316     994      306      1147     1560     161      1179     1785     583      414      1143     1829     803      913      1745     244      1492     858      793      426      859      753      774      696      401      331      558      1520     899      353      656      491      1193     
30       1308     1190     1693     681      1986     1831     1800     1641     1343     845      913      1552     496      912      419      863      1390     1309     1370     294      507      1001     557      1080     688      776      1253     444      1035     751      0        351      1163     1208     2269     1684     1653     1312     964      1080     1063     478      1362     629      919      1637     248      1387     1883     738      1050     408      1946     701      1536     1576     1179     853      1194     1424     743      338      2152     968      752      712      1524     424      1608     1448     648      807      1130     502      305      1805     204      1101     916      1086     763      
31       1022     1008     1652     342      1750     1607     1525     1317     1251     541      731      1218     219      709      509      979      1551     976      1019     525      367      677      890      1108     966      977      1006     665      1081     400      351      0        815      1455     2049     1663     1552     1204     718      771      712      742      1011     578      1211     1515     240      1053     1610     767      703      753      1750     372      1343     1651     880      560      1125     1596     691      548      1950     625      1099     672      1175     217      1259     1108     586      642      788      199      221      1651     515      750      697      766      927      
32       822      1150     1962     556      1553     1474     1224     811      1530     619      769      438      696      947      1234     1626     2196     522      231      1254     954      264      1705     1624     1669     1709     959      1439     1628     443      1163     815      0        2200     1863     2012     1752     1458     585      606      236      1455     306      984      2001     1676     972      291      1300     1189     294      1569     1678     578      1357     2165     693      449      1479     2252     1209     1254     1834     380      1914     1036     361      870      537      312      971      792      365      674      915      1708     1329     156      666      262      1631     
33       1900     1506     1338     1644     2232     2062     2236     2332     1308     1646     2121     2634     1662     1431     969      637      442      2098     2352     1388     1248     2121     756      857      1459     491      1736     790      799      1759     1208     1455     2200     0        2405     1261     1514     1345     2157     1820     2017     1409     2287     1825     358      1571     1454     2473     2296     1884     1978     913      2050     1625     1743     863      1853     2015     1174     415      1070     1433     2236     1875     792      1898     2533     1335     2490     2512     1845     2015     2005     1651     1508     1797     1005     2085     2118     2212     578      
34       1083     1084     1157     1772     313      441      645      1112     1106     1535     2538     2103     2152     1359     1939     1850     2065     1340     1746     2542     1762     2075     2503     1563     2957     2098     1045     2124     1628     1816     2269     2049     1863     2405     0        1256     906      1084     2388     1354     1674     2746     1607     2580     2491     837      2286     2060     579      2791     1626     2488     357      1721     741      1701     1236     2191     1257     2128     1593     2575     178      1609     2735     2666     1854     1867     1530     2005     2579     2510     1520     2110     2269     611      2267     1731     2445     2113     1990     
35       1302     872      99       1584     1188     1049     1355     1676     482      1412     2370     2417     1861     1077     1264     902      855      1628     2042     1975     1296     2090     1636     614      2282     1132     1112     1330     671      1693     1684     1663     2012     1261     1256     0        386      556      2301     1419     1775     2122     1920     2233     1458     483      1833     2297     1378     2396     1718     1698     939      1535     833      451      1365     2097     551      911      973      2021     1078     1634     1821     2327     2218     1447     2013     2289     2244     2294     1671     1826     1852     668      1571     1857     2313     2168     1054     
36       981      608      292      1399     805      663      972      1321     310      1193     2212     2132     1726     878      1253     1018     1159     1318     1749     1947     1193     1869     1733     710      2307     1268     805      1380     777      1494     1653     1552     1752     1514     906      386      0        348      2117     1147     1517     2122     1619     2130     1642     99       1756     2026     992      2315     1459     1759     567      1346     466      804      1071     1908     465      1222     910      1989     730      1388     1946     2224     1916     1337     1682     2007     2138     2149     1394     1687     1762     297      1585     1596     2142     1939     1169     
37       758      316      504      1063     886      717      924      1159     75       871      1872     1860     1380     543      921      766      1069     1076     1485     1605     844      1551     1439     488      1976     1013     565      1071     550      1164     1312     1204     1458     1345     1084     556      348      0        1783     863      1221     1785     1364     1782     1407     325      1408     1741     971      1966     1164     1447     727      1011     402      824      810      1575     173      1135     571      1646     928      1083     1664     1876     1661     988      1468     1733     1790     1806     1114     1341     1413     516      1256     1303     1805     1625     906      
38       1309     1514     2273     720      2075     1973     1768     1388     1845     927      190      745      500      1241     1228     1694     2269     1070     799      912      1040     327      1512     1796     1249     1691     1395     1368     1778     623      964      718      585      2157     2388     2301     2117     1783     0        1046     719      1066     891      500      1883     2058     717      608      1849     665      763      1349     2161     772      1793     2347     1159     209      1750     2314     1364     892      2336     783      1672     516      853      898      1113     696      481      250      872      519      658      2138     1166     675      91       331      1645     
39       272      549      1364     443      1042     929      770      567      936      235      1186     997      820      408      933      1193     1720     277      625      1297     642      752      1513     1107     1738     1344     359      1163     1127     464      1080     771      606      1820     1354     1419     1147     863      1046     0        372      1514     514      1240     1705     1070     1009     881      854      1456     315      1424     1115     402      761      1618     118      842      907      1783     752      1319     1292     263      1751     1323     806      662      676      869      1238     1156     251      779      976      1112     1168     450      1095     810      1245     
40       606      913      1725     395      1361     1269     1048     690      1293     394      883      657      655      714      1062     1424     1985     354      335      1206     770      401      1578     1401     1640     1526     729      1280     1409     312      1063     712      236      2017     1674     1775     1517     1221     719      372      0        1418     299      1022     1843     1442     911      523      1129     1237     57       1456     1466     398      1130     1937     468      535      1245     2043     995      1215     1631     150      1800     1090     516      712      547      528      1014     878      153      623      861      1481     1205     81       784      445      1441     
41       1759     1669     2141     1081     2459     2306     2258     2057     1812     1281     934      1775     766      1387     871      1250     1698     1713     1682     216      984      1234     653      1509     224      1091     1721     802      1456     1115     478      742      1455     1409     2746     2122     2122     1785     1066     1514     1418     0        1706     576      1061     2110     511      1618     2342     524      1420     501      2425     1114     2015     1958     1621     1048     1658     1717     1213     203      2631     1356     702      604      1808     884      1958     1694     599      832      1516     795      557      2282     550      1436     987      1302     1119     
42       640      1048     1858     691      1303     1247     962      519      1439     642      1075     521      940      917      1346     1677     2223     303      141      1496     1050     568      1875     1618     1926     1800     814      1568     1634     611      1362     1011     306      2287     1607     1920     1619     1364     891      514      299      1706     0        1273     2130     1533     1204     453      1032     1483     319      1755     1459     689      1185     2133     554      748      1420     2284     1239     1503     1597     418      2098     1331     298      1005     252      406      1262     1094     284      910      1152     1528     1504     269      972      565      1709     
43       1511     1574     2226     807      2272     2142     2009     1709     1830     1044     357      1237     427      1276     1009     1478     2019     1364     1215     462      943      731      1111     1658     749      1405     1536     1073     1622     778      629      578      984      1825     2580     2233     2130     1782     500      1240     1022     576      1273     0        1511     2092     410      1089     2094     217      1044     942      2301     858      1901     2182     1359     537      1702     2054     1260     429      2496     1014     1233     94       1309     795      1518     1172     22       256      1154     469      382      2220     825      1013     416      781      1389     
44       1833     1495     1519     1452     2280     2109     2229     2251     1387     1502     1826     2423     1402     1352     783      640      742      1979     2176     1060     1081     1888     410      935      1101     398      1692     563      868      1558     919      1211     2001     358      2491     1458     1642     1407     1883     1705     1843     1061     2130     1511     0        1680     1167     2259     2297     1551     1812     576      2133     1444     1782     1122     1759     1761     1234     736      995      1102     2331     1711     438      1578     2350     1134     2352     2307     1532     1718     1856     1398     1225     1902     716      1903     1835     1977     509      
45       893      544      390      1345     715      568      873      1224     308      1132     2160     2049     1682     826      1246     1047     1231     1231     1665     1929     1163     1802     1749     745      2301     1298     722      1387     812      1434     1637     1515     1676     1571     837      483      99       325      2058     1070     1442     2110     1533     2092     1680     0        1726     1946     894      2281     1385     1765     488      1291     369      891      990      1848     470      1295     897      1970     665      1317     1968     2186     1830     1302     1590     1925     2099     2100     1315     1642     1729     226      1580     1521     2087     1870     1196     
46       1263     1234     1832     571      1989     1845     1766     1546     1450     781      666      1336     278      938      598      1069     1617     1201     1192     295      563      782      796      1250     736      1010     1245     678      1213     605      248      240      972      1454     2286     1833     1756     1408     717      1009     911      511      1204     410      1167     1726     0        1172     1850     563      911      637      1983     607      1574     1772     1120     620      1313     1655     863      311      2185     844      972      501      1332     428      1456     1239     425      561      1005     298      61       1872     452      936      668      863      985      
47       1069     1430     2244     834      1757     1698     1415     961      1814     910      796      165      896      1236     1504     1911     2483     742      314      1433     1234     390      1941     1915     1820     1983     1224     1701     1919     716      1387     1053     291      2473     2060     2297     2026     1741     608      881      523      1618     453      1089     2259     1946     1172     0        1484     1270     579      1795     1909     861      1614     2456     956      569      1768     2539     1498     1425     2050     670      2138     1119     265      1138     587      90       1071     855      631      885      1112     1962     1567     441      699      315      1909     
48       588      802      1284     1296     301      346      84       532      1028     1070     2009     1523     1675     996      1624     1676     2040     782      1170     2129     1387     1527     2218     1444     2563     1900     637      1838     1498     1316     1883     1610     1300     2296     579      1378     992      971      1849     854      1129     2342     1032     2094     2297     894      1850     1484     0        2310     1087     2168     542      1251     574      1762     737      1660     1130     2107     1315     2155     605      1088     2459     2175     1274     1461     951      1427     2091     1993     977      1634     1823     747      1924     1178     1912     1557     1789     
49       1726     1773     2395     1020     2484     2352     2225     1925     2011     1256     489      1410     638      1474     1147     1602     2118     1581     1419     496      1122     931      1141     1806     641      1499     1746     1174     1766     994      738      767      1189     1884     2791     2396     2315     1966     665      1456     1237     524      1483     217      1551     2281     563      1270     2310     0        1261     975      2507     1069     2104     2314     1574     739      1876     2147     1427     451      2704     1232     1223     153      1503     979      1726     1357     223      415      1371     680      553      2417     912      1226     574      972      1498     
