
sets
i        orders          /0*40/
k        routes          /1*40/
p        positions       /0*40/
;

alias(i,j)
alias(i,h)
alias(i,hh)
alias(i,jj)
alias(k,kk)
                
                    Parameters

rho(i)	Processing time
/
0	0
1	63
2	6
3	88
4	89
5	84
6	53
7	4
8	13
9	62
10	16
11	74
12	62
13	71
14	99
15	11
16	63
17	12
18	70
19	95
20	58
21	27
22	34
23	59
24	43
25	33
26	27
27	47
28	89
29	76
30	30
31	54
32	8
33	90
34	95
35	53
36	50
37	44
38	58
39	85
40	10
/

gamma(i)	Duedate
/
0	0
1	48
2	14
3	17
4	75
5	42
6	30
7	76
8	7
9	66
10	79
11	58
12	15
13	4
14	32
15	66
16	1
17	16
18	98
19	79
20	60
21	99
22	66
23	76
24	72
25	2
26	4
27	63
28	56
29	77
30	28
31	49
32	99
33	84
34	76
35	66
36	50
37	49
38	77
39	49
40	49
/

sigma(i)	Size
/
0	0
1	7
2	4
3	1
4	3
5	3
6	1
7	6
8	4
9	1
10	2
11	6
12	6
13	6
14	7
15	2
16	3
17	7
18	9
19	2
20	5
21	9
22	3
23	6
24	3
25	6
26	9
27	9
28	4
29	6
30	4
31	7
32	5
33	9
34	1
35	2
36	5
37	1
38	6
39	6
40	5
/

epsilon(i)	Priority
/
0	0
1	5
2	9
3	8
4	9
5	2
6	6
7	2
8	7
9	8
10	3
11	9
12	7
13	4
14	3
15	6
16	8
17	3
18	8
19	5
20	9
21	6
22	9
23	2
24	6
25	5
26	1
27	4
28	5
29	3
30	6
31	1
32	3
33	3
34	1
35	3
36	5
37	5
38	6
39	9
40	2
/

psi	Vehicle Capacity
/ 10 /
;

Table kappa(i,j)                 Setup
         0        1        2        3        4        5        6        7        8        9        10       11       12       13       14       15       16       17       18       19       20       21       22       23       24       25       26       27       28       29       30       31       32       33       34       35       36       37       38       39       40       
0        0        203      153      372      185      123      52       155      78       395      120      362      272      404      202      45       285      87       386      365      308      210      131      353      318      245      335      171      326      201      139      119      232      182      173      387      215      203      410      276      222      
1        203      0        174      258      158      167      161      221      197      198      84       159      122      300      328      191      91       203      238      275      220      126      202      153      123      133      245      163      137      95       187      95       116      69       174      188      37       60       208      113      310      
2        153      174      0        227      40       229      107      49       82       309      143      294      162      254      161      109      263      79       254      213      160      85       255      280      293      120      185      262      237      100      253      98       270      208      19       349      157      128      363      174      136      
3        372      258      227      0        189      406      320      257      309      210      303      237      137      42       345      332      295      306      67       44       68       165      439      220      307      135      49       417      175      184      430      269      372      327      207      318      221      205      314      149      293      
4        185      158      40       189      0        244      135      84       120      273      148      261      124      219      195      143      242      118      214      179      123      48       273      246      270      81       149      271      201      70       269      103      265      204      24       321      134      104      334      137      162      
5        123      167      229      406      244      0        132      253      183      362      103      318      279      445      322      153      218      193      399      412      352      245      34       315      247      271      380      50       304      222      24       142      132      109      243      318      198      203      344      275      333      
6        52       161      107      320      135      132      0        121      52       347      85       317      220      353      195      30       249      62       333      314      257      157      152      307      281      192      284      174      276      149      154      70       213      155      125      349      168      153      370      224      201      
7        155      221      49       257      84       253      121      0        77       357      179      343      209      278      111      110      311      68       292      236      189      132      273      329      342      165      210      291      285      149      275      137      310      248      60       398      206      178      413      221      90       
8        78       197      82       309      120      183      52       77       0        367      131      343      229      337      144      33       287      10       333      296      242      156      200      331      320      193      267      226      295      158      204      101      262      203      102      384      195      173      403      237      150      
9        395      198      309      210      273      362      347      357      367      0        281      51       149      245      468      372      158      371      147      251      228      225      396      47       147      194      237      346      72       211      379      276      264      254      297      121      179      194      109      135      430      
10       120      84       143      303      148      103      85       179      131      281      0        244      178      342      273      115      166      139      299      309      250      142      136      237      198      168      277      122      216      119      126      45       132      72       153      267      104      103      290      176      268      
11       362      159      294      237      261      318      317      343      343      51       244      0        144      276      455      344      107      348      180      274      242      214      351      17       96       189      255      298      67       194      334      247      214      209      284      81       148      170      79       128      423      
12       272      122      162      137      124      279      220      209      229      149      178      144      0        179      319      240      165      230      120      158      109      76       313      128      184      45       130      283      79       71       301      155      235      191      148      216      85       75       222      17       282      
13       404      300      254      42       219      445      353      278      337      245      342      276      179      0        358      362      337      333      98       43       96       201      477      259      348      174      69       457      216      222      469      305      414      368      234      357      263      246      352      191      303      
14       202      328      161      345      195      322      195      111      144      468      273      455      319      358      0        169      419      134      391      315      280      243      333      441      451      274      296      367      396      261      341      237      406      345      171      509      316      289      524      332      56       
15       45       191      109      332      143      153      30       110      33       372      115      344      240      362      169      0        279      42       350      322      266      172      168      334      312      209      292      197      301      169      173      97       242      185      128      379      195      178      399      246      182      
16       285      91       263      295      242      218      249      311      287      158      166      107      165      337      419      279      0        294      254      322      274      202      250      111      32       196      296      193      129      173      232      186      106      111      261      102      108      138      127      149      399      
17       87       203      79       306      118      193      62       68       10       371      139      348      230      333      134      42       294      0        332      292      239      156      210      335      327      193      264      236      298      160      214      108      271      211      99       390      200      177      409      239      140      
18       386      238      254      67       214      399      333      292      333      147      299      180      120      98       391      350      254      332      0        111      113      177      434      164      261      141      107      402      127      186      422      273      344      308      236      261      203      196      254      125      343      
19       365      275      213      44       179      412      314      236      296      251      309      274      158      43       315      322      322      292      111      0        59       167      444      257      338      144      31       427      210      191      436      271      391      342      194      355      239      218      353      173      261      
20       308      220      160      68       123      352      257      189      242      228      250      242      109      96       280      266      274      239      113      59       0        107      384      224      293      86       27       369      174      132      376      211      336      284      140      319      183      161      321      126      230      
21       210      126      85       165      48       245      157      132      156      225      142      214      76       201      243      172      202      156      177      167      107      0        277      198      229      37       135      263      153      31       269      104      240      184      72       276      96       67       287      89       209      
22       131      202      255      439      273      34       152      273      200      396      136      351      313      477      333      168      250      210      434      444      384      277      0        348      277      304      412      65       339      255      19       173      157      142      270      348      233      238      375      309      350      
23       353      153      280      220      246      315      307      329      331      47       237      17       128      259      441      334      111      335      164      257      224      198      348      0        104      172      237      298      50       179      332      237      217      206      270      98       138      158      97       111      408      
24       318      123      293      307      270      247      281      342      320      147      198      96       184      348      451      312      32       327      261      338      293      229      277      104      0        218      312      218      134      200      258      218      126      141      290      71       136      166      97       167      429      
25       245      133      120      135      81       271      192      165      193      194      168      189      45       174      274      209      196      193      141      144      86       37       304      172      218      0        113      283      124      48       295      135      250      198      105      257      97       74       265      61       236      
26       335      245      185      49       149      380      284      210      267      237      277      255      130      69       296      292      296      264      107      31       27       135      412      237      312      113      0        396      188      159      404      239      361      311      165      334      208      187      334      146      244      
27       171      163      262      417      271      50       174      291      226      346      122      298      283      457      367      197      193      236      402      427      369      263      65       298      218      283      396      0        296      236      46       167      93       95       273      287      198      211      314      276      375      
28       326      137      237      175      201      304      276      285      295      72       216      67       79       216      396      301      129      298      127      210      174      153      339      50       134      124      188      296      0        138      324      207      225      201      225      145      112      123      147      64       361      
29       201      95       100      184      70       222      149      149      158      211      119      194      71       222      261      169      173      160      186      191      132      31       255      179      200      48       159      236      138      0        246      87       210      154      92       251      65       36       264      78       232      
30       139      187      253      430      269      24       154      275      204      379      126      334      301      469      341      173      232      214      422      436      376      269      19       332      258      295      404      46       324      246      0        166      138      125      267      329      219      226      356      296      354      
31       119      95       98       269      103      142      70       137      101      276      45       247      155      305      237      97       186      108      273      271      211      104      173      237      218      135      239      167      207      87       166      0        173      111      107      283      98       84       303      157      227      
32       232      116      270      372      265      132      213      310      262      264      132      214      235      414      406      242      106      271      344      391      336      240      157      217      126      250      361      93       225      210      138      173      0        62       276      194      152      176      222      223      400      
33       182      69       208      327      204      109      155      248      203      254      72       209      191      368      345      185      111      211      308      342      284      184      142      206      141      198      311      95       201      154      125      111      62       0        214      213      106      123      238      183      338      
34       173      174      19       207      24       243      125      60       102      297      153      284      148      234      171      128      261      99       236      194      140      72       270      270      290      105      165      273      225      92       267      107      276      214      0        343      153      123      356      161      140      
35       387      188      349      318      321      318      349      398      384      121      267      81       216      357      509      379      102      390      261      355      319      276      348      98       71       257      334      287      145      251      329      283      194      213      343      0        192      220      28       198      483      
36       215      37       157      221      134      198      168      206      195      179      104      148      85       263      316      195      108      200      203      239      183      96       233      138      136      97       208      198      112      65       219      98       152      106      153      192      0        30       209      77       293      
37       203      60       128      205      104      203      153      178      173      194      103      170      75       246      289      178      138      177      196      218      161      67       238      158      166      74       187      211      123      36       226      84       176      123      123      220      30       0        235      74       263      
38       410      208      363      314      334      344      370      413      403      109      290      79       222      352      524      399      127      409      254      353      321      287      375      97       97       265      334      314      147      264      356      303      222      238      356      28       209      235      0        205      496      
39       276      113      174      149      137      275      224      221      237      135      176      128      17       191      332      246      149      239      125      173      126      89       309      111      167      61       146      276      64       78       296      157      223      183      161      198      77       74       205      0        297      
40       222      310      136      293      162      333      201      90       150      430      268      423      282      303      56       182      399      140      343      261      230      209      350      408      429      236      244      375      361      232      354      227      400      338      140      483      293      263      496      297      0        
;



Table delta(i,j)                 Distance
         0        1        2        3        4        5        6        7        8        9        10       11       12       13       14       15       16       17       18       19       20       21       22       23       24       25       26       27       28       29       30       31       32       33       34       35       36       37       38       39       40       
0        0        9260     3340     12200    12660    3960     8660     9960     2720     9740     12220    10200    11640    5660     13400    5260     6840     8320     1720     13920    7400     1320     4340     2860     8940     9400     4120     8680     1300     8560     8900     16080    9080     5460     5860     9260     1760     7800     5560     6720     7580     
1        9260     0        296      593      526      322      128      381      501      355      744      643      684      313      687      586      348      778      546      524      203      417      330      370      192      332      259      525      413      200      602      554      798      547      673      360      470      714      513      144      706      
2        3340     296      0        544      538      97       284      387      241      369      607      499      562      176      621      332      246      517      249      584      219      122      159      100      314      348      58       396      128      276      439      675      547      312      401      351      180      468      293      170      459      
3        12200    593      544      0        119      449      694      212      742      238      224      194      162      369      94       438      300      531      629      207      404      549      702      480      754      260      584      183      628      392      228      345      514      386      522      233      530      454      355      501      455      
4        12660    526      538      119      0        451      639      156      758      180      343      301      280      364      200      505      296      625      668      92       360      569      689      494      702      204      568      251      640      332      320      232      614      449      598      190      563      545      412      459      545      
5        3960     322      97       449      451      0        346      306      309      292      511      402      465      88       524      266      155      457      261      505      179      132      257      57       387      274      149      298      190      235      344      607      481      234      350      270      162      399      208      179      390      
6        8660     128      284      694      639      346      0        487      436      461      823      717      767      368      785      610      420      799      519      645      290      403      252      378      64       438      230      601      373      306      668      682      826      581      685      461      464      745      553      198      736      
7        9960     381      387      212      156      306      487      0        615      26       394      312      328      218      306      422      157      577      544      199      203      432      534      355      550      49       413      211      496      182      299      309      577      364      521      35       437      498      322      303      494      
8        2720     501      241      742      758      309      436      615      0        601      748      646      719      397      805      392      462      525      170      814      460      193      184      264      430      582      249      570      118      517      582      913      567      409      404      579      224      511      415      401      500      
9        9740     355      369      238      180      292      461      26       601      0        417      332      352      204      333      425      148      586      536      215      179      421      514      343      524      23       393      226      482      155      315      317      588      368      525      28       429      507      326      278      503      
10       12220    744      607      224      343      511      823      394      748      417      0        108      66       458      172      370      402      379      599      430      541      565      763      517      877      433      660      222      651      550      169      566      349      340      419      399      523      317      333      625      323      
11       10200    643      499      194      301      402      717      312      646      332      108      0        74       350      193      283      297      340      505      393      440      460      655      410      770      345      551      118      546      453      64       534      320      244      349      311      422      265      231      520      268      
12       11640    684      562      162      280      465      767      328      719      352      66       74       0        405      130      357      346      400      579      369      482      531      721      478      822      368      613      168      617      488      138      507      375      318      420      335      495      329      304      569      334      
13       5660     313      176      369      364      88       368      218      397      204      458      350      405      0        450      286      70       473      338      417      126      217      333      139      419      187      215      237      278      174      299      520      490      239      381      182      232      405      202      175      398      
14       13400    687      621      94       200      524      785      306      805      333      172      193      130      450      0        469      382      529      679      275      495      613      780      549      845      354      665      235      695      486      247      404      505      424      542      326      586      457      400      591      461      
15       5260     586      332      438      505      266      610      422      392      425      370      283      357      286      469      0        292      191      232      589      412      238      458      233      645      421      391      257      317      457      222      721      215      57       100      396      179      136      99       443      126      
16       6840     348      246      300      296      155      420      157      462      148      402      297      346      70       382      292      0        470      387      354      145      276      402      199      475      137      284      180      344      174      254      465      480      238      392      122      280      396      197      222      390      
17       8320     778      517      531      625      457      799      577      525      586      379      340      400      473      529      191      470      0        355      715      599      411      629      420      831      586      575      378      479      641      305      854      45       234      123      558      348      80       274      634      82       
18       1720     546      249      629      668      261      519      544      170      536      599      505      579      338      679      232      387      355      0        737      439      132      297      203      532      522      291      448      148      496      441      853      397      261      234      510      107      343      278      416      332      
19       13920    524      584      207      92       505      645      199      814      215      430      393      369      417      275      589      354      715      737      0        385      630      728      553      710      236      607      339      695      346      411      140      705      532      684      234      631      636      493      482      635      
20       7400     203      219      404      360      179      290      203      460      179      541      440      482      126      495      412      145      599      439      385      0        308      345      236      350      155      227      321      346      58       399      461      614      364      507      173      340      529      326      99       522      
21       1320     417      122      549      569      132      403      432      193      421      565      460      531      217      613      238      276      411      132      630      308      0        220      77       426      404      172      378      85       366      397      738      445      235      290      397      63       373      232      284      362      
22       4340     330      159      702      689      257      252      534      184      514      763      655      721      333      780      458      402      629      297      728      345      220      0        246      246      492      121      555      152      395      594      806      664      451      506      500      282      593      440      261      583      
23       2860     370      100      480      494      57       378      355      264      343      517      410      478      139      549      233      199      420      203      553      236      77       246      0        412      327      159      316      148      293      349      660      448      211      307      319      105      369      194      228      359      
24       8940     192      314      754      702      387      64       550      430      524      877      770      822      419      845      645      475      831      532      710      350      426      246      412      0        500      256      654      384      370      719      746      860      620      714      522      489      781      595      254      772      
25       9400     332      348      260      204      274      438      49       582      23       433      345      368      187      354      421      137      586      522      236      155      404      492      327      500      0        371      235      463      132      323      333      590      364      521      33       416      509      322      255      504      
26       4120     259      58       584      568      149      230      413      249      393      660      551      613      215      665      391      284      575      291      607      227      172      121      159      256      371      0        445      153      279      493      688      605      370      457      378      234      527      350      153      517      
27       8680     525      396      183      251      298      601      211      570      226      222      118      168      237      235      257      180      378      448      339      321      378      555      316      654      235      445      0        461      336      88       477      372      203      347      202      351      298      172      403      296      
28       1300     413      128      628      640      190      373      496      118      482      651      546      617      278      695      317      344      479      148      695      346      85       152      148      384      463      153      461      0        403      482      795      516      320      356      461      138      448      318      297      438      
29       8560     200      276      392      332      235      306      182      517      155      550      453      488      174      486      457      174      641      496      346      58       366      395      293      370      132      279      336      403      0        419      410      653      407      554      159      396      568      367      137      562      
30       8900     602      439      228      320      344      668      299      582      315      169      64       138      299      247      222      254      305      441      411      399      397      594      349      719      323      493      88       482      419      0        551      293      181      297      290      358      226      167      473      227      
31       16080    554      675      345      232      607      682      309      913      317      566      534      507      520      404      721      465      854      853      140      461      738      806      660      746      333      688      477      795      410      551      0        845      663      818      342      746      774      623      547      773      
32       9080     798      547      514      614      481      826      577      567      588      349      320      375      490      505      215      480      45       397      705      614      445      664      448      860      590      605      372      516      653      293      845      0        251      162      560      382      84       288      655      92       
33       5460     547      312      386      449      234      581      364      409      368      340      244      318      239      424      57       238      234      261      532      364      235      451      211      620      364      370      203      320      407      181      663      251      0        156      339      185      167      42       404      159      
34       5860     673      401      522      598      350      685      521      404      525      419      349      420      381      542      100      392      123      234      684      507      290      506      307      714      521      457      347      356      554      297      818      162      156      0        496      226      115      199      529      105      
35       9260     360      351      233      190      270      461      35       579      28       399      311      335      182      326      396      122      558      510      234      173      397      500      319      522      33       378      202      461      159      290      342      560      339      496      0        403      479      297      273      475      
36       1760     470      180      530      563      162      464      437      224      429      523      422      495      232      586      179      280      348      107      631      340      63       282      105      489      416      234      351      138      396      358      746      382      185      226      403      0        311      190      331      301      
37       7800     714      468      454      545      399      745      498      511      507      317      265      329      405      457      136      396      80       343      636      529      373      593      369      781      509      527      298      448      568      226      774      84       167      115      479      311      0        203      571      10       
38       5560     513      293      355      412      208      553      322      415      326      333      231      304      202      400      99       197      274      278      493      326      232      440      194      595      322      350      172      318      367      167      623      288      42       199      297      190      203      0        371      196      
39       6720     144      170      501      459      179      198      303      401      278      625      520      569      175      591      443      222      634      416      482      99       284      261      228      254      255      153      403      297      137      473      547      655      404      529      273      331      571      371      0        563      
40       7580     706      459      455      545      390      736      494      500      503      323      268      334      398      461      126      390      82       332      635      522      362      583      359      772      504      517      296      438      562      227      773      92       159      105      475      301      10       196      563      0        
;

