
sets
i        orders          /0*40/
k        routes          /1*40/
p        positions       /0*40/
;

alias(i,j)
alias(i,h)
alias(i,hh)
alias(i,jj)
alias(k,kk)
                
                    Parameters

rho(i)	Processing time
/
0	0
1	90
2	74
3	34
4	92
5	22
6	75
7	93
8	68
9	12
10	81
11	80
12	66
13	28
14	79
15	30
16	64
17	40
18	59
19	94
20	15
21	66
22	96
23	96
24	90
25	10
26	6
27	69
28	30
29	4
30	48
31	97
32	41
33	95
34	67
35	57
36	99
37	30
38	21
39	62
40	39
/

gamma(i)	Duedate
/
0	0
1	23
2	90
3	60
4	77
5	75
6	86
7	41
8	19
9	79
10	24
11	11
12	62
13	69
14	22
15	24
16	20
17	76
18	39
19	99
20	67
21	39
22	6
23	6
24	70
25	66
26	16
27	72
28	33
29	86
30	66
31	94
32	53
33	68
34	92
35	79
36	77
37	12
38	24
39	94
40	52
/

sigma(i)	Size
/
0	0
1	7
2	3
3	3
4	2
5	8
6	6
7	7
8	7
9	4
10	3
11	7
12	5
13	2
14	8
15	9
16	2
17	8
18	8
19	1
20	6
21	4
22	9
23	8
24	4
25	8
26	6
27	1
28	9
29	5
30	1
31	1
32	7
33	9
34	3
35	9
36	1
37	2
38	8
39	9
40	2
/

epsilon(i)	Priority
/
0	0
1	4
2	7
3	5
4	5
5	1
6	5
7	1
8	6
9	2
10	9
11	2
12	3
13	4
14	7
15	6
16	7
17	1
18	4
19	6
20	6
21	1
22	9
23	5
24	7
25	2
26	6
27	1
28	6
29	7
30	8
31	3
32	1
33	4
34	9
35	1
36	7
37	4
38	9
39	8
40	5
/

psi	Vehicle Capacity
/ 16 /
;

Table kappa(i,j)                 Setup
         0        1        2        3        4        5        6        7        8        9        10       11       12       13       14       15       16       17       18       19       20       21       22       23       24       25       26       27       28       29       30       31       32       33       34       35       36       37       38       39       40       
0        0        194      196      130      263      182      160      315      197      219      243      6        170      256      205      73       268      195      70       242      227      101      73       236      145      260      280      249      345      91       83       184      219      291      223      205      141      271      103      174      149      
1        194      0        298      275      355      30       295      216      27       70       101      200      225      121      32       244      208      196      125      244      283      124      173      66       168      114      422      81       285      207      251      42       63       430      48       357      172      283      292      27       162      
2        196      298      0        312      67       307      53       266      282      271      387      196      78       272      326      134      205      130      210      131      64       276      144      296      132      403      131      377      244      286      125      315      352      136      294      94       332      131      241      295      337      
3        130      275      312      0        377      253      267      438      289      322      279      127      300      367      272      178      396      325      178      373      353      151      204      334      275      293      365      299      474      68       186      247      272      377      317      291      127      401      88       249      141      
4        263      355      67       377      0        366      110      285      336      319      448      263      129      311      384      199      226      169      275      148      79       342      210      344      186      463      112      435      244      353      190      376      412      112      345      119      399      130      302      355      403      
5        182      30       307      253      366      0        299      245      55       99       82       188      238      150      22       239      234      214      117      264      298      101      173      96       180      97       426      72       312      184      247      13       45       435      78       359      144      303      277      11       133      
6        160      295      53       267      110      299      0        300      284      280      376      159      103      291      320      90       240      158      191      173      114      251      126      305      142      392      128      371      289      248      81       306      343      137      300      64       301      180      191      287      308      
7        315      216      266      438      285      245      300      0        189      145      310      320      197      96       245      314      61       143      260      137      209      307      247      156      178      318      391      280      82       377      314      258      274      393      171      358      370      158      414      238      364      
8        197      27       282      289      336      55       284      189      0        43       127      203      207      94       59       240      181      174      127      220      263      140      166      45       150      139      409      104      258      221      246      68       89       416      28       347      193      259      299      50       184      
9        219      70       271      322      319      99       280      145      43       0        167      225      193      51       100      251      142      151      150      191      242      177      174      25       139      177      401      140      217      256      255      112      130      407      29       345      233      228      322      93       226      
10       243      101      387      279      448      82       376      310      127      167      0        248      320      213      68       308      308      296      187      345      380      145      249      153      262      16       504      34       384      215      317      72       38       513      139      434      152      384      324      93       138      
11       6        200      196      127      263      188      159      320      203      225      248      0        173      262      211      71       273      199      76       246      229      105      77       242      149      265      278      255      349      90       80       189      225      289      229      203      143      275      97       180      151      
12       170      225      78       300      129      238      103      197      207      193      320      173      0        193      255      135      137      55       159      79       62       226      100      218      57       335      210      307      194      258      131      248      283      215      217      164      289      101      247      226      291      
13       256      121      272      367      311      150      291      96       94       51       213      262      193      0        149      276      106      143      191      170      232      225      200      60       149      222      403      184      172      302      279      163      178      408      75       354      284      205      359      145      277      
14       205      32       326      272      384      22       320      245      59       100      68       211      255      149      0        262      240      228      139      276      314      122      194      91       197      81       447      51       317      204      269      25       30       455      75       381      158      315      299      32       147      
15       73       244      134      178      199      239      90       314      240      251      308      71       135      276      262      0        260      177      123      214      178      171      77       272      136      325      207      310      327      158      9        243      281      218      263      132      214      235      112      229      222      
16       268      208      205      396      226      234      240      61       181      142      308      273      137      106      240      260      0        84       222      77       149      278      197      161      125      319      331      282      81       339      259      247      270      333      172      297      343      104      363      225      339      
17       195      196      130      325      169      214      158      143      174      151      296      199      55       143      228      177      84       0        163      53       91       227      121      176      51       310      261      278      151      275      175      226      258      266      178      219      292      90       284      203      292      
18       70       125      210      178      275      117      191      260      127      150      187      76       159      191      139      123      222      163      0        215      221      67       66       167      113      203      318      187      302      117      130      120      158      328      153      247      131      250      172      107      132      
19       242      244      131      373      148      264      173      137      220      191      345      246      79       170      276      214      77       53       215      0        72       280      169      214      102      358      254      324      116      326      210      276      307      256      220      226      345      38       325      253      345      
20       227      283      64       353      79       298      114      209      263      242      380      229      62       232      314      178      149      91       221      72       0        289      161      267      117      394      181      365      180      316      172      308      343      184      269      158      351      67       291      286      353      
21       101      124      276      151      342      101      251      307      140      177      145      105      226      225      122      171      278      227      67       280      289      0        131      185      179      161      376      157      359      83       181      97       127      387      168      303      65       316      180      97       65       
22       73       173      144      204      210      173      126      247      166      174      249      77       100      200      194      77       197      121      66       169      161      131      0        196      72       265      254      245      272      158      81       179      217      263      187      186      190      199      167      162      194      
23       236      66       296      334      344      96       305      156      45       25       153      242      218      60       91       272      161      176      167      214      267      185      196      0        165      162      426      124      232      266      277      108      118      432      17       369      237      251      339      93       228      
24       145      168      132      275      186      180      142      178      150      139      262      149      57       149      197      136      125      51       113      102      117      179      72       165      0        277      261      249      199      224      136      191      226      268      162      206      243      137      238      169      244      
25       260      114      403      293      463      97       392      318      139      177      16       265      335      222      81       325      319      310      203      358      394      161      265      162      277      0        520      38       393      230      334      87       51       529      148      451      166      397      340      108      152      
26       280      422      131      365      112      426      128      391      409      401      504      278      210      403      447      207      331      261      318      254      181      376      254      426      261      520      0        498      356      362      197      433      471      12       423      75       422      241      278      415      430      
27       249      81       377      299      435      72       371      280      104      140      34       255      307      184      51       310      282      278      187      324      365      157      245      124      249      38       498      0        355      234      318      66       30       507      110      431      176      363      337      83       163      
28       345      285      244      474      244      312      289      82       258      217      384      349      194      172      317      327      81       151      302      116      180      359      272      232      199      393      356      355      0        419      324      325      347      356      245      339      424      115      435      304      421      
29       91       207      286      68       353      184      248      377      221      256      215      90       258      302      204      158      339      275      117      326      316      83       158      266      224      230      362      234      419      0        168      179      205      374      250      287      72       357      115      180      85       
30       83       251      125      186      190      247      81       314      246      255      317      80       131      279      269      9        259      175      130      210      172      181      81       277      136      334      197      318      324      168      0        251      289      208      268      122      224      230      118      237      232      
31       184      42       315      247      376      13       306      258      68       112      72       189      248      163      25       243      247      226      120      276      308      97       179      108      191      87       433      66       325      179      251      0        37       442      90       365      134      315      275      22       124      
32       219      63       352      272      412      45       343      274      89       130      38       225      283      178      30       281      270      258      158      307      343      127      217      118      226      51       471      30       347      205      289      37       0        480      103      403      151      345      307      57       138      
33       291      430      136      377      112      435      137      393      416      407      513      289      215      408      455      218      333      266      328      256      184      387      263      432      268      529      12       507      356      374      208      442      480      0        430      87       433      242      290      424      441      
34       223      48       294      317      345      78       300      171      28       29       139      229      217      75       75       263      172      178      153      220      269      168      187      17       162      148      423      110      245      250      268      90       103      430      0        364      219      258      325      75       210      
35       205      357      94       291      119      359      64       358      347      345      434      203      164      354      381      132      297      219      247      226      158      303      186      369      206      451      75       431      339      287      122      365      403      87       364      0        347      225      206      348      355      
36       141      172      332      127      399      144      301      370      193      233      152      143      289      284      158      214      343      292      131      345      351      65       190      237      243      166      422      176      424      72       224      134      151      433      219      347      0        381      187      144      14       
37       271      283      131      401      130      303      180      158      259      228      384      275      101      205      315      235      104      90       250      38       67       316      199      251      137      397      241      363      115      357      230      315      345      242      258      225      381      0        347      292      381      
38       103      292      241      88       302      277      191      414      299      322      324      97       247      359      299      112      363      284      172      325      291      180      167      339      238      340      278      337      435      115      118      275      307      290      325      206      187      347      0        270      199      
39       174      27       295      249      355      11       287      238      50       93       93       180      226      145      32       229      225      203      107      253      286      97       162      93       169      108      415      83       304      180      237      22       57       424      75       348      144      292      270      0        135      
40       149      162      337      141      403      133      308      364      184      226      138      151      291      277      147      222      339      292      132      345      353      65       194      228      244      152      430      163      421      85       232      124      138      441      210      355      14       381      199      135      0        
;



Table delta(i,j)                 Distance
         0        1        2        3        4        5        6        7        8        9        10       11       12       13       14       15       16       17       18       19       20       21       22       23       24       25       26       27       28       29       30       31       32       33       34       35       36       37       38       39       40       
0        0        6640     6900     6000     12720    11280    10500    2420     15900    6300     3500     8160     10600    13860    16560    9980     17680    13460    8520     5100     16100    10740    9500     12720    11200    14000    5100     7260     4260     4600     17420    3400     11260    10440    13360    11680    6080     5220     9960     9260     14260    
1        6640     0        65       157      490      297      207      286      481      137      257      248      438      374      549      337      636      391      140      346      582      208      232      391      313      391      201      303      139      102      584      335      368      250      340      346      35       151      362      307      514      
2        6900     65       0        107      425      244      239      321      451      82       236      184      374      398      503      272      583      434      194      310      524      225      291      335      255      421      257      246      133      128      541      376      304      301      353      287      56       116      297      242      452      
3        6000     157      107      0        372      264      347      316      507      26       152      121      297      503      528      220      586      541      296      206      512      330      390      336      260      527      303      146      102      149      572      380      273      406      453      284      127      40       233      184      426      
4        12720    490      425      372      0        263      588      682      449      375      461      251      123      680      352      154      319      777      598      410      217      543      696      200      226      721      671      273      473      519      400      749      132      686      607      198      475      409      141      188      119      
5        11280    297      244      264      263      0        335      562      259      248      412      187      290      417      265      171      339      517      367      428      288      285      460      97       37       458      498      288      354      370      307      619      135      439      345      66       300      303      209      178      235      
6        10500    207      239      347      588      335      0        451      393      322      464      395      576      168      512      456      629      199      106      549      608      53       148      427      367      183      317      478      347      300      532      479      456      109      151      400      242      352      490      438      570      
7        2420     286      321      316      682      562      451      0        768      322      242      436      589      614      824      534      896      577      346      344      827      473      376      645      567      615      148      419      214      193      862      67       590      428      601      595      268      276      541      498      743      
8        15900    481      451      507      449      259      393      768      0        486      659      446      522      361      158      419      290      496      480      686      325      343      541      256      284      406      669      547      581      577      154      816      360      496      294      286      500      541      453      433      355      
9        6300     137      82       26       375      248      322      322      486      0        175      123      307      477      513      221      575      517      275      232      505      304      370      325      247      501      296      165      108      144      555      385      269      383      427      273      110      55       238      186      422      
10       3500     257      236      152      461      412      464      242      659      175      0        240      356      630      672      327      718      646      389      110      634      459      467      473      402      648      302      188      119      180      717      308      393      498      589      422      222      123      323      291      540      
11       8160     248      184      121      251      187      395      436      446      123      240      0        190      528      436      98       477      594      374      241      397      362      473      234      168      561      420      103      223      268      482      501      155      476      467      183      228      160      115      63       307      
12       10600    438      374      297      123      290      576      589      522      307      356      190      0        694      452      123      437      773      564      293      337      538      663      266      254      730      600      170      390      446      501      656      163      663      625      240      417      329      86       138      236      
13       13860    374      398      503      680      417      168      614      361      477      630      528      694      0        510      570      640      137      268      709      646      173      262      492      454      46       474      622      514      469      514      637      551      203      74       481      409      514      607      560      633      
14       16560    549      503      528      352      265      512      824      158      513      672      436      452      510      0        376      132      642      582      673      179      459      658      204      270      556      748      524      619      631      49       880      306      620      440      253      558      567      403      402      239      
15       9980     337      272      220      154      171      456      534      419      221      327      98       123      570      376      0        396      652      453      302      308      416      552      173      137      607      517      152      322      366      424      599      71       547      502      133      322      259      38       36       213      
16       17680    636      583      586      319      339      629      896      290      575      718      477      437      640      132      396      0        770      689      698      102      575      772      250      329      686      837      548      684      707      149      956      326      738      568      302      639      627      413      429      200      
17       13460    391      434      541      777      517      199      577      496      517      646      594      773      137      642      652      770      0        257      738      767      236      200      602      552      95       429      676      526      470      649      586      645      151      202      583      426      542      687      635      745      
18       8520     140      194      296      598      367      106      346      480      275      389      374      564      268      582      453      689      257      0        484      653      142      98       464      394      273      210      440      269      213      608      373      469      110      257      428      173      290      482      427      601      
19       5100     346      310      206      410      428      549      344      686      232      110      241      293      709      673      302      698      738      484      0        606      535      568      469      409      731      413      150      219      284      721      409      373      595      660      421      311      196      286      272      507      
20       16100    582      524      512      217      288      608      827      325      505      634      397      337      646      179      308      102      767      653      606      0        555      743      191      269      691      781      458      613      643      217      889      242      716      571      236      580      553      320      343      101      
21       10740    208      225      330      543      285      53       473      343      304      459      362      538      173      459      416      575      236      142      535      555      0        200      376      319      199      348      452      345      308      479      508      410      162      132      351      241      341      451      400      519      
22       9500     232      291      390      696      460      148      376      541      370      467      473      663      262      658      552      772      200      98       568      743      200      0        556      488      250      228      535      349      287      679      386      566      58       279      522      263      380      581      526      695      
23       12720    391      335      336      200      97       427      645      256      325      473      234      266      492      204      173      250      602      464      469      191      376      556      0        79       536      591      320      433      457      252      706      107      534      418      51       391      376      204      198      143      
24       11200    313      255      260      226      37       367      567      284      247      402      168      254      454      270      137      329      552      394      409      269      319      488      79       0        495      513      265      355      378      315      626      97       470      382      34       312      300      175      149      207      
25       14000    391      421      527      721      458      183      615      406      501      648      561      730      46       556      607      686      95       273      731      691      199      250      536      495      0        471      652      530      481      560      633      591      192      119      523      426      535      644      595      677      
26       5100     201      257      303      671      498      317      148      669      296      302      420      600      474      748      517      837      429      210      413      781      348      228      591      513      471      0        439      213      154      781      162      559      282      468      545      201      271      534      483      709      
27       7260     303      246      146      273      288      478      419      547      165      188      103      170      622      524      152      548      676      440      150      458      452      535      320      265      652      439      0        226      287      572      487      223      547      563      273      274      169      139      122      360      
28       4260     139      133      102      473      354      347      214      581      108      119      223      390      514      619      322      684      526      269      219      613      345      349      433      355      530      213      226      0        66       660      278      375      378      477      382      104      63       333      286      528      
29       4600     102      128      149      519      370      300      193      577      144      180      268      446      469      631      366      707      470      213      284      643      308      287      457      378      481      154      287      66       0        669      249      412      320      440      407      76       118      381      331      564      
30       17420    584      541      572      400      307      532      862      154      555      717      482      501      514      49       424      149      649      608      721      217      479      679      252      315      560      781      572      660      669      0        917      355      639      447      299      595      610      452      450      285      
31       3400     335      376      380      749      619      479      67       816      385      308      501      656      637      880      599      956      586      373      409      889      508      386      706      626      633      162      487      278      249      917      0        653      442      630      655      321      341      607      563      806      
32       11260    368      304      273      132      135      456      590      360      269      393      155      163      551      306      71       326      645      469      373      242      410      566      107      97       591      559      223      375      412      355      653      0        554      479      77       358      313      97       103      153      
33       10440    250      301      406      686      439      109      428      496      383      498      476      663      203      620      547      738      151      110      595      716      162      58       534      470      192      282      547      378      320      639      442      554      0        224      504      284      401      579      525      675      
34       13360    340      353      453      607      345      151      601      294      427      589      467      625      74       440      502      568      202      257      660      571      132      279      418      382      119      468      563      477      440      447      630      479      224      0        409      372      469      539      494      559      
35       11680    346      287      284      198      66       400      595      286      273      422      183      240      481      253      133      302      583      428      421      236      351      522      51       34       523      545      273      382      407      299      655      77       504      409      0        344      325      167      152      173      
36       6080     35       56       127      475      300      242      268      500      110      222      228      417      409      558      322      639      426      173      311      580      241      263      391      312      426      201      274      104      76       595      321      358      284      372      344      0        117      343      290      507      
37       5220     151      116      40       409      303      352      276      541      55       123      160      329      514      567      259      627      542      290      196      553      341      380      376      300      535      271      169      63       118      610      341      313      401      469      325      117      0        269      222      466      
38       9960     362      297      233      141      209      490      541      453      238      323      115      86       607      403      38       413      687      482      286      320      451      581      204      175      644      534      139      333      381      452      607      97       579      539      167      343      269      0        54       221      
39       9260     307      242      184      188      178      438      498      433      186      291      63       138      560      402      36       429      635      427      272      343      400      526      198      149      595      483      122      286      331      450      563      103      525      494      152      290      222      54       0        249      
40       14260    514      452      426      119      235      570      743      355      422      540      307      236      633      239      213      200      745      601      507      101      519      695      143      207      677      709      360      528      564      285      806      153      675      559      173      507      466      221      249      0        
;

