

sets
i        orders          /0*80/
k        routes          /1*80/
p        positions       /0*80/
;

alias(i,j)
alias(i,h)
alias(i,hh)
alias(i,jj)
alias(k,kk)
                            Parameters

rho(i)	Processing time
/
0	0
1	83
2	67
3	57
4	79
5	99
6	31
7	79
8	53
9	44
10	4
11	84
12	60
13	10
14	36
15	75
16	38
17	26
18	82
19	14
20	7
21	43
22	44
23	35
24	68
25	95
26	39
27	43
28	96
29	16
30	37
31	84
32	73
33	63
34	58
35	36
36	17
37	11
38	42
39	37
40	14
41	95
42	58
43	87
44	22
45	18
46	70
47	79
48	61
49	61
50	96
51	87
52	6
53	37
54	62
55	15
56	9
57	55
58	43
59	39
60	54
61	4
62	2
63	49
64	1
65	5
66	42
67	82
68	61
69	51
70	91
71	80
72	13
73	52
74	60
75	94
76	50
77	47
78	39
79	76
80	50
/

gamma(i)	Duedate
/
0	0
1	11
2	24
3	75
4	18
5	30
6	70
7	76
8	34
9	91
10	62
11	12
12	86
13	47
14	39
15	97
16	4
17	25
18	51
19	22
20	66
21	9
22	13
23	8
24	6
25	48
26	55
27	58
28	63
29	67
30	10
31	79
32	86
33	86
34	10
35	86
36	26
37	40
38	73
39	11
40	4
41	65
42	84
43	2
44	97
45	53
46	13
47	90
48	68
49	44
50	32
51	17
52	47
53	13
54	58
55	23
56	67
57	91
58	21
59	91
60	79
61	35
62	3
63	38
64	97
65	35
66	22
67	76
68	80
69	20
70	27
71	49
72	16
73	59
74	92
75	97
76	44
77	30
78	36
79	35
80	62
/

sigma(i)	Size
/
0	0
1	6
2	8
3	9
4	7
5	1
6	5
7	2
8	9
9	2
10	2
11	9
12	1
13	2
14	3
15	6
16	8
17	5
18	5
19	7
20	5
21	3
22	7
23	4
24	6
25	4
26	5
27	7
28	9
29	5
30	2
31	7
32	6
33	1
34	3
35	2
36	1
37	9
38	6
39	2
40	9
41	3
42	4
43	9
44	5
45	7
46	9
47	8
48	2
49	8
50	8
51	5
52	7
53	4
54	6
55	3
56	5
57	4
58	2
59	6
60	4
61	8
62	6
63	5
64	8
65	1
66	6
67	7
68	7
69	3
70	7
71	9
72	6
73	6
74	2
75	6
76	8
77	3
78	5
79	3
80	6
/

epsilon(i)	Priority
/
0	0
1	9
2	2
3	1
4	6
5	6
6	5
7	6
8	9
9	6
10	5
11	5
12	8
13	2
14	4
15	7
16	3
17	7
18	5
19	6
20	9
21	2
22	2
23	5
24	5
25	3
26	2
27	8
28	1
29	3
30	8
31	4
32	3
33	2
34	6
35	3
36	6
37	8
38	8
39	4
40	4
41	5
42	7
43	5
44	3
45	6
46	7
47	1
48	7
49	7
50	6
51	8
52	4
53	1
54	1
55	9
56	8
57	6
58	1
59	7
60	8
61	5
62	3
63	3
64	6
65	2
66	2
67	9
68	5
69	7
70	4
71	8
72	6
73	8
74	4
75	6
76	3
77	1
78	2
79	4
80	3
/

psi	Vehicle Capacity
/ 130 /
;

Table kappa(i,j)                 Setup
         0        1        2        3        4        5        6        7        8        9        10       11       12       13       14       15       16       17       18       19       20       21       22       23       24       25       26       27       28       29       30       31       32       33       34       35       36       37       38       39       40       41       42       43       44       45       46       47       48       49       50       51       52       53       54       55       56       57       58       59       60       61       62       63       64       65       66       67       68       69       70       71       72       73       74       75       76       77       78       79       80       
0        0        6509     4652     4342     3912     1036     6095     5601     5871     4225     5246     6388     6794     1731     2703     2965     2490     6553     2073     2682     6954     6206     3058     6440     5430     4216     5447     7481     2808     4448     4274     3183     907      4448     4184     2618     6456     7996     495      6611     4936     3388     5000     4168     5557     4298     1637     7259     4914     5362     3459     1061     579      5976     3498     4185     3229     2061     3597     8099     2407     3197     4474     6845     3991     7171     6897     4613     4853     5838     4197     5800     1782     5187     1700     2958     1432     344      4454     1930     6399     
1        6509     0        3945     3862     5051     6374     7390     1996     673      2486     5348     6148     3925     4824     5691     4429     4318     3064     4440     7943     2623     5327     6737     3813     1803     7449     2486     3453     4260     3294     4960     4846     7364     6057     2899     6429     2556     2782     6428     8170     1574     7284     2651     3892     2944     2787     7985     1180     3059     6295     6985     6613     7088     534      6939     5411     5438     7416     5571     2638     6009     5030     2171     417      4148     2756     3070     4519     6699     4967     4904     2890     7638     2824     7551     4516     7764     6394     4378     4589     614      
2        4652     3945     0        5284     1274     3930     8766     4715     3361     2049     6992     8148     6880     3730     2433     4684     2320     6153     3343     7098     6058     7514     6650     6612     4384     7759     4992     6890     1917     760      1060     1580     5192     7012     1440     6181     5738     6601     4293     9501     2995     7182     4755     5175     1271     1474     6276     5112     5042     7687     7042     4120     5105     3562     7037     6402     5815     6451     6154     6516     2852     1668     2277     4359     664      6257     6341     573      7662     7069     6030     5565     6359     5064     6269     4772     5342     4364     5791     3463     4302     
3        4342     3862     5284     0        5630     4841     3683     1995     3549     3331     1731     2864     2452     2841     5333     1377     3671     2328     2802     4596     2886     2276     3115     2099     2079     3628     1573     3226     3985     4569     5801     4944     5228     2196     3880     2951     2397     4015     4561     4462     2893     3609     1241     174      5188     3885     5278     3946     880      2561     3269     5039     4848     3495     3211     1549     1784     4234     1791     4204     5397     5117     3237     3971     4949     3075     2686     5697     2849     1831     1041     1642     4649     1193     4582     1390     5774     4438     554      2839     3390     
4        3912     5051     1274     5630     0        3027     8838     5486     4421     2805     7246     8449     7544     3463     1329     4743     2082     6897     3174     6530     6911     7906     6369     7244     5168     7537     5677     7708     1691     1762     371      799      4282     7047     2229     5884     6535     7579     3480     9527     3868     6858     5365     5493     2545     2320     5463     6187     5581     7819     6782     3175     4273     4614     6790     6497     5766     5883     6140     7527     1744     723      3104     5469     906      7122     7130     866      7658     7461     6202     6236     5688     5670     5604     4818     4335     3586     6076     3249     5329     
5        1036     6374     3930     4841     3027     0        7008     5781     5708     3941     5974     7157     7249     2007     1741     3504     2083     6895     2170     3706     7208     6884     4041     6899     5562     5216     5713     7820     2273     3869     3397     2373     1266     5302     3754     3581     6725     8182     540      7563     4815     4403     5279     4667     4973     3876     2442     7252     5271     6202     4451     239      1257     5842     4485     4958     4023     3093     4409     8247     1402     2344     4231     6744     3269     7430     7221     3798     5762     6488     4889     6138     2773     5508     2698     3523     1457     697      5052     2075     6361     
6        6095     7390     8766     3683     8838     7008     0        5398     7177     6944     2041     1631     4192     5448     8162     4109     6755     4814     5673     4437     5523     2374     3113     4038     5595     2221     4908     5269     7150     8107     9083     8065     6707     1792     7441     3493     5212     6508     6528     783      6575     3031     4765     3731     8833     7467     6021     7155     4353     1122     2784     7115     6336     7097     2721     2365     3097     4603     2710     6794     8069     8203     6890     7407     8322     5600     5071     9098     1246     2559     2758     4593     5184     4566     5178     4028     7252     6365     3129     5618     6840     
7        5601     1996     4715     1995     5486     5781     5398     0        1903     2702     3357     4167     2207     3881     5667     2935     4007     1438     3620     6452     1468     3358     5065     1993     332      5622     490      2225     4147     3956     5531     5002     6506     4142     3312     4839     1050     2405     5668     6177     1736     5581     762      2071     4154     3253     6848     1955     1125     4311     5250     6012     6167     1774     5195     3521     3727     6010     3781     2498     5872     5196     2440     2021     4630     1690     1644     5244     4762     2981     3015     958      6342     848      6263     3001     6995     5586     2458     3733     1446     
8        5871     673      3361     3549     4421     5708     7177     1903     0        1812     5145     6046     4034     4205     5022     3939     3647     3193     3810     7406     2884     5250     6271     3866     1627     7053     2365     3735     3586     2677     4350     4185     6715     5737     2240     5936     2700     3256     5774     7961     943      6827     2416     3551     2473     2131     7371     1766     2826     6064     6544     5947     6448     202      6503     5080     5005     6860     5175     3156     5337     4371     1497     1075     3515     3052     3271     3933     6396     4859     4580     2858     7055     2646     6967     4030     7106     5744     4089     3961     946      
9        4225     2486     2049     3331     2805     3941     6944     2702     1812     0        5062     6177     4837     2701     3229     3036     1860     4133     2268     6129     4107     5505     5284     4564     2377     6267     2949     4913     1774     1292     2830     2429     5020     5262     614      4866     3745     4793     4062     7706     1074     5845     2706     3245     1898     577      5805     3510     3003     5835     5629     4178     4789     1974     5606     4615     4208     5525     4490     4763     3529     2621     321      2883     1930     4317     4345     2553     5932     5063     4186     3521     5615     3015     5524     3133     5369     4054     3865     2425     2616     
10       5246     5348     6992     1731     7246     5974     2041     3357     5145     5062     0        1216     2471     4110     6788     2580     5210     2914     4210     4542     3620     1015     2924     2222     3554     2813     2868     3541     5565     6289     7446     6519     6037     1228     5603     3040     3252     4684     5584     2823     4585     3210     2729     1821     6918     5612     5724     5152     2318     965      2844     6134     5644     5059     2769     1089     2033     4414     1710     4947     6783     6680     4968     5371     6621     3732     3216     7382     1605     811      1096     2583     4950     2524     4908     2529     6604     5435     1201     4200     4801     
11       6388     6148     8148     2864     8449     7157     1631     4167     6046     6177     1216     0        2624     5321     8004     3796     6422     3331     5426     5363     4023     840      3800     2524     4419     3333     3687     3681     6773     7430     8640     7729     7144     2045     6739     4020     3777     4943     6749     2278     5598     3949     3663     2979     7995     6739     6717     5750     3274     1208     3612     7310     6753     5934     3537     2206     3159     5346     2795     5238     7996     7891     6055     6103     7803     4073     3546     8557     2024     1187     2308     3263     5909     3405     5879     3743     7710     6596     2376     5415     5562     
12       6794     3925     6880     2452     7544     7249     4192     2207     4034     4837     2471     2624     0        5242     7520     3829     5819     861      5130     6791     1455     1818     5192     353      2536     5272     1888     1085     6050     6119     7631     6973     7681     3664     5452     5170     1370     2321     6999     4892     3935     5573     2180     2626     6361     5406     7681     3269     2028     3339     5205     7457     7300     3872     5133     3286     3995     6532     3826     2614     7651     7162     4605     3771     6731     1466     956      7390     4071     1699     2931     1316     7000     1881     6941     3842     8226     6881     2457     5195     3311     
13       1731     4824     3730     2841     3463     2007     5448     3881     4205     2701     4110     5321     5242     0        2721     1548     1432     4909     436      3468     5263     4959     2938     4891     3701     4084     3756     5836     1851     3289     3754     2667     2631     3662     2831     2460     4770     6283     1798     6104     3262     3457     3314     2668     4330     2925     3165     5532     3275     4501     3341     2216     2307     4294     3344     3187     2351     2844     2739     6376     2677     2785     2899     5143     3143     5482     5242     3898     4234     4544     3013     4151     2914     3525     2823     1586     3114     1708     3093     284      4680     
14       2703     5691     2433     5333     1329     1741     8162     5667     5022     3229     6788     8004     7520     2721     0        4208     1700     6988     2578     5377     7135     7570     5438     7191     5381     6626     5748     7867     1523     2628     1699     904      2974     6380     2804     4954     6702     7952     2236     8798     4278     5879     5369     5174     3635     2923     4182     6738     5493     7222     5856     1866     2999     5195     5876     5905     5066     4742     5457     7951     422      770      3550     6098     1830     7355     7267     2165     6936     7137     5699     6266     4482     5652     4402     4264     3006     2362     5693     2592     5843     
15       2965     4429     4684     1377     4743     3504     4109     2935     3939     3036     2580     3796     3829     1548     4208     0        2670     3640     1632     3545     4119     3411     2338     3475     2874     3236     2653     4559     3051     4065     4977     3986     3852     2333     3437     2001     3617     5219     3196     4825     3068     2898     2218     1203     4918     3486     3970     4830     2029     3075     2638     3693     3474     3956     2606     1754     1172     3077     1477     5370     4206     4136     3079     4649     4215     4325     3993     4992     2978     2998     1491     2905     3413     2331     3337     97       4397     3068     1551     1619     4100     
16       2490     4318     2320     3671     2082     2083     6755     4007     3647     1860     5210     6422     5819     1432     1700     2670     0        5297     1097     4787     5475     5933     4370     5490     3737     5512     4059     6185     418      1979     2346     1315     3209     4965     1705     3892     5028     6345     2249     7445     2787     4888     3672     3518     3078     1822     4122     5258     3793     5744     4773     2319     3020     3791     4774     4420     3686     4142     4057     6369     1865     1470     2157     4700     1714     5697     5584     2465     5576     5494     4145     4569     4092     3953     4001     2742     3522     2266     4069     1187     4359     
17       6553     3064     6153     2328     6897     6895     4814     1438     3193     4133     2914     3331     861      4909     6988     3640     5297     0        4733     6890     710      2493     5345     813      1770     5606     1240     928      5485     5394     6956     6376     7456     4003     4745     5244     508      1789     6702     5552     3171     5784     1634     2483     5562     4689     7596     2444     1639     3856     5423     7115     7089     3025     5356     3513     4058     6556     3968     2038     7156     6568     3877     2913     6054     823      358      6680     4504     2255     3075     757      6978     1386     6910     3675     7982     6598     2525     4820     2450     
18       2073     4440     3343     2802     3174     2170     5673     3620     3810     2268     4210     5426     5130     436      2578     1632     1097     4733     0        3902     5039     5002     3307     4785     3415     4430     3543     5655     1510     2871     3443     2392     2951     3881     2398     2838     4555     6024     2059     6354     2870     3840     3110     2635     3900     2490     3570     5194     3123     4682     3702     2396     2653     3908     3699     3358     2592     3280     2968     6101     2602     2529     2474     4771     2778     5260     5055     3545     4484     4574     3123     3978     3347     3347     3255     1693     3401     1995     3124     156      4327     
19       2682     7943     7098     4596     6530     3706     4437     6452     7406     6129     4542     5363     6791     3468     5377     3545     4787     6890     3902     0        7481     5546     1620     6466     6415     2221     6114     7738     5181     6736     6879     5762     2806     3359     6300     1647     6993     8611     3170     4703     6486     1429     5705     4465     7796     6392     1736     8372     5436     4159     1751     3679     2554     7448     1826     3530     2831     649      2964     8798     5090     5806     6287     8185     6463     7665     7246     7156     3386     5329     3861     6237     988      5754     1041     3468     3234     3027     4375     3753     7643     
20       6954     2623     6058     2886     6911     7208     5523     1468     2884     4107     3620     4023     1455     5263     7135     4119     5475     710      5039     7481     0        3190     5967     1500     1759     6284     1508     851      5614     5311     6932     6457     7862     4689     4703     5835     503      1131     7061     6257     3070     6426     1954     3025     5336     4631     8090     1825     2092     4566     6068     7435     7507     2696     6003     4175     4657     7115     4599     1350     7340     6651     3821     2400     6036     222      500      6608     5205     2965     3719     1244     7510     1789     7438     4166     8370     6970     3155     5141     2025     
21       6206     5327     7514     2276     7906     6884     2374     3358     5250     5505     1015     840      1818     4959     7570     3411     5933     2493     5002     5546     3190     0        3931     1690     3623     3711     2885     2894     6257     6780     8072     7217     7017     2198     6086     4055     2936     4137     6521     3078     4854     4189     2904     2418     7280     6076     6737     4910     2535     1615     3828     7056     6624     5131     3752     2098     3025     5429     2719     4427     7602     7389     5358     5270     7212     3247     2719     7950     2421     446      2009     2437     5965     2628     5923     3376     7584     6377     1878     5013     4735     
22       3058     6737     6650     3115     6369     4041     3113     5065     6271     5284     2924     3800     5192     2938     5438     2338     4370     5345     3307     1620     5967     3931     0        4875     5079     1188     4680     6165     4789     6144     6677     5570     3601     1764     5592     486      5492     7099     3525     3566     5406     563      4303     3008     7108     5662     2949     7017     3987     2617     418      4111     3238     6280     444      1915     1338     1550     1378     7304     5259     5666     5371     6928     6079     6140     5698     6836     1923     3709     2278     4731     2123     4304     2102     2244     4141     3360     2819     3191     6362     
23       6440     3813     6612     2099     7244     6899     4038     1993     3866     4564     2222     2524     353      4891     7191     3475     5490     813      4785     6466     1500     1690     4875     0        2314     4999     1627     1324     5729     5853     7340     6659     7327     3387     5178     4838     1293     2482     6646     4762     3697     5268     1879     2272     6139     5137     7334     3255     1697     3128     4901     7105     6947     3714     4830     2978     3660     6195     3503     2760     7315     6847     4344     3694     6442     1562     1033     7114     3828     1494     2604     1056     6659     1573     6598     3489     7872     6528     2116     4848     3202     
24       5430     1803     4384     2079     5168     5562     5595     332      1627     2377     3554     4419     2536     3701     5381     2874     3737     1770     3415     6415     1759     3623     5079     2314     0        5699     739      2540     3859     3625     5207     4698     6332     4264     2985     4824     1368     2624     5472     6377     1403     5608     849      2129     3827     2924     6728     1957     1255     4494     5288     5795     6002     1517     5236     3627     3749     5948     3836     2687     5598     4893     2111     1891     4306     1977     1968     4915     4900     3232     3118     1267     6255     1031     6174     2947     6808     5398     2580     3536     1310     
25       4216     7449     7759     3628     7537     5216     2221     5622     7053     6267     2813     3333     5272     4084     6626     3236     5512     5606     4430     2221     6284     3711     1188     4999     5699     0        5182     6323     5930     7216     7837     6738     4684     1611     6630     1672     5850     7395     4693     2509     6249     866      4869     3569     8133     6690     3860     7566     4499     2142     771      5276     4342     7034     750      2125     2076     2456     1879     7635     6448     6839     6316     7588     7208     6428     5939     7974     1313     3620     2618     5105     3027     4798     3033     3139     5201     4528     3189     4325     7009     
26       5447     2486     4992     1573     5677     5713     4908     490      2365     2949     2868     3687     1888     3756     5748     2653     4059     1240     3543     6114     1508     2885     4680     1627     739      5182     0        2131     4244     4232     5751     5140     6354     3678     3564     4483     1014     2572     5555     5687     2075     5182     447      1671     4524     3518     6612     2384     694      3823     4843     5938     6001     2247     4785     3069     3342     5702     3365     2716     5921     5332     2719     2506     4850     1726     1528     5502     4288     2500     2566     573      6065     384      5989     2708     6862     5462     2001     3641     1933     
27       7481     3453     6890     3226     7708     7820     5269     2225     3735     4913     3541     3681     1085     5836     7867     4559     6185     928      5655     7738     851      2894     6165     1324     2540     6323     2131     0        6354     6138     7743     7224     8383     4712     5517     6098     1174     1283     7631     5957     3895     6576     2547     3386     6187     5450     8503     2553     2568     4423     6210     8040     8015     3546     6140     4286     4911     7432     4787     1590     8049     7417     4637     3202     6844     697      603      7434     5145     2783     3887     1685     7869     2312     7803     4590     8910     7527     3363     5744     2865     
28       2808     4260     1917     3985     1691     2273     7150     4147     3586     1774     5565     6773     6050     1851     1523     3051     418      5485     1510     5181     5614     6257     4789     5729     3859     5930     4244     6354     0        1641     1938     959      3466     5361     1487     4311     5185     6432     2516     7846     2785     5306     3880     3839     2751     1610     4445     5259     4037     6127     5192     2499     3311     3745     5193     4805     4091     4534     4459     6437     1773     1134     2090     4656     1299     5834     5756     2047     5979     5815     4513     4775     4460     4171     4370     3127     3730     2555     4407     1605     4359     
29       4448     3294     760      4569     1762     3869     8107     3956     2677     1292     6289     7430     6119     3289     2628     4065     1979     5394     2871     6736     5311     6780     6144     5853     3625     7216     4232     6138     1641     0        1673     1724     5093     6374     693      5689     4983     5887     4152     8853     2242     6690     3999     4468     1111     716      6085     4442     4293     7015     6523     4083     4951     2874     6511     5749     5221     6098     5543     5815     3018     1877     1517     3712     871      5512     5586     1297     7034     6336     5356     4805     6070     4307     5978     4158     5321     4195     5087     3008     3603     
30       4274     4960     1060     5801     371      3397     9083     5531     4350     2830     7446     8640     7631     3754     1699     4977     2346     6956     3443     6879     6932     8072     6677     7340     5207     7837     5751     7743     1938     1673     0        1122     4654     7297     2228     6193     6575     7552     3847     9784     3867     7174     5461     5670     2317     2304     5832     6114     5699     8049     7087     3546     4642     4547     7093     6732     6029     6231     6397     7486     2112     1077     3111     5377     902      7139     7175     555      7917     7626     6418     6317     6047     5768     5962     5056     4705     3950     6264     3528     5276     
31       3183     4846     1580     4944     799      2373     8065     5002     4185     2429     6519     7729     6973     2667     904      3986     1315     6376     2392     5762     6457     7217     5570     6659     4698     6738     5140     7224     959      1724     1122     0        3640     6273     1946     5085     6050     7211     2779     8746     3500     6060     4795     4799     2741     2060     4772     5925     4973     7059     5982     2552     3587     4365     5991     5735     4983     5113     5361     7190     1303     194      2748     5258     943      6674     6633     1434     6875     6775     5459     5684     4944     5092     4857     4057     3765     2869     5366     2460     5039     
32       907      7364     5192     5228     4282     1266     6707     6506     6715     5020     6037     7144     7681     2631     2974     3852     3209     7456     2951     2806     7862     7017     3601     7327     6332     4684     6354     8383     3466     5093     4654     3640     0        5151     4913     3220     7363     8904     960      7159     5789     3822     5908     5055     6203     5031     1256     8145     5818     6065     3968     1109     392      6829     4020     4957     4004     2293     4350     9004     2596     3609     5286     7709     4529     8078     7801     5064     5486     6666     5018     6705     1818     6093     1768     3839     567      971      5311     2814     7277     
33       4448     6057     7012     2196     7047     5302     1792     4142     5737     5262     1228     2045     3664     3662     6380     2333     4965     4003     3881     3359     4689     2198     1764     3387     4264     1611     3678     4712     5361     6374     7297     6273     5151     0        5724     1979     4270     5792     4849     2492     5026     1990     3416     2186     7160     5759     4672     6054     3020     915      1630     5428     4765     5690     1554     662      1314     3302     923      6037     6302     6410     5242     6151     6548     4826     4331     7325     673      2040     1158     3538     3864     3298     3833     2248     5713     4689     1686     3826     5569     
34       4184     2899     1440     3880     2229     3754     7441     3312     2240     614      5603     6739     5452     2831     2804     3437     1705     4745     2398     6300     4703     6086     5592     5178     2985     6630     3564     5517     1487     693      2228     1946     4913     5724     0        5151     4351     5349     3953     8192     1642     6146     3315     3781     1517     123      5805     3992     3602     6342     5958     3983     4723     2423     5941     5090     4604     5675     4912     5302     3144     2131     882      3312     1336     4910     4953     1938     6388     5642     4685     4135     5703     3624     5611     3532     5207     3970     4402     2547     3116     
35       2618     6429     6181     2951     5884     3581     3493     4839     5936     4866     3040     4020     5170     2460     4954     2001     3892     5244     2838     1647     5835     4055     486      4838     4824     1672     4483     6098     4311     5689     6193     5085     3220     1979     5151     0        5348     6965     3074     3993     5050     1001     4084     2824     6669     5225     2699     6777     3799     2880     903      3662     2845     5956     922      1969     1186     1381     1364     7155     4780     5180     4969     6641     5603     6018     5601     6357     2266     3787     2240     4590     1910     4118     1871     1912     3773     2909     2735     2718     6084     
36       6456     2556     5738     2397     6535     6725     5212     1050     2700     3745     3252     3777     1370     4770     6702     3617     5028     508      4555     6993     503      2936     5492     1293     1368     5850     1014     1174     5185     4983     6575     6050     7363     4270     4351     5348     0        1619     6569     5963     2744     5961     1457     2531     5097     4287     7587     1973     1590     4212     5607     6951     7007     2527     5543     3731     4174     6619     4131     1812     6894     6243     3474     2408     5675     715      603      6276     4811     2659     3262     761      7010     1286     6937     3664     7874     6475     2693     4654     1941     
37       7996     2782     6601     4015     7579     8182     6508     2405     3256     4793     4684     4943     2321     6283     7952     5219     6345     1789     6024     8611     1131     4137     7099     2482     2624     7395     2572     1283     6432     5887     7552     7211     8904     5792     5349     6965     1619     0        8073     7213     3719     7555     3017     4150     5708     5260     9185     1654     3201     5607     7197     8414     8558     3054     7131     5296     5788     8238     5730     310      8193     7405     4482     2428     6680     968      1468     7169     6284     3976     4847     2374     8623     2890     8549     5270     9398     7990     4285     6138     2309     
38       495      6428     4293     4561     3480     540      6528     5668     5774     4062     5584     6749     6999     1798     2236     3196     2249     6702     2059     3170     7061     6521     3525     6646     5472     4693     5555     7631     2516     4152     3847     2779     960      4849     3953     3074     6569     8073     0        7065     4855     3872     5113     4386     5263     4072     1993     7241     5065     5758     3931     588      811      5893     3968     4544     3596     2554     3974     8157     1923     2776     4333     6780     3629     7281     7038     4213     5283     6138     4514     5945     2249     5321     2171     3202     1345     165      4724     1936     6363     
39       6611     8170     9501     4462     9527     7563     783      6177     7961     7706     2823     2278     4892     6104     8798     4825     7445     5552     6354     4703     6257     3078     3566     4762     6377     2509     5687     5957     7846     8853     9784     8746     7159     2492     8192     3993     5963     7213     7065     0        7355     3371     5548     4506     9598     8222     6369     7916     5136     1903     3190     7653     6802     7880     3139     3103     3762     4963     3387     7504     8683     8878     7658     8183     9041     6323     5794     9818     1871     3304     3520     5361     5536     5347     5542     4741     7689     6900     3908     6289     7617     
40       4936     1574     2995     2893     3868     4815     6575     1736     943      1074     4585     5598     3935     3262     4278     3068     2787     3171     2870     6486     3070     4854     5406     3697     1403     6249     2075     3895     2785     2242     3867     3500     5789     5026     1642     5050     2744     3719     4855     7355     0        5966     1951     2859     2451     1563     6427     2476     2324     5453     5699     5055     5514     1040     5663     4363     4179     5930     4385     3690     4558     3692     764      1929     2978     3274     3347     3538     5696     4431     3881     2641     6115     2240     6026     3163     6193     4819     3447     3020     1576     
41       3388     7284     7182     3609     6858     4403     3031     5581     6827     5845     3210     3949     5573     3457     5879     2898     4888     5784     3840     1429     6426     4189     563      5268     5608     866      5182     6576     5306     6690     7174     6060     3822     1990     6146     1001     5961     7555     3872     3371     5966     0        4818     3513     7663     6218     3004     7536     4488     2741     368      4449     3485     6832     442      2291     1858     1593     1830     7770     5676     6148     5933     7467     6600     6591     6133     7351     1957     4016     2709     5200     2168     4802     2171     2803     4335     3709     3270     3718     6899     
42       5000     2651     4755     1241     5365     5279     4765     762      2416     2706     2729     3663     2180     3314     5369     2218     3672     1634     3110     5705     1954     2904     4303     1879     849      4869     447      2547     3880     3999     5461     4795     5908     3416     3315     4084     1457     3017     5113     5548     1951     4818     0        1309     4391     3283     6170     2718     412      3657     4488     5502     5554     2331     4433     2782     2965     5279     3020     3155     5526     4984     2510     2735     4563     2171     1945     5244     4051     2486     2273     897      5631     309      5555     2277     6417     5018     1731     3204     2154     
43       4168     3892     5175     174      5493     4667     3731     2071     3551     3245     1821     2979     2626     2668     5174     1203     3518     2483     2635     4465     3025     2418     3008     2272     2129     3569     1671     3386     3839     4468     5670     4799     5055     2186     3781     2824     2531     4150     4386     4506     2859     3513     1309     0        5115     3791     5117     4026     979      2611     3180     4865     4676     3507     3124     1528     1671     4090     1711     4333     5233     4970     3166     4019     4825     3217     2840     5578     2849     1976     1029     1782     4497     1298     4428     1218     5600     4263     620      2669     3439     
44       5557     2944     1271     5188     2545     4973     8833     4154     2473     1898     6918     7995     6361     4330     3635     4918     3078     5562     3900     7796     5336     7280     7108     6139     3827     8133     4524     6187     2751     1111     2317     2741     6203     7160     1517     6669     5097     5708     5263     9598     2451     7663     4391     5115     0        1446     7193     4123     4745     7719     7470     5183     6063     2672     7452     6512     6090     7164     6382     5580     4043     2865     1951     3339     1804     5514     5690     1781     7831     6849     6078     5085     7159     4687     7067     5014     6421     5306     5733     4046     3408     
45       4298     2787     1474     3885     2320     3876     7467     3253     2131     577      5612     6739     5406     2925     2923     3486     1822     4689     2490     6392     4631     6076     5662     5137     2924     6690     3518     5450     1610     716      2304     2060     5031     5759     123      5225     4287     5260     4072     8222     1563     6218     3283     3791     1446     0        5916     3886     3580     6364     6024     4105     4839     2316     6007     5122     4655     5770     4957     5207     3266     2243     813      3200     1420     4837     4890     1991     6426     5634     4709     4091     5805     3591     5713     3581     5329     4087     4412     2641     3015     
46       1637     7985     6276     5278     5463     2442     6021     6848     7371     5805     5724     6717     7681     3165     4182     3970     4122     7596     3570     1736     8090     6737     2949     7334     6728     3860     6612     8503     4445     6085     5832     4772     1256     4672     5805     2699     7587     9185     1993     6369     6427     3004     6170     5117     7193     5916     0        8634     5999     5557     3239     2328     1189     7458     3304     4639     3744     1417     4019     9324     3824     4765     6035     8294     5613     8296     7952     6207     4869     6442     4825     6872     837      6301     847      3927     1554     1912     5229     3416     7810     
47       7259     1180     5112     3946     6187     7252     7155     1955     1766     3510     5152     5750     3269     5532     6738     4830     5258     2444     5194     8372     1825     4910     7017     3255     1957     7566     2384     2553     5259     4442     6114     5925     8145     6054     3992     6777     1973     1654     7241     7916     2476     7536     2718     4026     4123     3886     8634     0        3069     6118     7206     7491     7838     1572     7151     5453     5681     7902     5736     1475     7030     6114     3188     789      5281     1883     2323     5686     6648     4618     4951     2569     8195     2768     8112     4904     8586     7187     4384     5331     900      
48       4914     3059     5042     880      5581     5271     4353     1125     2826     3003     2318     3274     2028     3275     5493     2029     3793     1639     3123     5436     2092     2535     3987     1697     1255     4499     694      2568     4037     4293     5699     4973     5818     3020     3602     3799     1590     3201     5065     5136     2324     4488     412      979      4745     3580     5999     3069     0        3245     4149     5487     5453     2743     4092     2395     2651     5040     2672     3369     5622     5159     2833     3131     4810     2296     1983     5513     3648     2107     1889     886      5421     319      5348     2074     6342     4960     1334     3200     2551     
49       5362     6295     7687     2561     7819     6202     1122     4311     6064     5835     965      1208     3339     4501     7222     3075     5744     3856     4682     4159     4566     1615     2617     3128     4494     2142     3823     4423     6127     7015     8049     7059     6065     915      6342     2880     4212     5607     5758     1903     5453     2741     3657     2611     7719     6364     5557     6118     3245     0        2408     6334     5680     5988     2333     1324     2187     4168     1796     5879     7164     7206     5773     6329     7264     4666     4144     8037     829      1640     1658     3549     4738     3470     4713     3002     6627     5599     2006     4642     5756     
