
sets
i        orders          /0*80/
k        routes          /1*80/
p        positions       /0*80/
;

alias(i,j)
alias(i,h)
alias(i,hh)
alias(i,jj)
alias(k,kk)
                
                    Parameters

rho(i)	Processing time
/
0	0
1	72
2	46
3	30
4	8
5	85
6	16
7	18
8	38
9	66
10	36
11	1
12	36
13	33
14	61
15	99
16	27
17	73
18	46
19	96
20	40
21	28
22	74
23	89
24	14
25	91
26	75
27	42
28	65
29	28
30	53
31	97
32	85
33	40
34	19
35	54
36	37
37	37
38	8
39	41
40	67
41	38
42	7
43	33
44	17
45	66
46	4
47	48
48	96
49	32
50	50
51	47
52	69
53	31
54	63
55	87
56	55
57	9
58	58
59	81
60	11
61	54
62	69
63	14
64	1
65	72
66	4
67	24
68	9
69	93
70	1
71	28
72	41
73	83
74	98
75	19
76	10
77	36
78	13
79	82
80	48
/

gamma(i)	Duedate
/
0	0
1	10
2	27
3	33
4	64
5	76
6	45
7	37
8	19
9	87
10	91
11	20
12	40
13	28
14	22
15	20
16	31
17	31
18	17
19	51
20	61
21	7
22	86
23	75
24	81
25	67
26	45
27	19
28	93
29	92
30	48
31	36
32	38
33	60
34	9
35	46
36	91
37	88
38	89
39	66
40	55
41	90
42	90
43	19
44	75
45	79
46	90
47	88
48	11
49	19
50	48
51	80
52	25
53	70
54	68
55	87
56	36
57	17
58	64
59	19
60	20
61	71
62	36
63	76
64	18
65	31
66	99
67	47
68	48
69	98
70	42
71	69
72	32
73	11
74	43
75	54
76	5
77	97
78	72
79	56
80	7
/

sigma(i)	Size
/
0	0
1	4
2	4
3	8
4	4
5	5
6	1
7	3
8	7
9	4
10	8
11	7
12	9
13	2
14	8
15	7
16	2
17	1
18	4
19	9
20	8
21	1
22	5
23	2
24	4
25	7
26	2
27	8
28	9
29	5
30	7
31	8
32	7
33	6
34	1
35	9
36	3
37	4
38	8
39	2
40	5
41	2
42	7
43	6
44	4
45	6
46	2
47	6
48	4
49	9
50	6
51	7
52	6
53	1
54	3
55	3
56	2
57	1
58	5
59	5
60	5
61	8
62	4
63	2
64	9
65	3
66	4
67	9
68	7
69	1
70	9
71	1
72	6
73	2
74	8
75	6
76	7
77	9
78	4
79	4
80	4
/

epsilon(i)	Priority
/
0	0
1	3
2	1
3	6
4	9
5	4
6	7
7	1
8	8
9	7
10	1
11	5
12	7
13	2
14	2
15	8
16	7
17	6
18	9
19	1
20	7
21	1
22	4
23	9
24	1
25	1
26	8
27	3
28	8
29	9
30	5
31	1
32	2
33	8
34	8
35	5
36	7
37	9
38	8
39	4
40	9
41	4
42	4
43	8
44	8
45	8
46	4
47	5
48	3
49	3
50	6
51	4
52	4
53	1
54	9
55	4
56	5
57	8
58	3
59	7
60	3
61	8
62	4
63	6
64	4
65	9
66	2
67	2
68	2
69	4
70	6
71	9
72	3
73	6
74	1
75	8
76	1
77	6
78	7
79	3
80	2
/

psi	Vehicle Capacity
/ 18 /
;

Table kappa(i,j)                 Setup
         0        1        2        3        4        5        6        7        8        9        10       11       12       13       14       15       16       17       18       19       20       21       22       23       24       25       26       27       28       29       30       31       32       33       34       35       36       37       38       39       40       41       42       43       44       45       46       47       48       49       50       51       52       53       54       55       56       57       58       59       60       61       62       63       64       65       66       67       68       69       70       71       72       73       74       75       76       77       78       79       80       
0        0        951      2061     1842     1226     1260     944      1267     180      830      960      1591     772      1449     1237     1029     301      942      455      1362     980      1131     917      665      1552     1307     1352     1501     1323     901      1034     1427     1104     1660     35       1086     1402     801      983      1744     1157     1395     690      2012     1317     916      1354     286      944      1958     432      1513     991      1475     1300     1050     530      1267     912      914      368      340      1728     523      1410     2015     1399     933      1136     1728     1216     1183     2052     1049     1268     1952     1347     1165     1011     1411     1517     
1        951      0        1384     1078     274      535      330      1222     787      1187     1229     702      182      843      307      538      671      639      568      483      966      1119     1138     949      1553     549      1486     919      1396     185      664      967      1097     1393     936      693      1233     885      481      1180     1113     1257     1075     1384     368      36       557      929      448      1222     799      585      200      1658     581      98       842      876      891      399      869      658      1006     427      615      1321     1125     1140     188      1001     509      1311     1388     204      782      1339     420      866      914      577      965      
2        2061     1384     0        344      1274     861      1169     1167     1966     1638     1549     807      1513     611      1373     1035     1893     1125     1614     1515     1250     1218     1489     1562     1266     837      1434     561      1333     1284     1032     678      1229     828      2066     982      992      1381     1086     361      1179     1033     1654     118      1169     1400     827      1860     1129     203      1668     1388     1209     1555     814      1330     1608     836      1269     1170     1758     1726     378      1655     771      70       863      1474     1257     383      897      1392     31       1183     799      169      1059     958      1174     823      555      
3        1842     1078     344      0        941      589      909      1159     1727     1549     1485     463      1223     441      1038     820      1641     946      1386     1173     1157     1173     1411     1426     1343     550      1460     434      1350     1003     859      609      1175     935      1842     816      1013     1252     859      419      1137     1057     1535     402      833      1098     524      1673     897      148      1483     1044     920      1605     545      1014     1441     733      1153     928      1575     1502     133      1392     465      274      861      1398     936      129      631      1375     360      885      650      396      725      852      1073     503      464      
4        1226     274      1274     941      0        515      481      1357     1059     1408     1432     505      454      822      108      651      942      792      836      303      1137     1272     1340     1180     1675     500      1644     898      1545     391      787      995      1254     1447     1210     801      1331     1089     611      1137     1258     1362     1309     1296     118      310      474      1198     595      1090     1057     333      335      1818     551      177      1089     946      1071     561      1133     931      900      702      519      1206     1202     1339     107      893      511      1479     1283     282      831      1261     217      970      1071     454      952      
5        1260     535      861      589      515      0        320      906      1140     1112     1091     405      651      314      624      283      1052     444      805      815      758      851      1003     933      1200     57       1213     391      1106     422      386      481      840      935      1258     370      845      784      298      646      828      881      1058     851      460      546      123      1116     326      719      930      780      348      1383     47       501      909      454      718      347      1022     920      491      804      161      802      704      995      453      489      44       1070     862      331      330      804      369      511      677      201      442      
6        944      330      1169     909      481      320      0        897      819      935      951      661      372      576      567      210      732      317      491      767      658      801      860      717      1226     364      1172     646      1077     150      334      659      781      1068     941      364      902      610      151      911      791      927      847      1146     503      320      409      824      120      1037     650      811      149      1345     364      358      652      552      590      80       738      606      808      486      465      1114     797      858      377      806      278      1002     1166     198      470      1093     475      535      597      470      683      
7        1267     1222     1167     1159     1357     906      897      0        1270     543      419      1277     1202     755      1454     705      1268     583      968      1656     303      136      396      605      334      954      312      733      202      1036     570      552      164      443      1289     557      185      474      751      809      119      154      626      1066     1340     1206     1017     988      777      1188     841      1666     1045     478      898      1256     738      469      385      823      898      1031     1029     1148     1025     1159     306      377      1262     1035     886      224      1142     1083     592      1004     1267     395      319      1092     695      
8        180      787      1966     1727     1059     1140     819      1270     0        895      1013     1448     605      1356     1065     932      122      870      355      1184     971      1134     956      693      1576     1183     1395     1413     1353     756      959      1358     1106     1635     156      1011     1387     796      880      1666     1155     1386     748      1927     1155     752      1225     361      837      1851     434      1338     847      1533     1182     885      541      1204     895      801      404      253      1620     362      1282     1917     1364     970      974      1619     1097     1218     1960     901      1188     1869     1193     1113     987      1277     1435     
9        830      1187     1638     1549     1408     1112     935      543      895      0        138      1518     1088     1108     1480     834      938      669      712      1670     393      438      152      244      754      1169     529      1120     523      1021     730      965      420      986      860      758      722      331      841      1278     477      697      146      1552     1438     1158     1236     547      838      1615     485      1741     1074     645      1127     1257     389      819      402      857      491      714      1416     927      1268     1617     797      170      1301     1420     1075     381      1618     1131     902      1488     1402     697      476      1314     1103     
10       960      1229     1549     1485     1432     1091     951      419      1013     138      0        1495     1147     1049     1511     823      1047     659      797      1706     337      332      91       330      615      1147     393      1051     384      1054     705      887      320      862      988      724      603      344      840      1188     372      574      270      1458     1450     1202     1214     674      844      1540     589      1763     1097     520      1100     1291     485      752      374      871      609      815      1351     1009     1240     1532     694      95       1326     1356     1057     243      1528     1150     848      1394     1404     635      422      1292     1029     
11       1591     702      807      463      505      405      661      1277     1448     1518     1495     0        873      550      590      687      1344     850      1147     711      1159     1239     1407     1336     1541     349      1588     606      1479     692      790      769      1231     1206     1584     771      1184     1189     692      769      1212     1224     1461     853      388      730      282      1485     711      610      1308     583      601      1754     394      618      1299     808      1123     716      1398     1259     463      1088     255      737      1030     1399     528      455      444      1458     822      547      684      832      292      892      1076     205      663      
12       772      182      1513     1223     454      651      372      1202     605      1088     1147     873      0        940      470      574      489      629      417      620      922      1086     1060     844      1537     677      1441     1013     1360     232      678      1031     1062     1428     755      718      1240     812      511      1278     1087     1258     964      1501     551      148      699      771      468      1362     660      749      304      1609     698      280      719      917      841      415      721      493      1139     249      758      1453     1151     1065     371      1136     617      1260     1513     339      842      1452     599      881      884      731      1053     
13       1449     843      611      441      822      314      576      755      1356     1108     1049     550      940      0        931      423      1285     520      1003     1115     717      747      972      987      995      322      1066     77       955      708      429      220      746      661      1454     382      640      812      477      338      713      682      1094     574      752      850      357      1256     521      524      1064     1055     648      1224     272      815      1012     299      711      565      1155     1115     309      1054     332      566      484      960      767      312      334      959      604      640      208      519      648      413      633      409      130      
14       1237     307      1373     1038     108      624      567      1454     1065     1480     1511     590      470      931      0        748      945      883      874      201      1225     1365     1419     1246     1775     609      1737     1007     1640     458      884      1103     1346     1554     1219     900      1434     1166     704      1245     1353     1464     1374     1399     204      341      582      1235     684      1187     1106     279      417      1910     660      223      1146     1051     1156     646      1176     960      1002     719      625      1305     1307     1419     192      995      619      1569     1384     372      937      1366     314      1071     1163     559      1061     
15       1029     538      1035     820      651      283      210      705      932      834      823      687      574      423      748      0        864      164      579      950      500      622      733      650      1028     340      994      483      894      360      135      462      606      859      1032     155      696      503      63       741      607      722      775      996      644      530      405      853      108      930      664      967      346      1167     306      556      632      344      448      160      756      692      701      641      443      987      587      727      556      701      243      834      1028     378      274      938      585      328      427      481      509      
16       301      671      1893     1641     942      1052     732      1268     122      938      1047     1344     489      1285     945      864      0        821      310      1062     965      1133     982      719      1584     1093     1418     1347     1367     654      906      1306     1105     1610     278      957      1370     796      808      1604     1150     1373     792      1859     1040     637      1131     434      764      1769     457      1217     745      1564     1096     770      562      1156     885      723      452      237      1539     255      1189     1841     1334     994      860      1537     1011     1237     1888     797      1129     1803     1082     1074     970      1179     1373     
17       942      639      1125     946      792      444      317      583      870      669      659      850      629      520      883      164      821      0        516      1084     345      483      569      493      915      501      855      563      760      453      92       488      463      813      950      143      610      339      183      801      474      628      614      1071     797      623      567      736      198      1043     544      1117     467      1028     463      676      494      334      286      240      634      619      820      631      603      1084     533      564      691      821      406      686      1114     511      326      1010     745      261      280      645      575      
18       455      568      1614     1386     836      805      491      968      355      712      797      1147     417      1003     874      579      310      516      0        1036     665      835      721      470      1292     853      1144     1059     1083     469      604      1004     807      1300     455      656      1063     506      530      1310     849      1067     574      1572     909      533      901      361      490      1505     247      1154     556      1300     844      661      323      851      583      458      304      115      1275     216      956      1566     1024     730      736      1274     761      961      1607     617      832      1514     922      765      664      961      1080     
19       1362     483      1515     1173     303      815      767      1656     1184     1670     1706     711      620      1115     201      950      1062     1084     1036     0        1425     1566     1615     1432     1976     794      1938     1190     1842     651      1086     1296     1547     1749     1340     1102     1634     1361     906      1417     1555     1665     1559     1552     364      514      759      1391     885      1320     1276     195      617      2112     848      415      1324     1250     1355     846      1341     1112     1154     859      796      1445     1506     1615     394      1147     814      1769     1528     573      1134     1523     473      1272     1364     724      1245     
20       980      966      1250     1157     1137     758      658      303      971      393      337      1159     922      717      1225     500      965      345      665      1425     0        170      256      341      629      812      521      726      437      782      374      574      143      683      1000     388      421      179      528      892      185      415      408      1169     1141     945      880      711      541      1221     549      1462     808      692      764      1013     450      425      83       578      615      729      1023     848      904      1226     441      245      1034     1027     726      345      1232     855      512      1104     1085     304      85       958      710      
21       1131     1119     1218     1173     1272     851      801      136      1134     438      332      1239     1086     747      1365     622      1133     483      835      1566     170      0        286      472      459      902      372      739      277      933      487      565      28       557      1153     485      289      338      661      857      39       271      504      1126     1265     1100     968      854      681      1217     705      1590     950      545      849      1159     602      448      254      723      763      896      1040     1019     984      1203     362      268      1173     1045     825      219      1196     993      561      1062     1200     347      204      1046     710      
22       917      1138     1489     1411     1340     1003     860      396      956      152      91       1407     1060     972      1419     733      982      569      721      1615     256      286      0        264      637      1059     439      979      406      963      617      819      268      837      944      638      572      253      749      1128     325      548      238      1402     1359     1113     1126     631      753      1471     526      1671     1005     582      1013     1200     419      678      285      779      557      747      1277     931      1153     1469     645      18       1234     1281     968      266      1469     1058     768      1337     1313     559      341      1204     959      
23       665      949      1562     1426     1180     933      717      605      693      244      330      1336     844      987      1246     650      719      493      470      1432     341      472      264      0        888      990      702      1014     662      789      571      886      445      1020     689      610      754      181      644      1211     502      742      129      1489     1218     919      1055     383      632      1510     262      1513     849      845      955      1023     156      726      297      643      298      486      1296     685      1094     1531     782      277      1073     1298     893      525      1546     908      779      1425     1191     604      398      1131     1009     
24       1552     1553     1266     1343     1675     1200     1226     334      1576     754      615      1541     1537     995      1775     1028     1584     915      1292     1976     629      459      637      888      0        1242     251      953      231      1368     894      776      485      439      1577     874      358      788      1077     942      451      320      874      1152     1649     1538     1302     1267     1106     1337     1142     1975     1372     298      1184     1583     1035     747      713      1154     1187     1346     1223     1478     1300     1277     511      620      1583     1230     1186     373      1238     1406     872      1097     1568     704      653      1372     904      
25       1307     549      837      550      500      57       364      954      1183     1169     1147     349      677      322      609      340      1093     501      853      794      812      902      1059     990      1242     0        1262     398      1154     453      442      507      892      962      1305     425      886      841      353      644      878      922      1115     834      433      563      67       1168     380      685      984      747      373      1431     58       505      964      495      774      397      1076     968      461      842      106      775      741      1051     449      458      98       1122     839      347      369      790      335      560      731      145      452      
26       1352     1486     1434     1460     1644     1213     1172     312      1395     529      393      1588     1441     1066     1737     994      1418     855      1144     1938     521      372      439      702      251      1262     0        1040     110      1302     859      858      391      632      1380     854      449      643      1033     1088     388      405      663      1326     1637     1466     1326     1066     1053     1477     964      1962     1322     173      1207     1530     857      781      600      1094     995      1182     1331     1346     1336     1435     599      425      1545     1338     1190     184      1407     1365     904      1266     1569     702      575      1402     999      
27       1501     919      561      434      898      391      646      733      1413     1120     1051     606      1013     77       1007     483      1347     563      1059     1190     726      739      979      1014     953      398      1040     0        929      781      471      182      741      599      1507     421      603      835      539      265      703      646      1116     513      826      926      431      1299     584      497      1107     1126     723      1194     349      892      1050     300      729      630      1197     1169     301      1119     402      521      447      965      844      306      410      944      550      717      239      455      721      422      644      478      57       
28       1323     1396     1333     1350     1545     1106     1077     202      1353     523      384      1479     1360     955      1640     894      1367     760      1083     1842     437      277      406      662      231      1154     110      929      0        1210     758      747      299      545      1349     750      343      577      936      983      287      300      642      1226     1535     1377     1218     1038     958      1370     919      1860     1227     277      1099     1436     812      671      519      1000     960      1130     1222     1278     1227     1331     490      390      1448     1228     1084     142      1306     1268     794      1166     1464     595      482      1294     889      
29       901      185      1284     1003     391      422      150      1036     756      1021     1054     692      232      708      458      360      654      453      469      651      782      933      963      789      1368     453      1302     781      1210     0        481      807      912      1219     892      513      1050     709      300      1046     927      1073     918      1270     446      171      482      826      264      1139     672      724      91       1474     469      236      698      703      708      214      752      576      913      399      541      1225     948      963      284      910      386      1127     1284     148      619      1220     452      684      728      525      822      
30       1034     664      1032     859      787      386      334      570      959      730      705      790      678      429      884      135      906      92       604      1086     374      487      617      571      894      442      859      471      758      481      0        399      472      751      1042     51       569      407      183      710      471      592      688      978      778      652      509      828      216      953      636      1102     477      1032     397      688      583      252      332      268      726      709      731      706      538      992      473      609      691      733      352      701      1021     513      234      918      715      203      296      587      483      
31       1427     967      678      609      995      481      659      552      1358     965      887      769      1031     220      1103     462      1306     488      1004     1296     574      565      819      886      776      507      858      182      747      807      399      0        570      455      1437     348      423      705      525      326      528      465      976      604      940      967      555      1202     570      653      1013     1254     767      1012     450      958      943      162      591      622      1099     1107     477      1097     541      652      266      805      926      483      484      766      660      775      189      540      842      281      496      617      145      
32       1104     1097     1229     1175     1254     840      781      164      1106     420      320      1231     1062     746      1346     606      1105     463      807      1547     143      28       268      445      485      892      391      741      299      912      472      570      0        580      1125     472      313      310      643      867      58       297      480      1138     1250     1078     959      827      662      1223     677      1573     931      564      840      1139     574      447      227      703      736      868      1042     992      976      1212     377      250      1154     1047     813      230      1207     974      556      1074     1186     341      183      1036     714      
33       1660     1393     828      935      1447     935      1068     443      1635     986      862      1206     1428     661      1554     859      1610     813      1300     1749     683      557      837      1020     439      962      632      599      545      1219     751      455      580      0        1678     710      267      861      920      519      521      289      1061     714      1395     1388     1010     1394     961      911      1228     1709     1194     732      905      1396     1132     516      748      1014     1298     1385     826      1443     992      842      280      818      1372     834      935      645      799      1212     618      659      1298     552      650      1069     543      
34       35       936      2066     1842     1210     1258     941      1289     156      860      988      1584     755      1454     1219     1032     278      950      455      1340     1000     1153     944      689      1577     1305     1380     1507     1349     892      1042     1437     1125     1678     0        1094     1421     821      985      1752     1179     1415     718      2019     1303     901      1351     314      945      1960     450      1493     983      1505     1299     1035     551      1278     930      914      391      340      1730     509      1406     2019     1415     960      1122     1729     1215     1210     2057     1040     1275     1959     1336     1177     1028     1406     1524     
35       1086     693      982      816      801      370      364      557      1011     758      724      771      718      382      900      155      957      143      656      1102     388      485      638      610      874      425      854      421      750      513      51       348      472      710      1094     0        540      440      213      658      466      566      724      927      784      684      492      877      251      907      685      1109     502      1026     376      712      630      204      356      304      775      761      687      755      516      943      434      629      708      689      341      703      971      532      183      866      714      173      306      570      432      
36       1402     1233     992      1013     1331     845      902      185      1387     722      603      1184     1240     640      1434     696      1370     610      1063     1634     421      289      572      754      358      886      449      603      343      1050     569      423      313      267      1421     540      0        600      751      640      254      43       793      888      1299     1222     944      1131     786      1027     970      1623     1042     592      828      1252     872      391      492      836      1036     1139     887      1222     942      989      156      553      1244     893      833      406      966      1071     516      826      1214     367      400      1014     558      
37       801      885      1381     1252     1089     784      610      474      796      331      344      1189     812      812      1166     503      796      339      506      1361     179      338      253      181      788      841      643      835      577      709      407      705      310      861      821      440      600      0        510      1030     359      594      283      1308     1112     859      907      534      508      1332     370      1421     753      804      801      946      271      545      118      530      437      559      1121     703      941      1351     610      255      983      1123     746      458      1365     808      603      1244     1072     423      221      984      829      
38       983      481      1086     859      611      298      151      751      880      841      840      692      511      477      704      63       808      183      530      906      528      661      749      644      1077     353      1033     539      936      300      183      525      643      920      985      213      751      510      0        800      649      776      772      1051     613      471      414      820      45       975      633      933      294      1207     329      505      611      406      469      97       725      644      745      581      459      1036     647      745      512      744      255      868      1080     332      337      994      563      384      460      488      568      
39       1744     1180     361      419      1137     646      911      809      1666     1278     1188     769      1278     338      1245     741      1604     801      1310     1417     892      857      1128     1211     942      644      1088     265      983      1046     710      326      867      519      1752     658      640      1030     800      0        818      683      1298     278      1053     1188     663      1526     846      395      1336     1332     986      1219     601      1147     1268     488      915      893      1423     1418     327      1381     621      349      504      1112     1093     335      670      1034     340      976      478      214      944      607      818      693      231      
40       1157     1113     1179     1137     1258     828      791      119      1155     477      372      1212     1087     713      1353     607      1150     474      849      1555     185      39       325      502      451      878      388      703      287      927      471      528      58       521      1179     466      254      359      649      818      0        239      539      1086     1249     1096     944      883      671      1180     729      1574     940      561      824      1150     627      415      266      715      790      914      1004     1029     957      1164     322      307      1161     1009     803      247      1157     981      531      1022     1180     320      202      1021     673      
41       1395     1257     1033     1057     1362     881      927      154      1386     697      574      1224     1258     682      1464     722      1373     628      1067     1665     415      271      548      742      320      922      405      646      300      1073     592      465      297      289      1415     566      43       594      776      683      239      0        774      929      1332     1245     982      1122     809      1071     965      1657     1068     549      864      1278     865      427      490      859      1028     1140     930      1232     981      1031     199      529      1273     937      867      369      1008     1099     552      868      1249     393      403      1053     601      
42       690      1075     1654     1535     1309     1058     847      626      748      146      270      1461     964      1094     1374     775      792      614      574      1559     408      504      238      129      874      1115     663      1116     642      918      688      976      480      1061     718      724      793      283      772      1298     539      774      0        1576     1348     1044     1180     404      761      1613     340      1642     978      787      1078     1150     250      820      386      772      344      570      1403     790      1217     1627     844      256      1202     1406     1018     500      1637     1037     886      1512     1321     698      480      1256     1106     
43       2012     1384     118      402      1296     851      1146     1066     1927     1552     1458     853      1501     574      1399     996      1859     1071     1572     1552     1169     1126     1402     1489     1152     834      1326     513      1226     1270     978      604      1138     714      2019     927      888      1308     1051     278      1086     929      1576     0        1197     1397     834      1801     1095     284      1610     1437     1200     1443     804      1337     1545     766      1194     1139     1698     1682     398      1627     782      159      766      1385     1270     405      884      1291     87       1180     744      64       1086     885      1096     841      495      
44       1317     368      1169     833      118      460      503      1340     1155     1438     1450     388      551      752      204      644      1040     797      909      364      1141     1265     1359     1218     1649     433      1637     826      1535     446      778      940      1250     1395     1303     784      1299     1112     613      1053     1249     1332     1348     1197     0        403      395      1270     606      982      1118     325      371      1810     489      271      1139     909      1082     581      1198     1010     799      794      432      1101     1162     1356     180      793      466      1478     1180     310      788      1166     111      947      1071     361      882      
45       916      36       1400     1098     310      546      320      1206     752      1158     1202     730      148      850      341      530      637      623      533      514      945      1100     1113     919      1538     563      1466     926      1377     171      652      967      1078     1388     901      684      1222     859      471      1188     1096     1245     1044     1397     403      0        575      894      436      1240     765      620      202      1638     592      134      810      871      869      386      835      622      1023     392      633      1338     1118     1115     222      1018     518      1290     1403     216      781      1351     451      855      895      599      970      
46       1354     557      827      524      474      123      409      1017     1225     1236     1214     282      699      357      582      405      1131     567      901      759      880      968      1126     1055     1302     67       1326     431      1218     482      509      555      959      1010     1351     492      944      907      414      663      944      982      1180     834      395      575      0        1224     438      665      1042     699      396      1495     119      503      1025     555      841      451      1133     1016     449      878      59       764      797      1118     436      444      162      1188     832      361      429      794      291      624      798      78       487      
47       286      929      1860     1673     1198     1116     824      988      361      547      674      1485     771      1256     1235     853      434      736      361      1391     711      854      631      383      1267     1168     1066     1299     1038     826      828      1202     827      1394     314      877      1131     534      820      1526     883      1122     404      1801     1270     894      1224     0        789      1778     192      1515     910      1191     1149     1023     264      1039     649      773      102      279      1552     536      1274     1820     1143     647      1097     1552     1071     897      1848     971      1060     1738     1276     928      752      1290     1307     
48       944      448      1129     897      595      326      120      777      837      838      844      711      468      521      684      108      764      198      490      885      541      681      753      632      1106     380      1053     584      958      264      216      570      662      961      945      251      786      508      45       846      671      809      761      1095     606      436      438      789      0        1015     604      921      269      1226     361      478      588      449      477      53       696      604      785      535      486      1079     686      750      493      784      282      885      1124     313      382      1039     564      420      478      509      614      
49       1958     1222     203      148      1090     719      1037     1188     1851     1615     1540     610      1362     524      1187     930      1769     1043     1505     1320     1221     1217     1471     1510     1337     685      1477     497      1370     1139     953      653      1223     911      1960     907      1027     1332     975      395      1180     1071     1613     284      982      1240     665      1778     1015     0        1586     1189     1058     1612     674      1160     1537     796      1227     1050     1677     1620     230      1523     606      134      883      1457     1083     231      759      1409     225      1026     730      297      874      918      1140     649      512      
