
sets
i        orders          /0*80/
k        routes          /1*80/
p        positions       /0*80/
;

alias(i,j)
alias(i,h)
alias(i,hh)
alias(i,jj)
alias(k,kk)
                
                    Parameters

rho(i)	Processing time
/
0	0
1	41
2	2
3	56
4	96
5	5
6	93
7	17
8	17
9	48
10	22
11	96
12	95
13	98
14	95
15	87
16	9
17	79
18	97
19	75
20	75
21	27
22	55
23	46
24	10
25	31
26	22
27	38
28	56
29	36
30	49
31	51
32	48
33	40
34	74
35	97
36	25
37	17
38	34
39	64
40	42
41	53
42	49
43	16
44	49
45	32
46	35
47	86
48	98
49	61
50	30
51	54
52	36
53	8
54	63
55	48
56	45
57	53
58	11
59	66
60	50
61	77
62	43
63	28
64	91
65	16
66	73
67	37
68	2
69	77
70	48
71	42
72	97
73	40
74	34
75	49
76	4
77	35
78	87
79	18
80	97
/

gamma(i)	Duedate
/
0	0
1	90
2	78
3	43
4	15
5	58
6	87
7	60
8	10
9	50
10	32
11	90
12	81
13	81
14	83
15	56
16	42
17	52
18	77
19	29
20	50
21	91
22	31
23	42
24	30
25	68
26	23
27	5
28	63
29	25
30	50
31	94
32	20
33	19
34	33
35	6
36	87
37	69
38	57
39	66
40	1
41	19
42	26
43	72
44	66
45	21
46	4
47	97
48	46
49	95
50	36
51	73
52	45
53	25
54	53
55	21
56	90
57	97
58	5
59	88
60	14
61	63
62	75
63	72
64	36
65	13
66	35
67	18
68	24
69	61
70	73
71	48
72	78
73	5
74	23
75	88
76	66
77	14
78	95
79	5
80	78
/

sigma(i)	Size
/
0	0
1	9
2	1
3	9
4	5
5	6
6	3
7	3
8	3
9	1
10	5
11	4
12	4
13	4
14	3
15	4
16	9
17	6
18	7
19	9
20	2
21	7
22	3
23	9
24	8
25	1
26	7
27	7
28	1
29	8
30	6
31	7
32	2
33	3
34	3
35	3
36	2
37	2
38	2
39	5
40	5
41	6
42	8
43	6
44	8
45	6
46	7
47	7
48	8
49	9
50	4
51	9
52	5
53	7
54	5
55	2
56	1
57	3
58	6
59	7
60	5
61	7
62	2
63	8
64	9
65	9
66	5
67	9
68	8
69	4
70	4
71	7
72	5
73	5
74	7
75	1
76	4
77	9
78	1
79	9
80	6
/

epsilon(i)	Priority
/
0	0
1	8
2	8
3	9
4	6
5	2
6	5
7	4
8	3
9	9
10	6
11	3
12	5
13	4
14	4
15	4
16	5
17	6
18	4
19	6
20	7
21	6
22	6
23	1
24	7
25	2
26	8
27	7
28	9
29	1
30	7
31	2
32	8
33	1
34	7
35	2
36	9
37	9
38	4
39	2
40	5
41	7
42	7
43	5
44	5
45	9
46	2
47	7
48	1
49	6
50	7
51	6
52	9
53	3
54	4
55	1
56	7
57	9
58	7
59	8
60	5
61	2
62	8
63	4
64	7
65	8
66	5
67	1
68	1
69	1
70	7
71	1
72	2
73	6
74	9
75	3
76	3
77	8
78	4
79	7
80	9
/

psi	Vehicle Capacity
/ 36 /
;

Table kappa(i,j)                 Setup
         0        1        2        3        4        5        6        7        8        9        10       11       12       13       14       15       16       17       18       19       20       21       22       23       24       25       26       27       28       29       30       31       32       33       34       35       36       37       38       39       40       41       42       43       44       45       46       47       48       49       50       51       52       53       54       55       56       57       58       59       60       61       62       63       64       65       66       67       68       69       70       71       72       73       74       75       76       77       78       79       80       
0        0        910      748      843      766      464      926      569      643      869      639      817      863      193      832      756      921      334      806      919      620      492      614      877      997      722      603      800      691      810      287      270      383      755      226      801      352      698      705      660      683      1175     236      443      563      1026     202      228      746      481      939      595      893      941      262      794      1039     687      694      407      1110     1194     525      497      595      745      1049     607      630      827      556      840      657      552      703      425      1214     689      579      881      465      
1        910      0        200      903      771      590      112      1186     329      79       554      255      1640     894      1318     155      1560     1238     1553     191      290      1054     1509     1687     470      189      1015     547      1587     764      1180     1180     727      1059     944      1364     1251     227      382      1398     1593     823      759      1353     350      476      856      736      1506     888      1673     389      1469     175      870      1638     1749     858      1485     1317     845      883      1055     490      321      779      1762     1432     664      1649     533      1641     1553     939      933      1276     910      550      1488     665      1000     
2        748      200      0        915      779      391      179      987      129      212      361      331      1529     762      1265     91       1482     1081     1355     180      164      855      1358     1568     390      89       815      590      1408     590      1028     1012     636      1029     817      1296     1097     56       394      1201     1430     931      573      1183     191      407      670      555      1397     688      1574     190      1402     197      752      1507     1658     666      1367     1147     932      984      855      294      214      595      1670     1240     643      1456     333      1523     1375     739      907      1139     1012     554      1316     719      801      
3        843      903      915      0        135      1006     1002     1403     931      824      1134     649      1019     661      522      839      817      982      1642     1060     770      1305     1136     1101     1306     828      1375     362      1415     1389     915      1022     474      246      657      611      973      867      528      1501     1287     449      936      1151     797      1323     986      900      900      1227     995      942      696      1059     588      1116     1032     1360     923      1124     351      433      1332     937      720      1355     1047     1425     286      1632     1045     1051     1384     1305     172      885      442      361      1271     276      1264     
4        766      771      779      135      0        884      868      1312     797      691      1006     518      1064     597      605      703      890      946      1572     925      635      1208     1129     1140     1170     692      1268     238      1379     1262     877      970      384      323      604      682      940      732      393      1427     1271     438      833      1112     664      1187     890      796      938      1118     1054     810      776      924      525      1140     1102     1241     950      1083     355      441      1232     810      586      1230     1117     1364     161      1577     918      1089     1347     1196     206      871      458      226      1239     187      1165     
5        464      590      391      1006     884      0        558      597      261      585      177      632      1322     569      1196     448      1347     785      964      522      359      465      1066     1340     538      419      444      784      1049     395      748      691      573      1028     624      1194     807      366      602      810      1107     1176     234      852      289      568      315      236      1200     304      1391     200      1296     549      597      1258     1487     358      1153     818      1147     1217     468      104      377      351      1498     859      723      1070     93       1302     1018     365      930      889      1243     698      975      906      410      
6        926      112      179      1002     868      558      0        1147     300      185      491      360      1693     932      1397     189      1629     1259     1520     81       322      1016     1535     1735     360      218      961      650      1587     679      1205     1191     787      1146     986      1437     1275     228      475      1367     1609     935      752      1363     365      365      847      734      1560     844      1732     360      1543     63       917      1679     1812     790      1534     1327     956      995      1013     467      364      702      1825     1414     751      1628     488      1690     1554     888      1021     1312     1022     644      1495     771      962      
7        569      1186     987      1403     1312     597      1147     0        857      1181     672      1208     1253     762      1376     1044     1402     657      378      1100     943      132      857      1227     1022     1014     233      1292     638      641      676      537      930      1324     789      1327     686      963      1144     239      805      1687     496      591      871      1051     423      532      1171     303      1356     797      1404     1129     831      1111     1463     453      1101     574      1636     1716     137      699      948      569      1469     366      1161     524      659      1208     617      279      1271     832      1739     1188     646      1396     186      
8        643      329      129      931      797      261      300      857      0        332      251      416      1454     682      1231     196      1429     977      1225     278      166      725      1257     1487     402      173      689      636      1288     499      928      901      590      1015     738      1252     995      114      438      1071     1320     1004     453      1070     137      427      548      437      1324     559      1507     60       1357     302      682      1419     1595     551      1289     1035     994      1053     726      166      211      492      1607     1114     647      1328     207      1444     1255     612      899      1048     1081     579      1201     766      671      
9        869      79       212      824      691      585      185      1181     332      0        574      176      1575     838      1243     137      1488     1191     1541     258      253      1049     1459     1625     536      166      1021     468      1553     799      1132     1139     661      982      887      1290     1203     219      304      1385     1548     755      734      1312     321      544      830      708      1441     888      1605     389      1395     247      810      1579     1679     878      1422     1276     772      813      1053     481      274      807      1693     1409     586      1629     539      1578     1519     944      855      1221     841      471      1448     587      995      
10       639      554      361      1134     1006     177      491      672      251      574      0        667      1499     745      1363     443      1522     956      1050     434      406      544      1235     1517     378      423      471      871      1192     257      921      856      729      1180     800      1365     979      363      676      903      1267     1249     406      1012     352      408      478      412      1377     369      1568     209      1468     464      769      1433     1665     304      1331     978      1234     1297     534      200      442      241      1675     978      847      1178     95       1479     1161     401      1075     1065     1324     801      1129     1000     493      
11       817      255      331      649      518      632      360      1208     416      176      667      0        1451     750      1086     240      1342     1120     1550     429      273      1079     1375     1507     699      249      1076     291      1509     913      1056     1085     545      818      792      1140     1128     308      149      1393     1479     599      728      1256     343      710      821      697      1316     932      1471     462      1243     421      709      1471     1540     963      1304     1221     606      654      1089     528      259      908      1554     1395     426      1617     611      1458     1475     997      691      1127     682      304      1393     411      1026     
12       863      1640     1529     1019     1064     1322     1693     1253     1454     1575     1499     1451     0        773      539      1504     291      602      1235     1710     1372     1248     430      95       1841     1474     1394     1262     799      1670     605      725      913      775      716      432      573      1473     1303     1173     568      1469     1099     673      1340     1868     1052     1088     134      1310     117      1420     398      1725     777      193      219      1530     169      683      1370     1448     1286     1337     1328     1602     221      1006     1054     1106     1411     62       788      1368     863      445      1453     1178     684      1251     1247     
13       193      894      762      661      597      569      932      762      682      838      745      750      773      0        653      747      778      378      981      942      611      684      625      806      1070     716      788      670      798      949      311      377      233      561      56       634      382      707      616      840      733      1021     378      532      571      1097     379      354      644      657      830      647      732      959      73       746      923      848      607      500      948      1034     716      568      573      890      934      767      477      980      652      762      765      732      513      383      1053     560      667      731      654      
14       832      1318     1265     522      605      1196     1397     1376     1231     1243     1363     1086     539      653      0        1212     297      773      1500     1437     1101     1319     798      631      1634     1189     1436     836      1152     1589     726      868      642      283      608      107      751      1209     940      1390     962      959      1029     926      1097     1657     1030     1003     447      1309     489      1218     174      1444     606      682      512      1500     498      913      857      930      1354     1168     1051     1535     527      1261     659      1428     1267     585      1128     1383     402      610      931      783      1008     787      1296     
15       756      155      91       839      703      448      189      1044     196      137      443      240      1504     747      1212     0        1440     1085     1406     226      137      913      1358     1548     471      34       884      505      1432     679      1028     1025     597      967      800      1249     1099     83       312      1250     1439     840      605      1198     195      485      702      582      1371     751      1542     253      1355     231      729      1493     1622     746      1345     1162     843      894      916      345      175      681      1635     1279     575      1497     403      1502     1398     807      843      1129     922      477      1333     633      858      
16       921      1560     1482     817      890      1347     1629     1402     1429     1488     1522     1342     291      778      297      1440     0        749      1449     1660     1318     1371     666      386      1829     1414     1506     1113     1042     1724     725      865      846      573      723      208      721      1425     1194     1364     823      1256     1147     866      1301     1855     1123     1128     264      1399     206      1405     126      1670     754      473      215      1608     339      865      1154     1227     1409     1338     1270     1662     230      1211     921      1342     1428     349      1026     1466     684      572      1228     1048     911      1075     1360     
17       334      1238     1081     982      946      785      1259     657      977      1191     956      1120     602      378      773      1085     749      0        726      1254     948      645      281      590      1323     1052     792      1046     433      1091     69       123      610      814      350      702      28       1030     993      622      358      1381     551      169      894      1353     481      552      513      716      701      929      766      1275     437      489      807      939      444      146      1301     1387     684      829      918      1020     813      488      846      667      879      564      402      769      815      177      1403     937      293      1098     646      
18       806      1553     1355     1642     1572     964      1520     378      1225     1541     1050     1550     1235     981      1500     1406     1449     726      0        1476     1295     506      805      1183     1399     1374     602      1594     459      1007     776      640      1190     1516     988      1427     749      1327     1468     156      688      1978     821      584      1224     1428     731      853      1190     681      1351     1165     1484     1505     1054     1059     1454     821      1115     590      1916     1999     516      1062     1294     938      1456     239      1435     196      1033     1180     459      656      1490     895      2020     1485     552      1684     559      
19       919      191      180      1060     925      522      81       1100     278      258      434      429      1710     942      1437     226      1660     1254     1476     0        342      969      1532     1748     279      247      906      715      1564     606      1203     1179     814      1193     997      1471     1271     237      532      1325     1598     1013     730      1349     371      286      824      715      1578     796      1754     332      1578     30       933      1687     1837     725      1548     1313     1031     1071     964      440      389      632      1850     1381     801      1591     443      1704     1532     835      1069     1317     1099     699      1479     839      917      
20       620      290      164      770      635      359      322      943      166      253      406      273      1372     611      1101     137      1318     948      1295     342      0        813      1220     1413     542      105      803      471      1300     660      891      890      472      869      664      1132     961      107      272      1139     1302     843      481      1063     72       562      578      455      1239     661      1413     197      1238     354      595      1357     1496     693      1211     1027     829      891      821      254      51       647      1508     1157     490      1377     340      1368     1266     724      750      992      918      415      1198     600      759      
21       492      1054     855      1305     1208     465      1016     132      725      1049     544      1079     1248     684      1319     913      1371     645      506      969      813      0        877      1232     902      882      153      1175     709      538      651      522      830      1243     717      1278     674      831      1020     359      849      1570     379      613      741      931      319      416      1155     174      1345     665      1362     999      749      1122     1451     353      1089     590      1523     1602     38       567      820      464      1458     457      1053     639      528      1208     684      166      1181     811      1626     1073     692      1282     54       
22       614      1509     1358     1136     1129     1066     1535     857      1257     1459     1235     1375     430      625      798      1358     666      281      805      1532     1220     877      0        380      1604     1325     1029     1266     376      1358     330      381      841      928      583      702      262      1307     1239     749      164      1566     831      266      1170     1634     758      834      401      974      546      1210     728      1553     669      259      649      1197     327      287      1477     1562     914      1110     1188     1285     650      579      1057     680      1160     374      362      1018     964      259      1575     1162     254      1299     888      
23       877      1687     1568     1101     1140     1340     1735     1227     1487     1625     1517     1507     95       806      631      1548     386      590      1183     1748     1413     1232     380      0        1866     1517     1381     1330     737      1675     604      712      965      859      751      524      563      1512     1360     1130     503      1551     1112     638      1377     1895     1058     1105     202      1306     199      1450     494      1765     818      123      285      1528     203      653      1452     1532     1270     1362     1372     1605     283      960      1120     1044     1431     51       729      1360     941      452      1538     1243     631      1326     1235     
24       997      470      390      1306     1170     538      360      1022     402      536      378      699      1841     1070     1634     471      1829     1323     1399     279      542      902      1604     1866     0        478      800      976      1569     421      1284     1229     993      1411     1126     1654     1345     439      783      1260     1643     1291     772      1388     537      30       851      771      1713     730      1899     424      1760     298      1078     1790     1990     587      1673     1354     1305     1349     886      504      593      474      2002     1349     1031     1541     444      1826     1539     743      1292     1419     1377     944      1507     1103     855      
25       722      189      89       828      692      419      218      1014     173      166      423      249      1474     716      1189     34       1414     1052     1374     247      105      882      1325     1517     478      0        857      501      1398     664      995      991      570      948      768      1224     1065     60       305      1219     1405     846      571      1164     161      495      668      548      1341     722      1514     227      1330     256      698      1462     1595     724      1315     1128     845      899      887      315      146      663      1608     1246     558      1465     378      1471     1364     780      825      1097     927      466      1299     630      828      
26       603      1015     815      1375     1268     444      961      233      689      1021     471      1076     1394     788      1436     884      1506     792      602      906      803      153      1029     1381     800      857      0        1207     857      408      792      670      904      1337     828      1402     821      801      1037     471      1002     1604     439      766      733      828      409      474      1297     151      1489     631      1490     935      847      1273     1595     220      1233     742      1565     1640     117      548      819      337      1602     594      1109     757      482      1356     833      78       1264     954      1665     1112     845      1322     147      
27       800      547      590      362      238      784      650      1292     636      468      871      291      1262     670      836      505      1113     1046     1594     715      471      1175     1266     1330     976      501      1207     0        1467     1128     977      1043     436      556      696      905      1047     550      199      1442     1393     396      796      1202     519      990      873      760      1130     1056     1264     664      1003     710      608      1315     1320     1140     1132     1169     363      433      1193     692      429      1109     1335     1407     212      1628     794      1279     1434     1130     433      1007     459      110      1337     130      1126     
28       691      1587     1408     1415     1379     1049     1587     638      1288     1553     1192     1509     799      798      1152     1432     1042     433      459      1564     1300     709      376      737      1569     1398     857      1467     0        1245     502      426      1031     1237     778      1063     442      1365     1393     453      234      1813     835      267      1236     1599     740      853      778      857      917      1232     1099     1590     863      614      1017     1062     703      298      1734     1820     740      1124     1280     1169     1017     279      1274     307      1139     740      33       874      1246     551      1837     1357     146      1527     742      
29       810      764      590      1389     1262     395      679      641      499      799      257      913      1670     949      1589     679      1724     1091     1007     606      660      538      1358     1675     421      664      408      1128     1245     0        1070     978      969      1423     1002     1582     1117     604      932      879      1361     1502     577      1111     609      445      618      596      1556     391      1749     464      1681     634      985      1580     1850     187      1502     1081     1490     1551     513      452      699      75       1859     995      1103     1165     344      1642     1218     371      1323     1225     1578     1059     1211     1257     503      
30       287      1180     1028     915      877      748      1205     676      928      1132     921      1056     605      311      726      1028     725      69       776      1203     891      651      330      604      1284     995      792      977      502      1070     0        143      541      752      281      662      72       976      927      663      422      1312     515      236      840      1313     454      512      504      704      696      882      732      1223     368      512      802      925      441      210      1232     1318     689      785      860      1000     809      540      777      727      841      573      470      763      748      161      1335     869      362      1029     645      
31       270      1180     1012     1022     970      691      1191     537      901      1139     856      1085     725      377      868      1025     865      123      640      1179     890      522      381      712      1229     991      670      1043     426      978      143      0        608      877      366      805      151      964      967      522      419      1398     458      173      831      1259     378      466      635      597      823      849      875      1202     446      607      930      821      567      137      1324     1410     561      745      865      905      936      409      854      610      785      686      393      648      861      294      1428     932      309      1109     523      
32       383      727      636      474      384      573      787      930      590      661      729      545      913      233      642      597      846      610      1190     814      472      830      841      965      993      570      904      436      1031     969      541      608      0        454      261      662      611      579      402      1043     960      794      465      765      457      1017     511      430      779      758      946      575      768      825      173      926      1025     910      761      733      726      811      857      530      424      923      1038     987      248      1204     634      917      998      836      363      587      831      327      900      502      790      
33       755      1059     1029     246      323      1028     1146     1324     1015     982      1180     818      775      561      283      967      573      814      1516     1193     869      1243     928      859      1411     948      1337     556      1237     1423     752      877      454      0        537      366      800      975      677      1386     1086     693      904      982      877      1432     930      872      659      1197     749      1011     455      1197     494      881      787      1362     688      960      594      672      1275     980      818      1378     802      1286     395      1480     1085     809      1209     1275     126      690      678      513      1091     504      1210     
34       226      944      817      657      604      624      986      789      738      887      800      792      716      56       608      800      723      350      988      997      664      717      583      751      1126     768      828      696      778      1002     281      366      261      537      0        584      351      761      656      852      699      1035     428      511      626      1153     421      406      587      701      773      704      680      1013     87       693      866      896      552      481      958      1044     751      625      624      942      877      767      496      975      708      707      746      774      502      335      1062     588      643      749      691      
35       801      1364     1296     611      682      1194     1437     1327     1252     1290     1365     1140     432      634      107      1249     208      702      1427     1471     1132     1278     702      524      1654     1224     1402     905      1063     1582     662      805      662      366      584      0        678      1239     992      1324     867      1055     1012     847      1120     1679     1003     988      340      1282     387      1233     106      1480     597      575      421      1481     394      838      954      1028     1315     1175     1082     1524     436      1188     716      1347     1270     477      1041     1354     475      532      1031     842      921      867      1259     
36       352      1251     1097     973      940      807      1275     686      995      1203     979      1128     573      382      751      1099     721      28       749      1271     961      674      262      563      1345     1065     821      1047     442      1117     72       151      611      800      351      678      0        1046     999      648      351      1377     573      182      909      1374     505      573      484      743      672      948      740      1291     438      462      779      966      415      163      1295     1382     713      849      931      1046     785      510      845      684      901      535      411      797      804      150      1397     939      299      1096     674      
37       698      227      56       867      732      366      228      963      114      219      363      308      1473     707      1209     83       1425     1030     1327     237      107      831      1307     1512     439      60       801      550      1365     604      976      964      579      975      761      1239     1046     0        352      1171     1381     903      533      1136     137      458      630      512      1341     668      1517     170      1345     252      696      1453     1601     665      1312     1100     900      955      834      264      158      602      1613     1205     592      1422     320      1468     1331     724      854      1085     983      507      1270     680      777      
38       705      382      394      528      393      602      475      1144     438      304      676      149      1303     616      940      312      1194     993      1468     532      272      1020     1239     1360     783      305      1037     199      1393     932      927      967      402      677      656      992      999      352      0        1313     1350     575      651      1135     325      798      737      617      1168     888      1322     468      1096     530      571      1327     1391     953      1157     1101     557      620      1035     505      234      916      1405     1299     282      1521     603      1311     1359     959      550      988      647      168      1272     329      969      
39       660      1398     1201     1501     1427     810      1367     239      1071     1385     903      1393     1173     840      1390     1250     1364     622      156      1325     1139     359      749      1130     1260     1219     471      1442     453      879      663      522      1043     1386     852      1324     648      1171     1313     0        658      1827     665      501      1067     1289     575      697      1113     534      1285     1010     1388     1354     913      1008     1390     691      1038     499      1767     1850     374      907      1137     808      1394     177      1287     286      881      1121     441      517      1353     797      1872     1333     506      1533     410      
40       683      1593     1430     1287     1271     1107     1609     805      1320     1548     1267     1479     568      733      962      1439     823      358      688      1598     1302     849      164      503      1643     1405     1002     1393     234      1361     422      419      960      1086     699      867      351      1381     1350     658      0        1709     876      255      1246     1673     792      885      559      970      686      1269     890      1621     787      381      784      1189     487      289      1623     1709     884      1164     1275     1287     784      481      1188     541      1200     508      229      1004     1115     402      1722     1287     159      1435     869      
41       1175     823      931      449      438      1176     935      1687     1004     755      1249     599      1469     1021     959      840      1256     1381     1978     1013     843      1570     1566     1551     1291     846      1604     396      1813     1502     1312     1398     794      693      1035     1055     1377     903      575      1827     1709     0        1192     1546     900      1299     1265     1155     1349     1453     1441     1040     1132     998      952      1563     1471     1529     1371     1516     101      64       1590     1081     809      1490     1486     1781     546      1998     1179     1500     1781     1526     614      1309     90       498      1675     294      1522     
42       236      759      573      936      833      234      752      496      453      734      406      728      1099     378      1029     605      1147     551      821      730      481      379      831      1112     772      571      439      796      835      577      515      458      465      904      428      1012     573      533      651      665      876      1192     0        623      412      802      96       36       981      293      1174     397      1109     755      425      1026     1274     470      930      587      1144     1222     401      290      474      515      1283     675      676      895      328      1076     802      372      826      660      1246     693      750      902      333      
43       443      1353     1183     1151     1112     852      1363     591      1070     1312     1012     1256     673      532      926      1198     866      169      584      1349     1063     613      266      638      1388     1164     766      1202     267      1111     236      173      765      982      511      847      182      1136     1135     501      255      1546     623      0        1003     1418     536      633      612      721      784      1018     900      1372     596      521      890      942      537      36       1467     1553     650      912      1039     1037     894      345      1007     504      945      624      234      760      984      315      1570     1093     137      1260     627      
44       563      350      191      797      664      289      365      871      137      321      352      343      1340     571      1097     195      1301     894      1224     371      72       741      1170     1377     537      161      733      519      1236     609      840      831      457      877      626      1120     909      137      325      1067     1246     900      412      1003     0        560      509      387      1208     590      1386     147      1226     388      563      1316     1472     630      1177     967      882      946      749      186      91       590      1484     1088     512      1307     278      1333     1203     654      761      948      973      452      1138     647      687      
45       1026     476      407      1323     1187     568      365      1051     427      544      408      710      1868     1097     1657     485      1855     1353     1428     286      562      931      1634     1895     30       495      828      990      1599     445      1313     1259     1017     1432     1153     1679     1374     458      798      1289     1673     1299     802      1418     560      0        881      800      1741     759      1926     450      1784     302      1104     1819     2017     614      1701     1384     1315     1357     915      532      614      500      2029     1379     1050     1570     474      1854     1569     772      1312     1447     1385     961      1537     1116     884      
46       202      856      670      986      890      315      847      423      548      830      478      821      1052     379      1030     702      1123     481      731      824      578      319      758      1058     851      668      409      873      740      618      454      378      511      930      421      1003     505      630      737      575      792      1265     96       536      509      881      0        123      940      279      1134     491      1095     849      438      965      1236     485      884      502      1213     1293     347      383      569      549      1245     579      738      799      408      1024     708      353      863      607      1316     767      660      973      281      
47       228      736      555      900      796      236      734      532      437      708      412      697      1088     354      1003     582      1128     552      853      715      455      416      834      1105     771      548      474      760      853      596      512      466      430      872      406      988      573      512      617      697      885      1155     36       633      387      800      123      0        968      328      1160     384      1086     740      397      1022     1259     497      919      598      1107     1186     438      279      445      536      1269     702      639      923      328      1067     820      406      792      653      1210     657      763      866      370      
48       746      1506     1397     900      938      1200     1560     1171     1324     1441     1377     1316     134      644      447      1371     264      513      1190     1578     1239     1155     401      202      1713     1341     1297     1130     778      1556     504      635      779      659      587      340      484      1341     1168     1113     559      1349     981      612      1208     1741     940      968      0        1205     193      1291     338      1592     645      234      297      1422     75       615      1251     1331     1193     1210     1195     1489     305      955      922      1078     1288     151      762      1266     739      343      1338     1046     648      1124     1150     
49       481      888      688      1227     1118     304      844      303      559      888      369      932      1310     657      1309     751      1399     716      681      796      661      174      974      1306     730      722      151      1056     857      391      704      597      758      1197     701      1282     743      668      888      534      970      1453     293      721      590      759      279      328      1205     0        1398     499      1374     825      712      1204     1502     223      1144     692      1414     1489     168      408      674      316      1510     620      959      812      357      1277     829      78       1120     864      1514     961      819      1171     125      
