

sets
i        orders          /0*20/
k        routes          /1*20/
p        positions       /0*20/
;

alias(i,j)
alias(i,h)
alias(i,hh)
alias(i,jj)
alias(k,kk)
                            Parameters

rho(i)	Processing time
/
0	0
1	93
2	1
3	77
4	76
5	70
6	10
7	90
8	35
9	85
10	16
11	42
12	85
13	6
14	59
15	75
16	55
17	35
18	58
19	69
20	70
/

gamma(i)	Duedate
/
0	0
1	32
2	72
3	87
4	45
5	15
6	85
7	10
8	93
9	61
10	93
11	63
12	94
13	4
14	22
15	97
16	45
17	20
18	55
19	42
20	22
/

sigma(i)	Size
/
0	0
1	6
2	2
3	4
4	1
5	2
6	5
7	9
8	6
9	6
10	2
11	2
12	3
13	4
14	8
15	9
16	7
17	2
18	1
19	5
20	5
/

epsilon(i)	Priority
/
0	0
1	2
2	3
3	6
4	6
5	8
6	8
7	9
8	7
9	9
10	7
11	4
12	7
13	2
14	5
15	3
16	7
17	6
18	9
19	3
20	9
/

psi	Vehicle Capacity
/ 31 /
;

Table kappa(i,j)                 Setup
         0        1        2        3        4        5        6        7        8        9        10       11       12       13       14       15       16       17       18       19       20       
0        0        831      911      576      719      925      1445     1130     1484     1260     903      959      970      1510     1011     432      842      1027     643      848      771      
1        831      0        1145     1386     1544     1664     1806     883      911      1237     1046     1070     232      2047     837      452      1635     1681     1340     725      1117     
2        911      1145     0        1290     1131     926      660      588      1118     424      126      154      1376     955      1777     801      1044     783      1495     1615     167      
3        576      1386     1290     0        377      789      1637     1653     2050     1697     1328     1387     1488     1535     1298     1008     602      1004     314      1165     1124     
4        719      1544     1131     377      0        426      1345     1601     2062     1555     1202     1257     1689     1184     1619     1111     227      661      692      1473     966      
5        925      1664     926      789      426      0        963      1483     1992     1334     1029     1074     1848     758      1919     1212     207      248      1101     1761     785      
6        1445     1806     660      1637     1345     963      0        1140     1645     776      767      756      2036     453      2398     1443     1161     717      1911     2233     716      
7        1130     883      588      1653     1601     1483     1140     0        530      401      467      437      1101     1514     1686     787      1567     1366     1773     1547     700      
8        1484     911      1118     2050     2062     1992     1645     530      0        871      995      967      1055     2038     1740     1066     2056     1891     2109     1636     1219     
9        1260     1237     424      1697     1555     1334     776      401      871      0        369      310      1465     1191     1991     1026     1464     1163     1879     1840     589      
10       903      1046     126      1328     1202     1029     767      467      995      369      0        58       1278     1080     1714     733      1133     900      1512     1555     245      
11       959      1070     154      1387     1257     1074     756      437      967      310      58       0        1302     1090     1756     776      1184     937      1570     1598     295      
12       970      232      1376     1488     1689     1848     2036     1101     1055     1465     1278     1302     0        2267     696      647      1801     1883     1395     621      1342     
13       1510     2047     955      1535     1184     758      453      1514     2038     1191     1080     1090     2267     0        2516     1631     964      531      1839     2351     934      
14       1011     837      1777     1298     1619     1919     2398     1686     1740     1991     1714     1756     696      2516     0        980      1800     2039     1072     165      1684     
15       432      452      801      1008     1111     1212     1443     787      1066     1026     733      776      647      1631     980      0        1186     1236     1042     822      728      
16       842      1635     1044     602      227      207      1161     1567     2056     1464     1133     1184     1801     964      1800     1186     0        454      916      1647     888      
17       1027     1681     783      1004     661      248      717      1366     1891     1163     900      937      1883     531      2039     1236     454      0        1308     1876     672      
18       643      1340     1495     314      692      1101     1911     1773     2109     1879     1512     1570     1395     1839     1072     1042     916      1308     0        962      1336     
19       848      725      1615     1165     1473     1761     2233     1547     1636     1840     1555     1598     621      2351     165      822      1647     1876     962      0        1520     
20       771      1117     167      1124     966      785      716      700      1219     589      245      295      1342     934      1684     728      888      672      1336     1520     0        
;



Table delta(i,j)                 Distance
         0        1        2        3        4        5        6        7        8        9        10       11       12       13       14       15       16       17       18       19       20       
0        0        18780    1560     5700     3300     11370    6540     15030    13350    11880    4740     17430    11130    7470     6300     13650    5040     2520     15180    13050    1890     
1        18780    0        589      584      545      279      602      211      486      386      586      66       519      503      698      172      572      635      165      333      632      
2        1560     589      0        215      115      333      246      454      451      344      183      547      382      258      254      420      121      126      462      423      107      
3        5700     584      215      0        109      405      33       523      270      481      32       526      190      92       114      417      328      118      509      309      134      
4        3300     545      115      109      0        327      142      449      337      383      82       494      267      143      186      372      221      90       444      326      88       
5        11370    279      333      405      327      0        434      122      452      141      393      260      437      357      509      148      295      412      130      320      403      
6        6540     602      246      33       142      434      0        550      258      513      62       543      176      100      102      437      361      141      534      314      159      
7        15030    211      454      523      449      122      550      0        531      179      513      221      531      466      629      169      403      535      52       383      526      
8        13350    486      451      270      337      452      258      531      0        580      298      420      82       195      351      369      537      386      494      156      399      
9        11880    386      344      481      383      141      513      179      580      0        462      383      553      455      569      286      258      453      221      457      439      
10       4740     586      183      32       82       393      62       513      298      462      0        530      219      111      116      416      298      88       502      325      103      
11       17430    66       547      526      494      260      543      221      420      383      530      0        454      443      640      127      542      584      169      267      582      
12       11130    519      382      190      267      437      176      531      82       553      219      454      0        125      268      380      477      307      500      189      322      
13       7470     503      258      92       143      357      100      466      195      455      111      443      125      0        201      342      353      196      445      217      207      
14       6300     698      254      114      186      509      102      629      351      569      116      640      268      201      0        530      376      128      619      417      147      
15       13650    172      420      417      372      148      437      169      369      286      416      127      380      342      530      0        416      463      125      216      460      
16       5040     572      121      328      221      295      361      403      537      258      298      542      477      353      376      416      0        248      424      477      228      
17       2520     635      126      118      90       412      141      535      386      453      88       584      307      196      128      463      248      0        532      402      20       
18       15180    165      462      509      444      130      534      52       494      221      502      169      500      445      619      125      424      532      0        342      525      
19       13050    333      423      309      326      320      314      383      156      457      325      267      189      217      417      216      477      402      342      0        409      
20       1890     632      107      134      88       403      159      526      399      439      103      582      322      207      147      460      228      20       525      409      0        
;

