
sets
i        orders          /0*80/
k        routes          /1*80/
p        positions       /0*80/
;

alias(i,j)
alias(i,h)
alias(i,hh)
alias(i,jj)
alias(k,kk)
                
                    Parameters

rho(i)	Processing time
/
0	0
1	27
2	55
3	52
4	84
5	77
6	13
7	96
8	5
9	9
10	42
11	7
12	52
13	15
14	19
15	26
16	61
17	7
18	16
19	98
20	55
21	13
22	47
23	76
24	81
25	90
26	25
27	32
28	75
29	46
30	29
31	65
32	7
33	42
34	2
35	21
36	71
37	34
38	80
39	22
40	8
41	13
42	50
43	30
44	88
45	76
46	45
47	90
48	60
49	7
50	50
51	59
52	77
53	16
54	26
55	35
56	99
57	66
58	7
59	27
60	35
61	7
62	42
63	83
64	3
65	83
66	72
67	64
68	41
69	16
70	58
71	73
72	69
73	51
74	55
75	19
76	46
77	72
78	76
79	78
80	50
/

gamma(i)	Duedate
/
0	0
1	85
2	47
3	24
4	22
5	75
6	74
7	89
8	31
9	39
10	95
11	32
12	19
13	84
14	72
15	35
16	79
17	87
18	61
19	86
20	34
21	7
22	37
23	33
24	7
25	55
26	37
27	25
28	93
29	39
30	63
31	47
32	39
33	19
34	24
35	30
36	49
37	59
38	21
39	95
40	30
41	55
42	58
43	44
44	39
45	78
46	95
47	92
48	46
49	47
50	30
51	33
52	58
53	60
54	63
55	59
56	97
57	12
58	89
59	59
60	71
61	1
62	71
63	28
64	75
65	52
66	58
67	85
68	64
69	27
70	3
71	74
72	18
73	56
74	59
75	32
76	49
77	97
78	6
79	78
80	85
/

sigma(i)	Size
/
0	0
1	7
2	1
3	2
4	2
5	7
6	2
7	1
8	1
9	3
10	2
11	6
12	8
13	1
14	3
15	1
16	8
17	8
18	3
19	9
20	2
21	9
22	6
23	4
24	8
25	8
26	2
27	6
28	8
29	6
30	4
31	8
32	4
33	6
34	3
35	3
36	2
37	6
38	2
39	6
40	7
41	3
42	8
43	9
44	6
45	7
46	1
47	4
48	1
49	3
50	9
51	9
52	3
53	1
54	4
55	6
56	6
57	2
58	7
59	6
60	3
61	1
62	8
63	4
64	2
65	2
66	4
67	4
68	8
69	1
70	7
71	9
72	5
73	8
74	4
75	8
76	5
77	3
78	4
79	7
80	2
/

epsilon(i)	Priority
/
0	0
1	2
2	2
3	3
4	8
5	3
6	1
7	1
8	8
9	3
10	3
11	9
12	6
13	3
14	9
15	4
16	9
17	2
18	9
19	8
20	6
21	4
22	2
23	4
24	2
25	8
26	2
27	7
28	6
29	2
30	6
31	3
32	5
33	9
34	7
35	5
36	8
37	3
38	7
39	4
40	2
41	9
42	6
43	7
44	1
45	7
46	2
47	9
48	2
49	9
50	1
51	5
52	8
53	5
54	8
55	3
56	5
57	9
58	4
59	7
60	9
61	9
62	1
63	6
64	9
65	9
66	6
67	1
68	2
69	9
70	3
71	2
72	5
73	4
74	8
75	1
76	6
77	5
78	8
79	7
80	9
/

psi	Vehicle Capacity
/ 34 /
;

Table kappa(i,j)                 Setup
         0        1        2        3        4        5        6        7        8        9        10       11       12       13       14       15       16       17       18       19       20       21       22       23       24       25       26       27       28       29       30       31       32       33       34       35       36       37       38       39       40       41       42       43       44       45       46       47       48       49       50       51       52       53       54       55       56       57       58       59       60       61       62       63       64       65       66       67       68       69       70       71       72       73       74       75       76       77       78       79       80       
0        0        665      198      457      714      724      661      763      676      688      714      399      703      726      338      830      286      469      332      722      711      906      792      647      391      410      85       842      637      255      207      574      266      755      661      272      921      766      985      48       839      404      622      620      636      673      720      578      561      694      742      528      261      408      907      217      735      356      417      442      284      159      668      313      546      702      512      467      276      709      883      659      262      128      228      340      229      474      589      105      680      
1        665      0        472      209      252      519      212      400      429      460      48       419      277      303      486      192      502      396      427      138      142      251      281      457      302      445      596      280      306      504      576      410      443      157      283      420      255      121      328      679      302      355      170      78       29       439      117      234      188      124      226      286      559      434      241      466      269      348      349      303      559      543      538      503      345      145      426      214      430      182      231      422      523      566      438      325      444      452      174      689      96       
2        198      472      0        269      557      565      464      580      566      585      521      306      552      534      281      646      159      299      163      543      533      709      596      549      192      330      151      644      498      128      226      404      165      576      515      80       727      579      788      206      642      218      453      434      444      503      538      422      363      496      544      386      260      249      713      33       579      211      290      249      198      82       592      187      422      503      349      269      93       538      686      487      151      97       37       155      30       393      420      220      481      
3        457      209      269      0        313      524      285      462      397      425      258      256      319      382      306      376      335      305      269      276      267      458      409      403      140      287      386      437      291      326      373      372      239      308      293      230      464      310      535      473      447      224      200      165      180      443      270      198      184      268      349      199      364      311      451      268      336      153      188      191      393      345      473      345      262      283      354      89       246      279      436      424      349      365      233      116      242      320      170      489      245      
4        714      252      557      313      0        766      463      652      204      233      260      348      33       555      428      208      648      600      583      128      117      410      527      246      453      358      631      513      108      637      558      640      450      137      71       537      354      202      464      743      541      532      115      197      251      684      151      136      414      375      476      190      521      619      355      565      23       358      302      490      706      638      325      659      203      397      642      381      556      72       401      666      661      652      519      406      535      327      143      771      348      
5        724      519      565      524      766      0        309      161      910      940      531      765      786      239      789      681      437      266      401      657      661      562      319      923      428      797      709      383      791      469      786      164      681      673      779      487      642      621      614      701      351      357      662      569      515      82       636      700      357      409      333      719      807      318      622      533      785      643      705      353      450      567      996      411      784      391      215      435      471      700      543      101      462      597      561      544      542      840      649      669      431      
6        661      212      464      285      463      309      0        192      625      656      222      542      486      99       590      375      422      255      349      349      354      302      132      646      272      573      611      182      502      438      637      224      508      364      485      389      362      313      373      659      178      267      368      270      212      230      327      417      107      102      82       452      639      314      343      443      481      436      473      220      469      510      724      411      517      88       262      216      387      395      279      215      449      540      440      362      434      599      360      651      122      
7        763      400      580      462      652      161      192      0        817      848      401      718      677      97       757      540      488      297      431      534      540      404      160      838      407      750      731      222      695      514      783      202      662      544      677      499      486      486      453      750      190      362      560      462      403      123      511      609      278      278      187      641      793      362      466      553      669      604      651      335      518      604      915      467      706      258      266      380      490      582      386      125      515      635      566      516      553      782      552      729      305      
8        676      429      566      397      204      910      625      817      0        31       449      277      171      723      343      412      695      702      645      327      314      614      710      49       531      268      591      705      123      675      485      766      418      341      148      576      558      404      668      715      730      618      259      357      418      827      349      210      552      552      654      199      435      703      559      586      203      356      276      589      749      646      121      713      145      574      752      484      598      271      604      808      700      651      533      443      554      209      264      756      523      
9        688      460      585      425      233      940      656      848      31       0        480      290      200      754      352      440      717      730      669      358      345      643      741      42       557      278      603      736      154      697      492      795      433      370      179      598      586      434      696      728      761      644      290      388      450      857      379      240      582      583      685      226      441      729      587      606      231      376      295      616      770      664      95       736      169      605      780      513      621      301      634      838      722      668      552      466      574      216      295      770      554      
10       714      48       521      258      260      531      222      401      449      480      0        462      288      304      531      158      546      430      470      134      143      205      268      481      348      487      644      255      328      549      623      434      491      143      301      466      206      90       280      727      281      396      197      116      77       453      111      266      220      123      218      322      606      472      193      513      274      396      392      343      602      590      563      546      378      143      456      260      476      187      185      437      567      614      487      374      492      489      208      737      100      
11       399      419      306      256      348      765      542      718      277      290      462      0        328      639      79       517      453      516      421      403      389      665      662      250      340      31       314      683      251      427      215      604      145      434      283      337      644      471      737      438      697      422      292      345      394      687      413      225      441      512      601      161      173      496      637      331      365      123      71       413      501      381      286      476      152      530      571      338      360      369      647      668      452      381      277      226      301      87       266      480      485      
12       703      277      552      319      33       786      486      677      171      200      288      328      0        580      407      241      650      612      587      159      147      443      555      213      459      336      619      543      80       638      541      657      437      170      45       538      387      234      497      734      570      541      127      217      274      704      182      129      432      401      503      175      501      628      388      563      38       349      288      501      708      634      292      662      179      423      656      391      557      102      433      686      662      647      515      404      532      301      150      764      373      
13       726      303      534      382      555      239      99       97       723      754      304      639      580      0        684      445      466      280      400      437      443      327      91       745      348      670      684      159      600      487      722      211      596      448      582      455      403      390      385      719      136      322      465      367      307      174      414      516      198      181      94       551      728      346      383      510      572      529      570      284      505      570      824      450      616      161      267      306      449      485      307      164      493      601      514      449      505      698      459      704      208      
14       338      486      281      306      428      789      590      757      343      352      531      79       407      684      0        595      438      531      420      481      467      736      715      311      361      76       255      741      330      409      141      626      118      511      362      330      719      547      809      380      752      436      369      415      460      715      489      303      485      571      655      240      94       501      711      311      444      154      139      437      480      347      331      464      230      587      586      378      352      448      717      696      433      341      260      245      285      136      342      427      545      
15       830      192      646      376      208      681      375      540      412      440      158      517      241      445      595      0        692      587      617      114      127      212      389      454      490      535      754      354      311      691      709      592      584      83       275      602      146      71       257      849      387      547      225      211      215      605      109      293      378      272      352      358      681      626      148      644      209      485      457      496      749      721      533      694      394      289      614      402      615      154      208      590      711      742      610      492      619      518      253      866      255      
16       286      502      159      335      648      437      422      488      695      717      546      453      650      466      438      692      0        191      76       604      597      707      544      685      202      480      280      603      609      33       382      291      320      635      619      119      745      621      784      265      593      157      535      488      477      389      594      523      343      485      504      501      419      126      727      128      671      342      424      209      58       131      736      28       549      486      228      289      96       614      683      376      27       160      178      252      154      541      505      240      480      
17       469      396      299      305      600      266      255      297      702      730      430      516      612      280      531      587      191      0        138      522      520      555      364      706      178      547      446      427      595      217      519      106      418      548      593      220      608      517      628      454      412      94       486      411      377      205      506      501      209      339      331      503      542      66       589      268      623      393      464      113      225      310      772      171      564      333      55       221      205      549      532      190      218      341      294      290      276      597      463      431      343      
18       332      427      163      269      583      401      349      431      645      669      470      421      587      400      420      617      76       138      0        532      526      631      474      640      131      450      308      531      552      88       388      244      302      562      559      91       668      546      708      320      522      82       468      416      402      343      521      463      267      409      431      447      417      85       651      131      606      303      382      133      131      173      696      77       500      410      186      215      71       545      607      328      100      204      165      203      144      507      439      304      403      
19       722      138      543      276      128      657      349      534      327      358      134      403      159      437      481      114      604      522      532      0        14       289      402      365      401      422      644      385      214      599      595      546      471      33       181      506      246      78       350      743      413      469      111      115      147      577      23       181      320      255      352      245      567      553      242      544      140      373      342      421      662      621      446      610      286      276      557      317      520      56       277      560      621      640      506      387      517      409      139      763      229      
20       711      142      533      267      117      661      354      540      314      345      143      389      147      443      467      127      597      520      526      14       0        303      411      351      395      408      632      395      200      592      582      547      459      45       167      498      260      92       364      733      423      465      97       111      148      580      34       166      320      261      360      231      554      549      257      535      131      361      329      417      656      612      432      604      271      282      556      313      513      45       290      563      614      631      496      378      508      394      126      753      235      
21       906      251      709      458      410      562      302      404      614      643      205      665      443      327      736      212      707      555      631      289      303      0        243      653      524      689      841      184      503      717      827      522      694      273      469      646      90       211      78       915      219      550      386      320      280      501      270      459      364      222      238      519      811      611      74       697      415      600      597      498      759      772      734      701      569      223      564      440      652      343      23       490      732      799      677      570      679      687      404      919      229      
22       792      281      596      409      527      319      132      160      710      741      268      662      555      91       715      389      544      364      474      402      411      243      0        737      405      691      744      67       587      563      768      302      638      406      564      520      325      343      296      789      48       394      451      355      293      262      378      511      238      159      60       555      768      428      306      575      542      561      591      350      587      640      818      531      618      138      356      346      517      455      225      254      571      670      573      493      566      712      451      778      188      
23       647      457      549      403      246      923      646      838      49       42       481      250      213      745      311      454      685      706      640      365      351      653      737      0        531      237      563      736      153      663      451      775      395      381      184      566      600      442      710      688      759      618      286      382      444      841      385      228      567      578      680      204      399      702      601      571      247      342      261      593      737      628      81       705      142      600      757      492      588      309      642      821      688      630      517      436      540      174      287      730      549      
24       391      302      192      140      453      428      272      407      531      557      348      340      459      348      361      490      202      178      131      401      395      524      405      531      0        371      339      451      430      201      376      265      256      432      433      123      551      419      602      394      450      87       338      286      276      353      391      338      170      305      352      331      387      173      535      175      476      216      286      75       260      248      594      208      389      312      232      88       129      414      500      335      221      276      168      115      162      419      310      395      294      
25       410      445      330      287      358      797      573      750      268      278      487      31       336      670      76       535      480      547      450      422      408      689      691      237      371      0        326      712      257      453      217      636      166      451      291      365      665      492      760      451      726      453      311      370      420      719      433      242      472      541      631      177      170      526      658      356      374      154      100      445      526      402      265      504      157      559      602      370      388      384      671      700      478      401      303      257      327      65       287      495      514      
26       85       596      151      386      631      709      611      731      591      603      644      314      619      684      255      754      280      446      308      644      632      841      744      563      339      326      0        789      552      246      132      552      181      677      577      231      850      691      920      125      789      368      542      546      566      651      644      495      508      635      691      443      185      391      837      178      652      274      333      400      296      150      586      309      460      644      494      407      241      628      819      635      261      126      171      271      179      390      509      174      618      
27       842      280      644      437      513      383      182      222      705      736      255      683      543      159      741      354      603      427      531      385      395      184      67       736      451      712      789      0        583      620      805      369      673      384      557      570      271      318      231      841      34       449      449      357      298      329      361      514      281      171      100      564      801      490      252      625      525      591      612      403      647      693      817      591      625      154      421      385      569      440      169      321      630      722      618      531      614      726      455      834      198      
28       637      306      498      291      108      791      502      695      123      154      328      251      80       600      330      311      609      595      552      214      200      503      587      153      430      257      552      583      0        594      466      651      370      233      37       493      455      292      562      670      607      515      136      234      295      708      233      93       433      429      531      112      424      602      453      512      119      288      219      481      666      580      234      624      100      450      642      373      514      160      491      689      618      590      462      358      481      221      143      703      400      
29       255      504      128      326      637      469      438      514      675      697      549      427      638      487      409      691      33       217      88       599      592      717      563      663      201      453      246      620      594      0        349      320      291      631      605      100      750      621      794      236      611      170      525      485      478      418      590      509      353      495      520      484      387      154      734      98       660      320      402      220      74       98       712      62       529      497      257      289      81       606      693      405      25       128      150      235      126      515      494      216      488      
30       207      576      226      373      558      786      637      783      485      492      623      215      541      722      141      709      382      519      388      595      582      827      768      451      376      217      132      805      466      349      0        623      133      628      496      299      822      654      904      253      811      430      486      513      547      719      600      427      530      640      711      368      54       474      812      259      577      228      257      448      410      264      465      410      368      653      572      422      317      569      807      702      368      247      225      275      244      276      456      305      618      
31       574      410      404      372      640      164      224      202      766      795      434      604      657      211      626      592      291      106      244      546      547      522      302      775      265      636      552      369      651      320      623      0        517      567      644      325      587      525      588      556      347      193      530      444      398      99       526      558      227      324      285      570      643      165      567      374      661      482      547      190      316      415      845      268      634      312      64       282      311      581      500      85       318      445      398      381      381      681      512      530      336      
32       266      443      165      239      450      681      508      662      418      433      491      145      437      596      118      584      320      418      302      471      459      694      638      395      256      166      181      673      370      291      133      517      0        504      395      212      692      526      771      300      679      324      365      383      414      609      474      314      401      506      580      262      132      384      681      193      470      98       151      332      363      236      431      345      281      520      473      292      234      451      673      591      315      236      142      147      166      230      333      338      484      
33       755      157      576      308      137      673      364      544      341      370      143      434      170      448      511      83       635      548      562      33       45       273      406      381      432      451      677      384      233      631      628      567      504      0        198      538      222      66       329      776      414      497      142      146      170      594      42       209      343      266      360      274      599      581      220      576      144      406      374      449      692      653      461      640      311      286      581      347      552      72       263      577      652      673      539      420      550      435      171      796      242      
34       661      283      515      293      71       779      485      677      148      179      301      283      45       582      362      275      619      593      559      181      167      469      564      184      433      291      577      557      37       605      496      644      395      198      0        505      419      258      527      693      582      517      117      214      275      697      201      96       422      407      509      133      456      604      418      527      83       308      244      480      676      597      265      633      134      428      638      371      524      126      458      678      630      608      478      370      496      257      132      724      378      
35       272      420      80       230      537      487      389      499      576      598      466      337      538      455      330      602      119      220      91       506      498      646      520      566      123      365      231      570      493      100      299      325      212      538      505      0        672      533      725      272      566      137      427      392      392      423      498      409      291      428      470      384      326      176      656      55       560      224      305      171      173      125      618      139      430      434      272      208      23       509      623      407      125      153      75       135      55       424      396      272      417      
36       921      255      727      464      354      642      362      486      558      586      206      644      387      403      719      146      745      608      668      246      260      90       325      600      551      665      850      271      455      750      822      587      692      222      419      672      0        172      111      934      306      590      354      309      284      576      232      426      405      269      310      489      800      658      20       720      355      595      579      537      799      796      679      742      532      276      623      464      680      295      101      564      767      821      693      580      698      655      378      943      267      
37       766      121      579      310      202      621      313      486      404      434      90       471      234      390      547      71       621      517      546      78       92       211      343      442      419      492      691      318      292      621      654      525      526      66       258      533      172      0        273      784      348      476      181      145      144      543      60       254      308      211      300      317      630      555      167      576      210      428      407      425      678      653      523      623      362      230      545      332      545      133      199      527      641      675      543      426      551      483      205      798      191      
38       985      328      788      535      464      614      373      453      668      696      280      737      497      385      809      257      784      628      708      350      364      78       296      710      602      760      920      231      562      794      904      588      771      329      527      725      111      273      0        994      263      627      453      394      356      558      333      526      441      299      302      588      886      685      109      776      465      676      670      575      835      851      789      777      635      298      633      519      730      402      101      550      808      877      756      648      758      755      473      997      307      
39       48       679      206      473      743      701      659      750      715      728      727      438      734      719      380      849      265      454      320      743      733      915      789      688      394      451      125      841      670      236      253      556      300      776      693      272      934      784      994      0        836      396      647      638      650      655      741      606      563      700      741      559      307      390      920      218      764      385      451      439      255      149      712      290      581      706      493      475      271      734      892      642      239      119      241      357      236      515      614      57       687      
40       839      302      642      447      541      351      178      190      730      761      281      697      570      136      752      387      593      412      522      413      423      219      48       759      450      726      789      34       607      611      811      347      679      414      582      566      306      348      263      836      0        441      472      378      318      301      389      536      282      186      99       583      809      476      287      621      553      600      626      397      635      687      840      579      645      167      402      389      564      468      204      295      619      717      618      535      612      743      476      826      214      
41       404      355      218      224      532      357      267      362      618      644      396      422      541      322      436      547      157      94       82       469      465      550      394      618      87       453      368      449      515      170      430      193      324      497      517      137      590      476      627      396      441      0        417      354      332      288      455      423      186      328      349      418      450      87       572      190      555      299      371      52       208      247      682      151      477      328      149      152      128      487      527      271      182      278      207      196      192      504      390      384      324      
42       622      170      453      200      115      662      368      560      259      290      197      292      127      465      369      225      535      486      468      111      97       386      451      286      338      311      542      449      136      525      486      530      365      142      117      427      354      181      453      647      472      417      0        97       159      580      122      72       306      292      394      135      456      504      348      458      138      268      231      375      593      533      368      545      183      314      529      266      444      86       371      561      549      550      415      299      430      301      32       671      263      
43       620      78       434      165      197      569      270      462      357      388      116      345      217      367      415      211      488      411      416      115      111      320      355      382      286      370      546      357      234      485      513      444      383      146      214      392      309      145      394      638      378      354      97       0        61       487      105      157      217      196      297      208      493      438      298      433      217      285      276      306      546      510      463      494      267      217      449      202      406      138      302      468      506      531      398      280      407      374      97       654      167      
44       636      29       444      180      251      515      212      403      418      450      77       394      274      307      460      215      477      377      402      147      148      280      293      444      276      420      566      298      295      478      547      398      414      170      275      392      284      144      356      650      318      332      159      61       0        434      129      218      173      134      236      266      532      413      270      438      270      320      323      281      534      515      525      479      327      155      410      188      403      185      259      416      497      538      409      296      415      430      158      661      105      
45       673      439      503      443      684      82       230      123      827      857      453      687      704      174      715      605      389      205      343      577      580      501      262      841      353      719      651      329      708      418      719      99       609      594      697      423      576      543      558      655      301      288      580      487      434      0        556      617      275      333      265      637      737      264      556      473      703      566      626      277      411      514      914      366      702      316      161      354      410      619      481      19       416      545      495      469      479      760      566      627      352      
46       720      117      538      270      151      636      327      511      349      379      111      413      182      414      489      109      594      506      521      23       34       270      378      385      391      433      644      361      233      590      600      526      474      42       201      498      232      60       333      741      389      455      122      105      129      556      0        193      302      232      329      257      574      539      227      538      163      376      350      407      651      615      466      598      301      253      540      306      512      79       257      539      612      635      502      384      512      423      147      758      207      
47       578      234      422      198      136      700      417      609      210      240      266      225      129      516      303      293      523      501      463      181      166      459      511      228      338      242      495      514      93       509      427      558      314      209      96       409      426      254      526      606      536      423      72       157      218      617      193      0        342      352      453      64       393      510      421      433      158      221      170      388      580      504      308      537      112      373      548      280      429      144      443      598      534      517      385      275      402      229      59       635      323      
48       561      188      363      184      414      357      107      278      552      582      220      441      432      198      485      378      343      209      267      320      320      364      238      567      170      472      508      281      433      353      530      227      401      343      422      291      405      308      441      563      282      186      306      217      173      275      302      342      0        142      183      366      532      254      387      345      435      331      373      134      395      416      643      337      432      144      238      109      293      354      340      256      367      444      337      255      332      503      291      560      138      
49       694      124      496      268      375      409      102      278      552      583      123      512      401      181      571      272      485      339      409      255      261      222      159      578      305      541      635      171      429      495      640      324      506      266      407      428      269      211      299      700      186      328      292      196      134      333      232      352      142      0        102      397      633      391      250      481      391      421      441      276      536      554      659      479      459      21       355      227      432      304      198      317      509      582      466      369      465      557      292      700      29       
