
sets
i        orders          /0*80/
k        routes          /1*80/
p        positions       /0*80/
;

alias(i,j)
alias(i,h)
alias(i,hh)
alias(i,jj)
alias(k,kk)
                
                    Parameters

rho(i)	Processing time
/
0	0
1	15
2	35
3	63
4	84
5	18
6	9
7	63
8	26
9	73
10	53
11	84
12	42
13	97
14	67
15	55
16	53
17	5
18	67
19	33
20	84
21	52
22	82
23	56
24	89
25	17
26	87
27	12
28	25
29	83
30	53
31	29
32	23
33	70
34	79
35	40
36	77
37	33
38	79
39	60
40	78
41	74
42	51
43	10
44	64
45	36
46	3
47	50
48	90
49	19
50	3
51	83
52	71
53	73
54	20
55	47
56	96
57	73
58	88
59	32
60	16
61	7
62	14
63	83
64	68
65	45
66	53
67	18
68	26
69	31
70	34
71	66
72	32
73	65
74	34
75	25
76	20
77	84
78	19
79	73
80	73
/

gamma(i)	Duedate
/
0	0
1	57
2	30
3	78
4	97
5	40
6	61
7	33
8	41
9	43
10	14
11	13
12	88
13	75
14	55
15	33
16	84
17	95
18	52
19	8
20	34
21	44
22	56
23	60
24	2
25	69
26	59
27	94
28	67
29	28
30	24
31	43
32	90
33	50
34	83
35	22
36	8
37	75
38	16
39	7
40	20
41	6
42	21
43	29
44	38
45	9
46	51
47	36
48	74
49	68
50	5
51	10
52	29
53	6
54	23
55	68
56	15
57	59
58	38
59	11
60	88
61	61
62	94
63	81
64	79
65	33
66	46
67	80
68	53
69	21
70	43
71	67
72	57
73	49
74	7
75	71
76	85
77	93
78	17
79	64
80	64
/

sigma(i)	Size
/
0	0
1	8
2	8
3	5
4	6
5	8
6	3
7	5
8	5
9	9
10	1
11	6
12	3
13	8
14	3
15	2
16	9
17	6
18	2
19	8
20	8
21	4
22	7
23	8
24	3
25	8
26	4
27	7
28	3
29	4
30	5
31	2
32	1
33	6
34	6
35	7
36	6
37	7
38	3
39	3
40	5
41	8
42	2
43	9
44	6
45	4
46	8
47	2
48	8
49	8
50	8
51	5
52	2
53	3
54	2
55	8
56	6
57	9
58	8
59	8
60	5
61	6
62	1
63	6
64	4
65	6
66	3
67	9
68	1
69	7
70	2
71	9
72	1
73	3
74	5
75	6
76	1
77	9
78	5
79	3
80	8
/

epsilon(i)	Priority
/
0	0
1	1
2	2
3	6
4	2
5	8
6	3
7	6
8	2
9	8
10	5
11	4
12	9
13	8
14	7
15	6
16	1
17	4
18	4
19	1
20	6
21	7
22	3
23	2
24	1
25	3
26	9
27	3
28	8
29	2
30	6
31	8
32	1
33	8
34	9
35	9
36	7
37	9
38	1
39	2
40	6
41	8
42	5
43	6
44	1
45	5
46	8
47	5
48	2
49	9
50	8
51	3
52	7
53	4
54	3
55	8
56	1
57	7
58	2
59	3
60	8
61	2
62	8
63	2
64	4
65	6
66	2
67	5
68	3
69	2
70	6
71	1
72	3
73	5
74	3
75	1
76	5
77	4
78	7
79	6
80	6
/

psi	Vehicle Capacity
/ 40 /
;

Table kappa(i,j)                 Setup
         0        1        2        3        4        5        6        7        8        9        10       11       12       13       14       15       16       17       18       19       20       21       22       23       24       25       26       27       28       29       30       31       32       33       34       35       36       37       38       39       40       41       42       43       44       45       46       47       48       49       50       51       52       53       54       55       56       57       58       59       60       61       62       63       64       65       66       67       68       69       70       71       72       73       74       75       76       77       78       79       80       
0        0        549      1035     863      1120     492      432      427      130      299      864      987      1054     997      147      984      1067     679      1026     522      405      1075     1037     715      448      773      210      309      322      225      1311     1107     392      584      1381     708      988      115      770      1120     1381     263      1067     189      436      804      597      662      573      837      947      342      1203     1166     426      503      1295     1073     168      1254     507      764      742      1002     1169     1062     1033     169      422      470      622      1099     399      1021     519      539      429      269      396      456      852      
1        549      0        1356     1054     1259     189      651      167      484      493      952      917      1408     728      692      816      1597     321      1374     672      655      966      1432     1094     997      1178     738      755      748      716      1459     1410     746      1132     1696     1184     1477     605      1311     1484     1597     496      1410     613      188      896      1142     1166     1025     1310     1496     218      1243     1434     253      132      1650     1209     451      1281     685      386      958      862      1492     1191     1497     393      970      541      567      1642     171      1485     329      563      685      372      683      956      517      
2        1035     1356     0        375      434      1179     1455     1341     977      878      559      822      96       1145     1023     982      845      1202     74       690      1424     902      219      329      928      312      1078     728      1267     1150     489      80       1367     1005     347      506      562      1116     848      163      417      888      74       1195     1168     576      857      615      519      476      1057     1171     656      178      1392     1232     298      437      1196     700      672      1238     417      940      137      449      469      1159     981      821      867      993      1197     460      1061     1574     677      1278     689      679      1204     
3        863      1054     375      0        261      867      1294     1073     767      624      186      457      462      770      903      609      1087     855      430      389      1268     546      556      375      929      448      974      602      1154     1036     448      396      1243     1049     668      634      826      966      984      536      546      646      448      1047     869      202      924      722      542      681      1219     898      408      389      1139     923      664      218      999      462      386      881      120      570      490      212      765      943      968      514      517      1217     911      752      735      1374     438      1059     467      669      835      
4        1120     1259     434      261      0        1070     1550     1299     1020     868      307      475      530      830      1164     650      1258     1019     508      625      1525     528      653      592      1181     642      1235     863      1415     1297     200      404      1503     1294     594      845      981      1225     1201     584      362      893      504      1306     1081     363      1161     943      779      862      1430     1125     222      331      1372     1127     649      50       1251     265      628      1026     381      597      488      68       897      1191     1222     737      696      1399     1131     887      931      1622     692      1305     724      919      952      
5        492      189      1179     867      1070     0        720      273      391      343      763      739      1234     593      639      654      1484     202      1201     490      715      795      1267     931      923      1019     700      627      758      697      1269     1230     781      1067     1515     1047     1340     578      1215     1311     1409     356      1235     611      58       707      1053     1042     884      1170     1417     168      1057     1249     367      56       1474     1019     453      1096     506      287      775      694      1314     1002     1351     377      906      358      379      1544     120      1338     141      680      518      413      522      838      401      
6        432      651      1455     1294     1550     720      0        484      533      699      1284     1374     1465     1308     437      1338     1316     921      1439     940      34       1453     1431     1128     674      1174     402      727      242      328      1743     1529     157      744      1796     1067     1314     339      1003     1525     1812     668      1480     259      665      1224     837      993      962      1189     1103     558      1621     1593     401      695      1700     1503     310      1671     929      1003     1174     1366     1585     1491     1382     385      618      863      992      1300     600      1372     817      198      858      307      826      817      1121     
7        427      167      1341     1073     1299     273      484      0        397      463      998      1006     1382     861      561      927      1494     457      1351     683      487      1066     1392     1054     871      1131     598      681      588      566      1499     1402     580      999      1687     1109     1398     462      1197     1456     1619     454      1388     459      234      939      1025     1077     957      1238     1369     174      1310     1437     95       231      1627     1248     301      1352     689      533      966      967      1478     1232     1430     260      838      562      631      1526     172      1418     405      411      664      210      653      867      659      
8        130      484      977      767      1020     391      533      397      0        172      750      861      1007     869      261      854      1112     565      976      406      511      947      1004     671      531      741      333      283      451      355      1215     1044     515      675      1324     711      1001     243      830      1077     1299     137      1016     312      340      690      664      684      560      840      1026     266      1088     1094     425      413      1251     971      231      1138     395      649      649      872      1113     959      1032     182      516      343      492      1160     318      1020     398      608      329      301      302      474      730      
9        299      493      878      624      868      343      699      463      172      0        587      689      921      718      412      688      1148     469      889      244      679      776      939      601      633      685      489      291      622      520      1066     938      687      782      1223     704      997      414      893      996      1166     36       926      484      311      526      741      703      541      827      1108     293      922      976      520      385      1165     818      390      971      239      545      511      703      1015     804      1009     324      632      171      326      1217     325      996      289      754      200      437      191      503      604      
10       864      952      559      186      307      763      1284     998      750      587      0        273      648      587      933      423      1251     716      616      344      1262     367      742      530      1016     614      1008     652      1176     1061     506      573      1255     1148     831      783      998      975      1119     722      658      616      633      1053     776      60       1037     859      666      845      1357     826      339      549      1075     820      842      257      977      390      356      729      219      384      667      238      944      911      1046     440      389      1374     828      932      624      1338     439      1020     477      769      668      
11       987      917      822      457      475      739      1374     1006     861      689      273      0        914      356      1086     175      1518     621      883      486      1358     100      1014     797      1225     884      1164     844      1310     1205     637      825      1376     1365     1060     1044     1270     1102     1367     985      833      724      896      1173     771      287      1269     1111     914      1114     1605     851      354      782      1094     791      1091     437      1065     379      512      603      485      123      918      418      1218     989      1246     518      384      1637     834      1205     601      1390     609      1082     649      996      504      
12       1054     1408     96       462      530      1234     1465     1382     1007     921      648      914      0        1232     1028     1071     763      1270     34       750      1433     996      128      339      904      295      1078     745      1266     1151     572      143      1368     969      333      467      481      1127     792      78       474      928      30       1205     1220     661      818      575      510      415      991      1215     752      248      1428     1286     244      533      1218     795      730      1310     491      1030     132      546      381      1187     960      880      938      914      1244     373      1122     1594     723      1306     730      667      1281     
13       997      728      1145     770      830      593      1308     861      869      718      587      356      1232     0        1126     180      1750     407      1199     619      1299     333      1318     1050     1340     1145     1201     964      1307     1222     992      1160     1349     1488     1409     1269     1529     1106     1551     1307     1190     753      1218     1160     644      571      1423     1314     1118     1362     1782     749      699      1128     956      630      1428     790      1018     713      651      347      758      237      1254     771      1494     938      1346     568      408      1851     711      1481     493      1272     739      1000     772      1156     216      
14       147      692      1023     903      1164     639      437      561      261      412      933      1086     1028     1126     0        1099     948      823      1003     605      405      1178     993      694      310      736      78       306      251      132      1347     1099     346      440      1360     635      898      116      643      1088     1395     376      1044     181      583      876      469      571      524      760      807      488      1270     1169     545      650      1262     1120     270      1323     584      908      783      1112     1151     1111     955      302      278      578      738      968      545      945      659      588      493      377      455      381      991      
15       984      816      982      609      650      654      1338     927      854      688      423      175      1071     180      1099     0        1633     502      1039     533      1325     163      1164     919      1277     1011     1177     894      1304     1208     811      991      1359     1423     1233     1152     1398     1097     1456     1144     1009     724      1056     1160     696      417      1342     1209     1010     1235     1692     790      520      953      1020     701      1258     612      1034     537      564      466      613      58       1085     592      1354     955      1291     521      362      1742     762      1341     528      1328     659      1035     697      1070     350      
16       1067     1597     845      1087     1258     1484     1316     1494     1112     1148     1251     1518     763      1750     948      1633     0        1613     772      1137     1282     1616     636      721      649      639      941      858      1074     1004     1334     907      1168     578      987      481      282      1062     313      748      1228     1129     793      1108     1442     1231     484      447      635      406      319      1379     1468     1011     1491     1517     837      1246     1218     1518     1105     1683     1033     1611     872      1252     386      1236     700      1224     1359     154      1430     392      1434     1503     1031     1325     1006     646      1712     
17       679      321      1202     855      1019     202      921      457      565      469      716      621      1270     407      823      502      1613     0        1235     526      917      658      1321     998      1090     1092     889      759      958      892      1212     1242     984      1237     1521     1153     1442     773      1362     1348     1374     494      1265     811      261      668      1208     1165     990      1269     1575     371      965      1244     552      228      1500     970      655      997      551      85       784      551      1332     951      1438     578      1080     405      337      1685     322      1424     179      868      596      616      613      971      201      
18       1026     1374     74       430      508      1201     1439     1351     976      889      616      883      34       1199     1003     1039     772      1235     0        716      1407     966      145      311      887      274      1054     717      1243     1127     561      138      1344     956      357      454      490      1100     787      112      476      896      41       1179     1186     628      806      563      488      412      991      1183     729      243      1397     1253     276      509      1190     773      696      1276     457      999      149      521      395      1157     942      846      904      921      1212     386      1088     1566     690      1276     698      646      1248     
19       522      672      690      389      625      490      940      683      406      244      344      486      750      619      605      533      1137     526      716      0        918      582      795      475      745      570      682      362      840      729      824      739      915      890      1025     659      935      635      931      828      936      272      748      711      484      284      810      696      501      763      1164     508      682      762      750      544      987      575      633      732      32       577      286      532      824      561      919      568      763      131      223      1232     522      906      372      998      126      681      165      538      581      
20       405      655      1424     1268     1525     715      34       487      511      679      1262     1358     1433     1299     405      1325     1282     917      1407     918      0        1438     1398     1097     639      1142     368      697      208      294      1717     1499     127      710      1764     1034     1279     309      969      1493     1783     647      1449     228      659      1202     803      959      929      1155     1070     551      1600     1564     409      693      1668     1478     293      1650     906      1000     1148     1353     1554     1466     1348     370      584      844      976      1267     595      1338     807      229      833      301      801      783      1116     
21       1075     966      902      546      528      795      1453     1066     947      776      367      100      996      333      1178     163      1616     658      966      582      1438     0        1100     894      1324     980      1256     942      1398     1295     670      900      1461     1465     1122     1143     1365     1190     1468     1065     876      812      977      1259     833      385      1370     1212     1015     1211     1706     919      369      849      1157     845      1162     496      1145     380      609      627      582      107      992      478      1310     1068     1344     605      461      1736     897      1298     662      1459     707      1157     746      1096     514      
22       1037     1432     219      556      653      1267     1431     1392     1004     939      742      1014     128      1318     993      1164     636      1321     145      795      1398     1100     0        338      834      264      1035     729      1221     1109     701      272      1324     883      404      388      355      1098     686      122      594      941      158      1173     1246     747      731      491      469      311      875      1231     874      376      1429     1316     277      653      1204     919      772      1368     562      1127     240      664      253      1180     893      921      998      788      1265     245      1164     1572     749      1297     749      618      1350     
23       715      1094     329      375      592      931      1128     1054     671      601      530      797      339      1050     694      919      721      998      311      475      1097     894      338      0        615      95       748      405      938      820      729      406      1038     711      667      259      479      789      612      406      722      602      352      869      909      510      572      351      200      317      846      892      777      486      1094     979      581      565      879      830      448      1052     311      893      456      566      447      850      664      594      691      845      926      434      835      1255     413      968      411      357      1050     
24       448      997      928      929      1181     923      674      871      531      633      1016     1225     904      1340     310      1277     649      1090     887      745      639      1324     834      615      0        615      292      383      434      355      1337     1008     534      149      1232     446      649      419      337      947      1336     602      927      459      871      969      165      348      414      548      499      786      1331     1096     855      942      1111     1145     580      1386     716      1172     820      1278     1036     1140     729      611      60       771      932      658      842      721      915      855      619      686      581      262      1237     
25       773      1178     312      448      642      1019     1174     1131     741      685      614      884      295      1145     736      1011     639      1092     274      570      1142     980      264      95       615      0        783      465      972      857      759      392      1074     694      628      205      387      838      561      351      725      683      315      915      995      599      548      311      215      232      788      972      840      485      1166     1066     525      622      940      892      542      1147     399      983      423      625      352      916      669      687      787      769      1009     338      927      1310     503      1033     497      372      1146     
26       210      738      1078     974      1235     700      402      598      333      489      1008     1164     1078     1201     78       1177     941      889      1054     682      368      1256     1035     748      292      783      0        373      189      74       1416     1155     290      403      1411     665      914      135      630      1134     1457     453      1095     167      643      952      457      591      569      786      776      544      1345     1228     570      707      1307     1192     297      1398     661      975      854      1190     1203     1183     979      345      248      656      815      949      601      970      729      570      570      400      531      417      1062     
27       309      755      728      602      863      627      727      681      283      291      652      844      745      964      306      894      858      759      717      362      697      942      729      405      383      465      373      0        557      438      1042     802      652      529      1072     430      722      388      604      810      1090     271      757      469      588      600      461      415      276      558      826      538      983      866      706      663      986      820      475      1037     333      834      483      894      860      812      749      452      401      397      555      926      584      737      579      849      236      568      197      212      880      
28       322      748      1267     1154     1415     758      242      588      451      622      1176     1310     1266     1307     251      1304     1074     958      1243     840      208      1398     1221     938      434      972      189      557      0        119      1599     1344     103      503      1599     846      1079     207      761      1322     1645     586      1284     148      699      1118     596      764      757      963      866      590      1514     1417     532      751      1494     1370     306      1566     822      1044     1034     1324     1392     1361     1152     381      377      793      944      1059     644      1143     818      434      736      377      699      603      1146     
29       225      716      1150     1036     1297     697      328      566      355      520      1061     1205     1151     1222     132      1208     1004     892      1127     729      294      1295     1109     820      355      857      74       438      119      0        1480     1226     217      452      1484     740      986      119      691      1208     1526     484      1168     112      639      1004     520      664      643      860      824      534      1399     1298     529      698      1381     1252     266      1452     709      978      915      1224     1275     1243     1053     327      305      691      846      1005     591      1043     740      501      621      361      584      492      1073     
30       1311     1459     489      448      200      1269     1743     1499     1215     1066     506      637      572      992      1347     811      1334     1212     561      824      1717     670      701      729      1337     759      1416     1042     1599     1480     0        429      1690     1440     517      965      1051     1414     1319     604      217      1090     543      1495     1281     562      1301     1070     926      958      1539     1326     306      328      1572     1326     614      251      1446     317      826      1214     569      755      486      267      954      1388     1383     937      894      1482     1331     946      1130     1819     886      1503     916      1075     1132     
31       1107     1410     80       396      404      1230     1529     1402     1044     938      573      825      143      1160     1099     991      907      1242     138      739      1499     900      272      406      1008     392      1155     802      1344     1226     429      0        1444     1085     286      585      624      1190     924      181      339      950      113      1270     1222     598      936      694      599      549      1129     1230     626      105      1455     1284     268      416      1266     666      724      1273     458      946      94       431      525      1226     1061     871      904      1057     1254     517      1108     1645     737      1346     751      758      1231     
32       392      746      1367     1243     1503     781      157      580      515      687      1255     1376     1368     1349     346      1359     1168     984      1344     915      127      1461     1324     1038     534      1074     290      652      103      217      1690     1444     0        592      1701     949      1181     280      856      1424     1741     652      1386     203      723      1196     694      867      859      1066     947      612      1594     1515     511      766      1597     1458     331      1646     899      1068     1122     1382     1493     1447     1255     411      476      858      1002     1147     662      1246     856      355      818      376      782      706      1178     
33       584      1132     1005     1049     1294     1067     744      999      675      782      1148     1365     969      1488     440      1423     578      1237     956      890      710      1465     883      711      149      694      403      529      503      452      1440     1085     592      0        1287     502      642      538      271      1002     1420     751      994      563      1014     1103     152      394      515      578      372      925      1455     1179     974      1084     1157     1261     701      1510     861      1319     945      1422     1102     1258     738      741      161      920      1081     557      982      732      1063     936      764      804      726      380      1386     
34       1381     1696     347      668      594      1515     1796     1687     1324     1223     831      1060     333      1409     1360     1233     987      1521     357      1025     1764     1122     404      667      1232     628      1411     1072     1599     1484     517      286      1701     1287     0        788      724      1457     1085     285      317      1234     315      1536     1508     864      1135     894      843      714      1259     1516     796      282      1739     1569     149      625      1542     821      1010     1549     742      1183     212      643      610      1506     1289     1156     1183     1141     1540     608      1392     1920     1022     1626     1035     1000     1499     
35       708      1184     506      634      845      1047     1067     1109     711      704      783      1044     467      1269     635      1152     481      1153     454      659      1034     1143     388      259      446      205      665      430      846      740      965      585      949      502      788      0        293      748      356      503      923      692      492      817      1012     757      351      109      163      129      586      968      1036     683      1128     1087     665      822      875      1089     627      1218     563      1133     599      823      324      869      505      754      882      592      1013     313      977      1224     560      977      540      255      1238     
36       988      1477     562      826      981      1340     1314     1398     1001     997      998      1270     481      1529     898      1398     282      1442     490      935      1279     1365     355      479      649      387      914      722      1079     986      1051     624      1181     642      724      293      0        1013     390      470      949      985      511      1075     1305     985      501      327      455      172      536      1260     1194     729      1412     1380     577      971      1152     1243     905      1504     786      1371     593      978      114      1152     708      1039     1157     433      1306     116      1267     1484     846      1256     829      532      1516     
37       115      605      1116     966      1225     578      339      462      243      414      975      1102     1127     1106     116      1097     1062     773      1100     635      309      1190     1098     789      419      838      135      388      207      119      1414     1190     280      538      1457     748      1013     0        755      1189     1475     378      1141     81       520      916      581      686      629      874      910      416      1314     1254     437      580      1364     1179     162      1366     619      858      845      1116     1246     1168     1069     211      380      585      736      1078     473      1059     621      476      538      267      502      493      953      
38       770      1311     848      984      1201     1215     1003     1197     830      893      1119     1367     792      1551     643      1456     313      1362     787      931      969      1468     686      612      337      561      630      604      761      691      1319     924      856      271      1085     356      390      755      0        808      1263     868      820      797      1168     1086     174      262      454      377      238      1095     1389     1026     1188     1242     945      1177     913      1443     899      1438     901      1444     921      1178     497      938      387      995      1145     330      1149     494      1182     1190     812      1020     780      397      1483     
39       1120     1484     163      536      584      1311     1525     1456     1077     996      722      985      78       1307     1088     1144     748      1348     112      828      1493     1065     122      406      947      351      1134     810      1322     1208     604      181      1424     1002     285      503      470      1189     808      0        479      1001     88       1266     1296     736      850      609      565      433      996      1290     807      277      1499     1363     175      593      1285     847      807      1388     569      1103     124      606      362      1256     1004     957      1016     901      1320     356      1200     1659     799      1374     804      720      1359     
40       1381     1597     417      546      362      1409     1812     1619     1299     1166     658      833      474      1190     1395     1009     1228     1374     476      936      1783     876      594      722      1336     725      1457     1090     1645     1526     217      339      1741     1420     317      923      949      1475     1263     479      0        1186     444      1556     1413     707      1273     1032     922      888      1466     1444     520      240      1685     1465     437      408      1529     534      931      1386     655      954      355      428      842      1479     1387     1060     1044     1381     1457     836      1273     1908     973      1597     997      1079     1314     
41       263      496      888      646      893      356      668      454      137      36       616      724      928      753      376      724      1129     494      896      272      647      812      941      602      602      683      453      271      586      484      1090     950      652      751      1234     692      985      378      868      1001     1186     0        933      449      320      556      714      686      531      817      1081     289      953      991      505      394      1172     844      360      1002     264      572      531      739      1025     830      1001     298      600      207      362      1194     326      988      315      729      214      413      198      483      635      
42       1067     1410     74       448      504      1235     1480     1388     1016     926      633      896      30       1218     1044     1056     793      1265     41       748      1449     977      158      352      927      315      1095     757      1284     1168     543      113      1386     994      315      492      511      1141     820      88       444      933      0        1220     1222     648      844      601      529      444      1021     1220     727      218      1435     1287     239      510      1230     769      729      1304     483      1014     109      522      411      1197     983      879      932      944      1248     403      1121     1606     727      1316     735      687      1273     
43       189      613      1195     1047     1306     611      259      459      312      484      1053     1173     1205     1160     181      1160     1108     811      1179     711      228      1259     1173     869      459      915      167      469      148      112      1495     1270     203      563      1536     817      1075     81       797      1266     1556     449      1220     0        552      993      624      750      704      941      936      444      1392     1335     417      606      1441     1260     163      1443     696      896      926      1181     1325     1248     1136     234      413      655      801      1114     499      1126     669      408      617      250      582      563      998      
44       436      188      1168     869      1081     58       665      234      340      311      776      771      1220     644      583      696      1442     261      1186     484      659      833      1246     909      871      995      643      588      699      639      1281     1222     723      1014     1508     1012     1305     520      1168     1296     1413     320      1222     552      0        719      1004     1003     851      1137     1367     110      1080     1246     324      75       1461     1031     394      1121     497      346      771      734      1304     1013     1320     318      853      355      400      1498     67       1307     170      632      497      357      498      796      457      
45       804      896      576      202      363      707      1224     939      690      526      60       287      661      571      876      417      1231     668      628      284      1202     385      747      510      969      599      952      600      1118     1004     562      598      1196     1103     864      757      985      916      1086     736      707      556      648      993      719      0        997      828      632      827      1324     766      398      583      1015     764      866      312      916      449      297      687      199      386      692      294      937      850      997      379      336      1350     769      925      569      1277     382      960      421      726      634      
46       597      1142     857      924      1161     1053     837      1025     664      741      1037     1269     818      1423     469      1342     484      1208     806      810      803      1370     731      572      165      548      457      461      596      520      1301     936      694      152      1135     351      501      581      174      850      1273     714      844      624      1004     997      0        243      383      426      366      927      1332     1032     1014     1078     1005     1131     739      1387     778      1286     827      1336     951      1129     591      765      219      858      1014     501      982      585      1029     1021     686      846      650      273      1340     
47       662      1166     615      722      943      1042     993      1077     684      703      859      1111     575      1314     571      1209     447      1165     563      696      959      1212     491      351      348      311      591      415      764      664      1070     694      867      394      894      109      327      686      262      609      1032     686      601      750      1003     828      243      0        198      200      498      947      1128     791      1087     1078     767      917      825      1181     664      1235     640      1193     708      918      389      828      408      777      916      536      996      379      987      1158     585      930      559      210      1266     
48       573      1025     519      542      779      884      962      957      560      541      666      914      510      1118     524      1010     635      990      488      501      929      1015     469      200      414      215      569      276      757      643      926      599      859      515      843      163      455      629      454      565      922      531      529      704      851      632      383      198      0        286      692      811      950      683      982      925      738      748      741      1004     470      1055     450      995      637      746      473      726      465      592      724      733      854      460      814      1104     398      839      377      159      1078     
49       837      1310     476      681      862      1170     1189     1238     840      827      845      1114     415      1362     760      1235     406      1269     412      763      1155     1211     311      317      548      232      786      558      963      860      958      549      1066     578      714      129      172      874      377      433      888      817      444      941      1137     827      426      200      286      0        581      1095     1067     653      1257     1211     579      846      1004     1118     733      1332     629      1210     544      851      195      998      608      866      986      539      1139     185      1095     1349     673      1106     657      382      1344     
