
sets
i        orders          /0*5/
k        routes          /1*5/
p        positions       /0*5/
;

alias(i,j)
alias(i,h)
alias(i,hh)
alias(i,jj)
alias(k,kk)
                
                    Parameters

rho(i)	Processing time
/
0	0
1	46
2	32
3	28
4	67
5	9
/

gamma(i)	Duedate
/
0	0
1	44
2	25
3	73
4	79
5	69
/

sigma(i)	Size
/
0	0
1	9
2	3
3	2
4	5
5	4
/

epsilon(i)	Priority
/
0	0
1	4
2	5
3	5
4	8
5	7
/

psi	Vehicle Capacity
/ 29 /
;

Table kappa(i,j)                 Setup
         0        1        2        3        4        5        
0        0        127      60       121      51       107      
1        127      0        152      41       99       44       
2        60       152      0        161      108      117      
3        121      41       161      0        79       76       
4        51       99       108      79       0        99       
5        107      44       117      76       99       0        
;



Table delta(i,j)                 Distance
         0        1        2        3        4        5        
0        0        18       28       40       33       33       
1        18       0        38       48       51       51       
2        28       38       0        12       40       33       
3        40       48       12       0        51       42       
4        33       51       40       51       0        10       
5        33       51       33       42       10       0        
;

