

sets
i        orders          /0*80/
k        routes          /1*80/
p        positions       /0*80/
;

alias(i,j)
alias(i,h)
alias(i,hh)
alias(i,jj)
alias(k,kk)
                            Parameters

rho(i)	Processing time
/
0	0
1	7
2	43
3	65
4	4
5	63
6	25
7	61
8	83
9	98
10	7
11	99
12	31
13	17
14	49
15	62
16	47
17	21
18	18
19	71
20	74
21	16
22	95
23	5
24	13
25	54
26	84
27	29
28	58
29	69
30	51
31	32
32	64
33	62
34	46
35	37
36	67
37	22
38	38
39	45
40	36
41	72
42	53
43	92
44	42
45	19
46	40
47	44
48	50
49	62
50	53
51	90
52	71
53	64
54	78
55	12
56	16
57	21
58	52
59	38
60	47
61	59
62	8
63	14
64	6
65	53
66	97
67	54
68	80
69	12
70	35
71	95
72	67
73	59
74	91
75	87
76	16
77	93
78	57
79	53
80	26
/

gamma(i)	Duedate
/
0	0
1	29
2	60
3	89
4	35
5	48
6	74
7	98
8	21
9	99
10	48
11	89
12	10
13	43
14	40
15	92
16	21
17	85
18	36
19	96
20	54
21	2
22	98
23	58
24	10
25	5
26	57
27	19
28	67
29	90
30	1
31	96
32	41
33	82
34	39
35	30
36	95
37	29
38	8
39	44
40	2
41	79
42	30
43	39
44	42
45	28
46	52
47	86
48	70
49	41
50	58
51	22
52	21
53	60
54	32
55	57
56	31
57	72
58	92
59	6
60	45
61	42
62	47
63	20
64	73
65	59
66	11
67	38
68	33
69	2
70	47
71	87
72	97
73	81
74	54
75	31
76	46
77	85
78	35
79	37
80	25
/

sigma(i)	Size
/
0	0
1	4
2	3
3	6
4	5
5	1
6	8
7	6
8	4
9	7
10	1
11	6
12	4
13	7
14	6
15	1
16	9
17	5
18	6
19	7
20	7
21	3
22	3
23	5
24	6
25	5
26	6
27	7
28	2
29	5
30	5
31	2
32	7
33	2
34	7
35	8
36	4
37	4
38	8
39	9
40	3
41	5
42	3
43	7
44	5
45	9
46	1
47	3
48	6
49	9
50	1
51	9
52	4
53	5
54	6
55	1
56	8
57	5
58	6
59	8
60	9
61	2
62	8
63	9
64	5
65	8
66	1
67	1
68	3
69	3
70	3
71	9
72	9
73	1
74	7
75	6
76	3
77	2
78	3
79	2
80	1
/

epsilon(i)	Priority
/
0	0
1	2
2	1
3	7
4	5
5	4
6	1
7	7
8	1
9	3
10	9
11	5
12	3
13	2
14	6
15	3
16	5
17	6
18	2
19	7
20	2
21	3
22	8
23	4
24	1
25	9
26	5
27	4
28	7
29	2
30	2
31	1
32	2
33	3
34	6
35	8
36	6
37	3
38	7
39	1
40	8
41	1
42	9
43	7
44	6
45	8
46	1
47	4
48	1
49	1
50	8
51	6
52	4
53	2
54	8
55	2
56	6
57	1
58	2
59	6
60	3
61	4
62	1
63	8
64	2
65	7
66	3
67	5
68	5
69	3
70	2
71	6
72	8
73	5
74	8
75	3
76	9
77	8
78	6
79	8
80	8
/

psi	Vehicle Capacity
/ 15 /
;

Table kappa(i,j)                 Setup
         0        1        2        3        4        5        6        7        8        9        10       11       12       13       14       15       16       17       18       19       20       21       22       23       24       25       26       27       28       29       30       31       32       33       34       35       36       37       38       39       40       41       42       43       44       45       46       47       48       49       50       51       52       53       54       55       56       57       58       59       60       61       62       63       64       65       66       67       68       69       70       71       72       73       74       75       76       77       78       79       80       
0        0        1924     7076     5536     3058     5465     5625     5721     1239     1575     7259     1219     1275     3442     7281     3734     5081     6724     6629     4928     6194     6023     1333     2362     6810     6292     4102     7527     5954     5054     5189     7876     4864     2717     5798     5830     2321     7354     6943     1703     4303     7907     2732     8299     1255     6845     4166     6170     5932     2949     4126     7197     6490     1748     6030     5936     7454     9320     9047     4536     2706     7914     7371     3257     6108     3340     2674     3197     4045     7069     4052     6049     6164     2653     2528     3140     6313     6415     263      6519     6620     
1        1924     0        7534     4694     1600     4677     6251     6466     938      2629     6965     3134     995      2726     7105     4468     3187     6590     6330     3798     4764     4971     3175     2646     6988     5003     5141     6808     4838     3751     5234     6734     3486     4033     3947     4413     2966     7672     6008     3627     2391     7005     1281     7604     2974     5817     2595     6764     5951     1742     5019     6674     5470     2470     4419     4520     6979     8234     7861     3196     986      6999     5968     1508     4391     2938     2040     4507     2165     7372     4232     6669     4997     858      2925     1399     4389     5543     2176     6789     7054     
2        7076     7534     0        4702     6647     4554     1504     1611     6803     5501     2826     6864     7863     5189     2394     3353     8585     2246     2833     5599     6741     5362     6456     4940     1119     6236     3318     4436     5569     6103     2503     6192     6321     4708     8601     6593     4790     587      5088     7097     8376     5254     6716     4621     6190     5406     6846     985      2044     6253     3098     3643     5307     5377     7431     6617     3517     6691     6960     6206     7176     5306     7063     7262     7958     4757     5597     4394     9029     599      3310     1127     5772     8281     4686     7230     9956     4785     7131     953      480      
3        5536     4694     4702     0        3169     162      4290     4710     4515     4494     2701     6179     5517     2101     3025     3892     4226     2714     2188     1120     2046     769      5893     3431     3674     1594     4787     2116     913      1546     2434     2475     1843     5031     4034     1893     3819     4483     1410     6667     4297     2374     3438     2912     5523     1380     2698     4512     2661     2952     4394     2122     1052     4109     2739     1914     2456     3819     3638     1887     3855     2379     2626     3610     3281     2245     2883     5179     5211     4229     2672     4518     1157     5082     3453     3646     5453     880      5747     3749     4312     
4        3058     1600     6647     3169     0        3173     5562     5860     1822     2922     5620     4112     2546     1471     5821     4047     2401     5348     5003     2209     3205     3383     4002     2318     5928     3409     4901     5283     3242     2153     4186     5133     1899     4189     2921     2846     2812     6679     4433     4642     1866     5430     339      6077     3694     4227     1107     6018     4836     406      4663     5228     3884     2581     2972     2954     5547     6634     6262     1599     686      5422     4405     621      3068     1895     1182     4591     2382     6381     3396     5950     3397     1917     2580     583      3829     3990     3318     5801     6171     
5        5465     4677     4554     162      3173     0        4128     4547     4466     4391     2614     6083     5482     2045     2923     3740     4320     2592     2081     1199     2202     930      5791     3327     3534     1756     4632     2132     1075     1650     2272     2600     1936     4897     4153     2038     3704     4344     1501     6567     4364     2443     3432     2928     5421     1504     2757     4353     2511     2939     4238     2077     1186     4009     2881     2064     2407     3918     3757     1956     3859     2451     2787     3635     3419     2154     2827     5037     5262     4087     2520     4358     1319     5090     3339     3666     5566     957      5672     3600     4160     
6        5625     6251     1504     4290     5562     4128     0        430      5458     4053     3336     5364     6485     4175     3018     1892     7703     2604     3041     4956     6303     5037     4956     3609     1802     5884     1828     4724     5203     5456     1855     6272     5614     3203     7852     6085     3386     1934     5074     5592     7379     5513     5575     5135     4696     5316     5955     545      1896     5156     1593     3958     5126     3968     6872     6132     3960     7080     7221     5433     6016     5557     6869     6183     7351     3681     4431     2895     7921     1718     2172     426      5441     7041     3337     6134     9124     4646     5665     1395     1121     
7        5721     6466     1611     4710     5860     4547     430      0        5642     4163     3727     5368     6642     4505     3391     2025     8046     3001     3457     5351     6716     5460     4960     3819     2127     6304     1749     5143     5623     5849     2277     6702     5997     3187     8220     6491     3547     2120     5504     5558     7696     5935     5855     5537     4725     5746     6303     647      2320     5454     1605     4372     5554     4117     7271     6540     4363     7497     7645     5806     6285     5980     7295     6480     7742     3999     4710     2829     8202     1949     2499     508      5863     7273     3540     6425     9474     5076     5741     1725     1328     
8        1239     938      6803     4515     1822     4466     5458     5642     0        1694     6525     2359     1100     2422     6612     3623     3905     6075     5886     3791     4987     4926     2329     1863     6350     5120     4243     6581     4834     3868     4626     6760     3659     3097     4587     4623     2101     6989     5899     2880     3159     6884     1493     7370     2087     5764     2929     5985     5364     1745     4147     6342     5409     1566     4794     4730     6626     8231     7921     3336     1494     6885     6174     2036     4869     2467     1644     3573     3080     6692     3551     5881     5028     1794     2123     1919     5201     5392     1500     6115     6327     
9        1575     2629     5501     4494     2922     4391     4053     4163     1694     0        5845     1714     2529     2573     5822     2160     5290     5261     5232     4162     5609     5107     1400     1063     5263     5563     2613     6317     5094     4430     3702     6949     4331     1405     5842     5253     800      5785     5893     2178     4636     6801     2695     7056     1030     5867     3923     4597     4435     2624     2585     5888     5523     400      5664     5352     6115     8310     8123     4005     2929     6816     6699     3381     5885     2261     1982     1879     4725     5503     2563     4477     5333     3486     1102     3277     6678     5345     1643     4959     5046     
10       7259     6965     2826     2701     5620     2614     3336     3727     6525     5845     0        7521     7616     4243     452      4218     6927     738      638      3813     4487     3096     7152     4899     1737     3909     4779     1632     3335     4246     2204     3441     4544     5721     6699     4454     5046     2360     2468     7912     6971     2443     5823     1828     6804     2838     5359     3207     1591     5311     4396     868      2856     5551     5299     4442     691      3871     4137     4568     6281     2497     4497     6150     5863     4064     4941     5630     7841     2229     3301     3297     3463     7512     4762     6163     8129     2349     7408     2070     2656     
11       1219     3134     6864     6179     4112     6083     5364     5368     2359     1714     7521     0        2459     4174     7470     3553     6259     6908     6918     5745     7118     6758     408      2766     6793     7142     3635     8031     6724     5948     5344     8611     5799     2182     6945     6755     2491     7225     7585     531      5496     8506     3807     8770     718      7541     5208     5902     6058     3929     3777     7597     7192     2078     7049     6858     7817     9998     9787     5467     3853     8520     8258     4393     7180     3934     3475     2588     5264     6960     4221     5769     6954     3871     2815     4277     7520     7040     989      6455     6442     
12       1275     995      7863     5517     2546     5482     6485     6642     1100     2529     7616     2459     0        3459     7710     4617     4117     7174     6977     4698     5740     5862     2609     2932     7442     5954     5143     7611     5745     4696     5724     7659     4444     3855     4906     5385     3100     8068     6873     2892     3302     7867     2211     8404     2510     6708     3580     7020     6463     2612     5098     7409     6356     2524     5413     5493     7699     9151     8800     4143     1975     7865     6943     2503     5384     3552     2698     4342     2868     7773     4640     6911     5918     1473     3177     2394     5224     6386     1473     7199     7391     
13       3442     2726     5189     2101     1471     2045     4175     4505     2422     2573     4243     4174     3459     0        4405     2879     3546     3911     3612     1589     3056     2595     3931     1578     4456     2990     3802     4159     2550     1885     2715     4452     1845     3474     3808     2709     2073     5208     3502     4685     3211     4476     1606     4950     3569     3405     1822     4603     3366     1103     3496     3959     3051     2172     3228     2803     4258     5879     5627     1546     2075     4480     4126     2078     3557     530      782      3772     3846     4911     2005     4544     2779     3286     1725     2054     4984     2982     3661     4331     4716     
14       7281     7105     2394     3025     5821     2923     3018     3391     6612     5822     452      7470     7710     4405     0        4073     7243     561      845      4119     4881     3479     7090     4920     1331     4310     4561     2084     3715     4571     2125     3893     4859     5589     7051     4829     5022     1913     2905     7839     7247     2893     6003     2231     6751     3269     5634     2840     1428     5493     4192     1318     3269     5550     5679     4822     1134     4297     4580     4859     6468     2947     4935     6371     6240     4176     5067     5463     8088     1795     3259     2939     3857     7690     4760     6376     8475     2754     7416     1692     2256     
15       3734     4468     3353     3892     4047     3740     1892     2025     3623     2160     4218     3553     4617     2879     4073     0        6372     3527     3690     4133     5637     4648     3150     1839     3251     5367     939      5141     4738     4576     2035     6279     4633     1518     6686     5341     1524     3678     5083     3847     5913     5805     3984     5762     2857     5200     4690     2436     2647     3646     620      4521     4914     2093     6005     5415     4661     7406     7382     4374     4382     5836     6481     4650     6393     2349     2865     1425     6307     3409     1221     2317     4996     5292     1554     4580     7817     4555     3779     2903     2910     
16       5081     3187     8585     4226     2401     4320     7703     8046     3905     5290     6927     6259     4117     3546     7243     6372     0        6882     6399     3123     2900     3966     6228     4711     7701     3433     7259     6040     3735     2682     6084     5124     2384     6588     860      2712     5211     8501     4974     6772     821      5850     2594     6756     5961     4632     1750     8103     6603     2768     6992     6293     4389     4969     2118     2779     6629     6552     6012     2408     2419     5820     3888     1914     1733     4067     3549     6992     1696     8218     5546     8056     3724     2729     4965     2023     1445     4750     5341     7666     8131     
17       6724     6590     2246     2714     5348     2592     2604     3001     6075     5261     738      6908     7174     3911     561      3527     6882     0        597      3765     4668     3260     6529     4365     1127     4120     4052     2215     3487     4239     1564     3945     4510     5040     6745     4577     4460     1871     2854     7279     6839     3032     5516     2536     6190     3187     5232     2506     880      5008     3674     1420     3126     4991     5430     4582     1365     4534     4749     4480     5983     3082     4856     5913     5983     3654     4550     4927     7649     1675     2698     2586     3658     7197     4202     5913     8157     2600     6857     1397     2005     
18       6629     6330     2833     2188     5003     2081     3041     3457     5886     5232     638      6918     6977     3612     845      3690     6399     597      0        3275     4095     2687     6554     4272     1715     3539     4321     1689     2918     3731     1655     3366     4016     5172     6221     4020     4435     2469     2258     7320     6403     2493     5198     2130     6202     2590     4790     3014     1166     4686     3926     917      2533     4930     4873     4021     977      4039     4212     4014     5659     2541     4259     5543     5431     3425     4304     5114     7250     2269     2706     3080     3079     6887     4142     5552     7642     2007     6782     1951     2564     
19       4928     3798     5599     1120     2209     1199     4956     5351     3791     4162     3813     5745     4698     1589     4119     4133     3123     3765     3275     0        1518     1173     5515     3152     4639     1401     5071     3144     1047     506      3163     2970     745      4989     3011     1208     3627     5448     2229     6261     3178     3224     2517     3926     5154     2018     1586     5265     3565     2086     4711     3237     1674     3761     1923     1285     3572     4453     4130     770      2886     3214     2538     2567     2397     1975     2277     5235     4105     5177     3003     5247     1238     4080     3265     2618     4401     1821     5164     4654     5173     
20       6194     4764     6741     2046     3205     2202     6303     6716     4987     5609     4487     7118     5740     3056     4881     5637     2900     4668     4095     1518     0        1408     6922     4634     5691     595      6571     3287     1182     1179     4457     2232     1330     6501     2379     364      5123     6495     2192     7644     3333     2978     3544     3936     6571     1816     2178     6551     4705     3246     6203     3714     1662     5209     859      259      4035     3698     3212     1659     3780     2943     1203     3306     1418     3483     3654     6753     4368     6251     4477     6552     1024     4801     4766     3398     3791     2140     6444     5788     6357     
21       6023     4971     5362     769      3383     930      5037     5460     4926     5107     3096     6758     5862     2595     3479     4648     3966     3260     2687     1173     1408     0        6495     4054     4296     874      5551     2082     240      1370     3182     1857     1696     5740     3632     1359     4477     5096     1074     7260     4182     2059     3690     2831     6128     846      2671     5236     3342     3250     5159     2363     501      4712     2202     1345     2695     3305     3033     1871     4057     2046     1857     3719     2767     2847     3349     5911     5164     4858     3433     5250     411      5242     4108     3777     5065     788      6249     4412     4994     
22       1333     3175     6456     5893     4002     5791     4956     4960     2329     1400     7152     408      2609     3931     7090     3150     6228     6529     6554     5515     6922     6495     0        2463     6393     6916     3230     7703     6473     5746     4966     8342     5615     1776     6881     6561     2145     6820     7292     780      5488     8200     3714     8434     369      7264     5082     5494     5674     3785     3369     7249     6918     1785     6898     6663     7463     9709     9517     5284     3810     8215     8043     4335     7059     3654     3268     2190     5333     6556     3850     5361     6708     3957     2484     4220     7529     6745     1157     6053     6035     
23       2362     2646     4940     3431     2318     3327     3609     3819     1863     1063     4899     2766     2932     1578     4920     1839     4711     4365     4272     3152     4634     4054     2463     0        4524     4545     2612     5272     4050     3463     2845     5890     3404     1939     5149     4288     517      5136     4829     3241     4168     5741     2197     6021     2093     4806     3158     4129     3589     1944     2422     4875     4463     689      4774     4382     5118     7246     7062     3089     2565     5755     5688     2886     5054     1208     1173     2297     4483     4842     1724     4030     4294     3458     285      2804     6146     4281     2510     4269     4464     
24       6810     6988     1119     3674     5928     3534     1802     2127     6350     5263     1737     6793     7442     4456     1331     3251     7701     1127     1715     4639     5691     4296     6393     4524     0        5168     3526     3325     4511     5135     1759     5072     5377     4744     7650     5566     4489     811      3973     7099     7565     4144     6043     3558     6086     4296     5990     1533     1104     5554     3205     2530     4211     5064     6413     5582     2423     5608     5855     5297     6512     4195     5959     6528     6953     4091     4976     4529     8293     563      2802     1645     4703     7677     4306     6509     9034     3687     6904     407      925      
25       6292     5003     6236     1594     3409     1756     5884     6304     5120     5563     3909     7142     5954     2990     4310     5367     3433     4120     3539     1401     595      874      6916     4545     5168     0        6289     2693     682      1259     4028     1783     1520     6344     2961     726      5009     5965     1598     7660     3798     2417     3742     3353     6556     1226     2481     6099     4215     3380     5908     3124     1068     5162     1451     654      3443     3285     2862     1810     4035     2386     1145     3606     2013     3352     3668     6559     4823     5730     4173     6109     465      5131     4644     3686     4380     1559     6534     5286     5867     
26       4102     5141     3318     4787     4901     4632     1828     1749     4243     2613     4779     3635     5143     3802     4561     939      7259     4052     4321     5071     6571     5551     3230     2612     3526     6289     0        5876     5651     5515     2716     7127     5571     1455     7603     6279     2189     3761     5920     3809     6765     6583     4806     6441     3019     6063     5601     2333     3190     4508     406      5201     5792     2677     6944     6351     5298     8189     8205     5309     5176     6618     7394     5488     7330     3275     3721     1080     7089     3535     2119     2193     5909     5989     2334     5410     8703     5406     4088     3133     2949     
27       7527     6808     4436     2116     5283     2132     4724     5143     6581     6317     1632     8031     7611     4159     2084     5141     6040     2215     1689     3144     3287     2082     7703     5272     3325     2693     5876     0        2307     3439     3161     1825     3765     6537     5645     3363     5561     3991     1095     8484     6260     818      5555     796      7337     1475     4717     4700     2832     5067     5472     796      1656     5961     4145     3319     962      2356     2533     3901     5970     869      3010     5702     4705     4186     4937     6557     7229     3845     4005     4769     2327     7192     5219     5745     7071     1327     7719     3612     4220     
28       5954     4838     5569     913      3242     1075     5203     5623     4834     5094     3335     6724     5745     2550     3715     4738     3735     3487     2918     1047     1182     240      6473     4050     4511     682      5651     2307     0        1173     3347     1926     1496     5782     3392     1119     4489     5314     1272     7232     3969     2236     3557     3045     6107     997      2482     5418     3540     3134     5264     2603     681      4696     1964     1107     2935     3406     3093     1696     3909     2219     1743     3550     2528     2843     3286     5971     4959     5072     3531     5427     258      5078     4120     3613     4825     1026     6185     4617     5194     
29       5054     3751     6103     1546     2153     1650     5456     5849     3868     4430     4246     5948     4696     1885     4571     4576     2682     4239     3731     506      1179     1370     5746     3463     5135     1259     5515     3439     1173     0        3669     2990     326      5349     2515     825      3958     5945     2441     6472     2822     3409     2485     4199     5393     2166     1309     5770     4067     2125     5164     3619     1853     4031     1439     922      3956     4496     4109     555      2792     3391     2319     2396     1894     2336     2477     5622     3794     5676     3474     5751     1274     3927     3606     2466     3918     2117     5300     5157     5678     
30       5189     5234     2503     2434     4186     2272     1855     2277     4626     3702     2204     5344     5724     2715     2125     2035     6084     1564     1655     3163     4457     3182     4966     2845     1759     4028     2716     3161     3347     3669     0        4514     3860     3521     6133     4252     2903     2493     3301     5719     5877     3881     4288     3739     4626     3507     4343     2106     744      3804     2312     2497     3292     3446     5058     4293     2625     5485     5538     3721     4756     3918     5021     4793     5556     2332     3216     3460     6561     2195     1141     2098     3585     5917     2661     4769     7467     2834     5312     1616     2047     
31       7876     6734     6192     2475     5133     2600     6272     6702     6760     6949     3441     8611     7659     4452     3893     6279     5124     3945     3366     2970     2232     1857     8342     5890     5072     1783     7127     1825     1926     2990     4514     0        3281     7495     4529     2486     6292     5781     1213     9111     5559     1098     5458     2119     7974     1096     4258     6337     4397     5052     6723     2576     1428     6557     3021     2397     2785     1507     1176     3545     5782     1044     1412     5376     3513     4688     5204     7619     6590     5613     5061     6387     1740     6905     5924     5452     5874     1723     8104     5315     5929     
32       4864     3486     6321     1843     1899     1936     5614     5997     3659     4331     4544     5799     4444     1845     4859     4633     2384     4510     4016     745      1330     1696     5615     3404     5377     1520     5571     3765     1496     326      3860     3281     0        5319     2280     965      3910     6185     2766     6327     2497     3730     2236     4525     5269     2486     991      5949     4297     1916     5233     3934     2177     3936     1386     1072     4271     4788     4382     331      2515     3712     2516     2095     1767     2334     2355     5615     3468     5911     3576     5923     1584     3626     3569     2171     3658     2442     5114     5381     5888     
33       2717     4033     4708     5031     4189     4897     3203     3187     3097     1405     5721     2182     3855     3474     5589     1518     6588     5040     5172     4989     6501     5740     1776     1939     4744     6344     1455     6537     5782     5349     3521     7495     5319     0        7072     6166     1422     5101     6341     2389     5978     7146     4007     7200     1571     6399     5092     3735     4162     3843     1610     5968     6082     1639     6698     6255     6132     8727     8639     5012     4290     7171     7488     4703     6992     3018     3101     486      6123     4850     2532     3599     6037     4891     1750     4607     8003     5795     2673     4379     4302     
34       5798     3947     8601     4034     2921     4153     7852     8220     4587     5842     6699     6945     4906     3808     7051     6686     860      6745     6221     3011     2379     3632     6881     5149     7650     2961     7603     5645     3392     2515     6133     4529     2280     7072     0        2286     5663     8460     4554     7467     1658     5355     3175     6314     6591     4187     2005     8210     6575     3233     7304     5995     3994     5493     1526     2326     6327     5897     5328     2420     3094     5318     3210     2551     1020     4338     3975     7446     2551     8188     5746     8177     3324     3560     5380     2667     1433     4417     6060     7661     8167     
35       5830     4413     6593     1893     2846     2038     6085     6491     4623     5253     4454     6755     5385     2709     4829     5341     2712     4577     4020     1208     364      1359     6561     4288     5566     726      6279     3363     1119     825      4252     2486     965      6166     2286     0        4781     6374     2278     7281     3077     3137     3185     4054     6211     1923     1836     6355     4549     2882     5916     3718     1708     4855     852      107      4048     3976     3516     1294     3431     3108     1558     2967     1411     3149     3293     6429     4105     6122     4200     6350     1038     4475     4426     3056     3718     2136     6080     5639     6195     
36       2321     2966     4790     3819     2812     3704     3386     3547     2101     800      5046     2491     3100     2073     5022     1524     5211     4460     4435     3627     5123     4477     2145     517      4489     5009     2189     5561     4489     3958     2903     6292     3910     1422     5663     4781     0        5041     5196     2924     4646     6077     2667     6288     1782     5200     3674     3923     3638     2447     2052     5107     4864     587      5284     4873     5327     7612     7458     3599     3006     6095     6155     3363     5570     1657     1687     1785     4907     4754     1763     3812     4738     3806     369      3275     6641     4645     2420     4199     4325     
37       7354     7672     587      4483     6679     4344     1934     2120     6989     5785     2360     7225     8068     5208     1913     3678     8501     1871     2469     5448     6495     5096     6820     5136     811      5965     3761     3991     5314     5945     2493     5781     6185     5101     8460     6374     5041     0        4722     7487     8347     4804     6777     4113     6535     5059     6783     1474     1897     6297     3502     3208     4992     5626     7223     6390     3048     6195     6493     6100     7244     4857     6728     7285     7763     4816     5686     4821     9053     299      3445     1615     5500     8387     4899     7262     9841     4466     7427     884      812      
38       6943     6008     5088     1410     4433     1501     5074     5504     5899     5893     2468     7585     6873     3502     2905     5083     4974     2854     2258     2229     2192     1074     7292     4829     3973     1598     5920     1095     1272     2441     3301     1213     2766     6341     4554     2278     5196     4722     0        8069     5239     997      4731     1783     6923     387      3746     5163     3216     4272     5515     1619     591      5511     3050     2229     1909     2417     2302     2945     5113     992      2029     4790     3610     3653     4280     6442     6231     4528     3872     5206     1250     6309     4833     4845     5978     550      7156     4181     4792     
39       1703     3627     7097     6667     4642     6567     5592     5558     2880     2178     7912     531      2892     4685     7839     3847     6772     7279     7320     6261     7644     7260     780      3241     7099     7660     3809     8484     7232     6472     5719     9111     6327     2389     7467     7281     2924     7487     8069     0        6002     8979     4336     9212     1149     8035     5740     6121     6417     4460     3998     8025     7688     2558     7580     7384     8235     10485    10286    5995     4373     8995     8780     4916     7710     4425     3997     2733     5733     7232     4614     5984     7464     4335     3265     4799     8016     7522     1453     6747     6691     
40       4303     2391     8376     4297     1866     4364     7379     7696     3159     4636     6971     5496     3302     3211     7247     5913     821      6839     6403     3178     3333     4182     5488     4168     7565     3798     6765     6260     3969     2822     5877     5559     2497     5978     1658     3077     4646     8347     5239     6002     0        6173     1979     7013     5238     4930     1612     7814     6460     2267     6529     6414     4647     4342     2661     3163     6750     7032     6530     2410     1711     6149     4430     1283     2392     3699     3049     6405     1035     8056     5207     7754     4010     1908     4437     1373     2050     4939     4560     7487     7909     
41       7907     7005     5254     2374     5430     2443     5513     5935     6884     6801     2443     8506     7867     4476     2893     5805     5850     3032     2493     3224     2978     2059     8200     5741     4144     2417     6583     818      2236     3409     3881     1098     3730     7146     5355     3137     6077     4804     997      8979     6173     0        5729     1034     7830     1246     4718     5508     3616     5269     6177     1613     1560     6428     3828     3071     1760     1605     1719     3928     6109     55       2436     5778     4365     4591     5257     7203     7179     4662     4628     5573     2164     7301     5722     5836     6751     1493     8115     4427     5037     
42       2732     1281     6716     3438     339      3432     5575     5855     1493     2695     5823     3807     2211     1606     6003     3984     2594     5516     5198     2517     3544     3690     3714     2197     6043     3742     4806     5555     3557     2485     4288     5458     2236     4007     3175     3185     2667     6777     4731     4336     1979     5729     0        6351     3417     4536     1437     6049     4962     511      4591     5467     4190     2377     3303     3293     5781     6956     6592     1932     469      5722     4744     697      3381     1962     1145     4427     2346     6478     3430     5973     3719     1689     2471     607      3996     4275     2993     5894     6238     
43       8299     7604     4621     2912     6077     2928     5135     5537     7370     7056     1828     8770     8404     4950     2231     5762     6756     2536     2130     3926     3936     2831     8434     6021     3558     3353     6441     796      3045     4199     3739     2119     4525     7200     6314     4054     6288     4113     1783     9212     7013     1034     6351     0        8070     2130     5490     5033     3293     5864     6042     1242     2372     6709     4795     3999     1174     2085     2454     4677     6764     1085     3470     6490     5344     4960     5726     7187     7994     4021     4674     5119     3032     7985     5955     6535     7726     2105     8487     3898     4481     
44       1255     2974     6190     5523     3694     5421     4696     4725     2087     1030     6804     718      2510     3569     6751     2857     5961     6190     6202     5154     6571     6128     369      2093     6086     6556     3019     7337     6107     5393     4626     7974     5269     1571     6591     6211     1782     6535     6923     1149     5238     7830     3417     8070     0        6895     4761     5238     5340     3460     3122     6889     6549     1416     6564     6312     7106     9340     9148     4938     3542     7846     7686     4056     6739     3285     2917     2023     5140     6267     3503     5107     6343     3785     2117     3943     7285     6375     1145     5753     5759     
45       6845     5817     5406     1380     4227     1504     5316     5746     5764     5867     2838     7541     6708     3405     3269     5200     4632     3187     2590     2018     1816     846      7264     4806     4296     1226     6063     1475     997      2166     3507     1096     2486     6399     4187     1923     5200     5059     387      8035     4930     1246     4536     2130     6895     0        3475     5435     3488     4096     5661     1997     355      5478     2675     1868     2293     2475     2258     2693     4899     1226     1671     4547     3233     3610     4172     6528     5933     4855     3980     5470     920      6075     4833     4609     5606     673      7066     4486     5093     
46       4166     2595     6846     2698     1107     2757     5955     6303     2929     3923     5359     5208     3580     1822     5634     4690     1750     5232     4790     1586     2178     2671     5082     3158     5990     2481     5601     4717     2482     1309     4343     4258     991      5092     2005     1836     3674     6783     3746     5740     1612     4718     1437     5490     4761     3475     0        6352     4887     1304     5310     4820     3161     3553     1866     1941     5154     5764     5338     817      1608     4700     3379     1131     1977     2351     1991     5453     2518     6495     3806     6306     2576     2649     3381     1220     3171     3390     4426     5936     6389     
47       6170     6764     985      4512     6018     4353     545      647      5985     4597     3207     5902     7020     4603     2840     2436     8103     2506     3014     5265     6551     5236     5494     4129     1533     6099     2333     4700     5418     5770     2106     6337     5949     3735     8210     6355     3923     1474     5163     6121     7814     5508     6049     5033     5238     5435     6352     0        1948     5615     2126     3913     5275     4506     7164     6395     3869     7038     7226     5790     6496     5555     7035     6640     7661     4126     4908     3410     8389     1305     2622     142      5646     7544     3862     6595     9512     4775     6210     1148     683      
48       5932     5951     2044     2661     4836     2511     1896     2320     5364     4435     1591     6058     6463     3366     1428     2647     6603     880      1166     3565     4705     3342     5674     3589     1104     4215     3190     2832     3540     4067     744      4397     4297     4162     6575     4549     3638     1897     3216     6417     6460     3616     4962     3293     5340     3488     4887     1948     0        4467     2805     2081     3340     4187     5386     4575     2127     5189     5324     4203     5432     3660     5103     5431     5914     3027     3920     4048     7194     1616     1880     1990     3753     6613     3403     5415     7948     2833     6052     1092     1653     
49       2949     1742     6253     2952     406      2939     5156     5454     1745     2624     5311     3929     2612     1103     5493     3646     2768     5008     4686     2086     3246     3250     3785     1944     5554     3380     4508     5067     3134     2125     3804     5052     1916     3843     3233     2882     2447     6297     4272     4460     2267     5269     511      5864     3460     4096     1304     5615     4467     0        4263     4962     3746     2264     3119     2988     5274     6540     6202     1591     975      5265     4430     1027     3280     1497     786      4232     2778     5998     2992     5545     3312     2201     2197     980      4205     3802     3202     5416     5777     
