

sets
i        orders          /0*20/
k        routes          /1*20/
p        positions       /0*20/
;

alias(i,j)
alias(i,h)
alias(i,hh)
alias(i,jj)
alias(k,kk)
                            Parameters

rho(i)	Processing time
/
0	0
1	6
2	35
3	71
4	7
5	52
6	39
7	11
8	41
9	33
10	38
11	33
12	23
13	38
14	24
15	22
16	14
17	19
18	19
19	40
20	65
/

gamma(i)	Duedate
/
0	0
1	59
2	2
3	83
4	83
5	14
6	81
7	90
8	85
9	85
10	71
11	34
12	98
13	42
14	13
15	65
16	4
17	81
18	26
19	52
20	50
/

sigma(i)	Size
/
0	0
1	3
2	8
3	4
4	2
5	3
6	9
7	1
8	7
9	5
10	9
11	6
12	3
13	9
14	1
15	9
16	9
17	6
18	5
19	8
20	3
/

epsilon(i)	Priority
/
0	0
1	2
2	5
3	6
4	5
5	9
6	2
7	2
8	7
9	4
10	2
11	2
12	7
13	4
14	7
15	9
16	1
17	3
18	2
19	8
20	1
/

psi	Vehicle Capacity
/ 125 /
;

Table kappa(i,j)                 Setup
         0        1        2        3        4        5        6        7        8        9        10       11       12       13       14       15       16       17       18       19       20       
0        0        40       121      199      124      55       174      91       71       106      87       199      99       110      113      153      150      85       20       124      174      
1        40       0        117      227      165      15       194      84       106      103      124      227      93       108      132      169      178      120      22       163      208      
2        121      117      0        164      197      117      112      32       115      15       132      162      23       12       70       81       124      118      111      217      168      
3        199      227      164      0        155      237      55       176      130      162      122      3        172      159      101      84       49       116      207      193      43       
4        124      165      197      155      0        180      169      181      82       184      65       158      185      185      140      170      126      80       143      38       113      
5        55       15       117      237      180      0        202      85       119      105      137      237      94       110      140      175      188      133      36       178      219      
6        174      194      112      55       169      202      0        130      115      113      117      53       124      109      62       31       43       105      177      204      79       
7        91       84       32       176      181      85       130      0        100      20       119      175      9        25       76       100      131      107      79       196      172      
8        71       106      115      130      82       119      115      100      0        102      20       131      102      103      66       104      83       14       84       103      103      
9        106      103      15       162      184      105      113      20       102      0        120      161      11       5        64       82       119      106      96       203      162      
10       87       124      132      122      65       137      117      119      20       120      0        124      121      120      76       110      79       15       101      91       90       
11       199      227      162      3        158      237      53       175      131      161      124      0        170      157      100      82       49       117      207      196      46       
12       99       93       23       172      185      94       124      9        102      11       121      170      0        16       72       93       127      108      88       201      170      
13       110      108      12       159      185      110      109      25       103      5        120      157      16       0        62       78       116      106      101      204      160      
14       113      132      70       101      140      140      62       76       66       64       76       100      72       62       0        40       55       61       115      167      98       
15       153      169      81       84       170      175      31       100      104      82       110      82       93       78       40       0        55       96       153      201      99       
16       150      178      124      49       126      188      43       131      83       119      79       49       127      116      55       55       0        70       158      161      45       
17       85       120      118      116      80       133      105      107      14       106      15       117      108      106      61       96       70       0        98       106      89       
18       20       22       111      207      143      36       177      79       84       96       101      207      88       101      115      153      158      98       0        144      186      
19       124      163      217      193      38       178      204      196      103      203      91       196      201      204      167      201      161      106      144      0        151      
20       174      208      168      43       113      219      79       172      103      162      90       46       170      160      98       99       45       89       186      151      0        
;



Table delta(i,j)                 Distance
         0        1        2        3        4        5        6        7        8        9        10       11       12       13       14       15       16       17       18       19       20       
0        0        129      245      109      176      180      168      118      167      32       26       52       173      196      92       175      233      175      187      144      35       
1        129      0        149      23       88       202      181      23       104      101      111      148      191      93       46       97       129      50       185      31       138      
2        245      149      0        153      69       186      168      172      83       229      239      232      177      55       192      70       23       107      150      169      232      
3        109      23       153      0        86       183      163      31       96       83       93       125      172      98       39       92       135      66       168      51       115      
4        176      88       69       86       0        153      132      110      31       159      169      167      143      26       125      14       57       62       124      114      165      
5        180      202      186      183      153      0        21       214      122      192      196      133      11       177      208      140      192      208      36       234      147      
6        168      181      168      163      132      21       0        194      101      176      181      123      10       157      189      119      173      187      26       213      135      
7        118      23       172      31       110      214      194      0        124      88       97       145      203      117      28       119      152      72       200      26       132      
8        167      104      83       96       31       122      101      124      0        156      165      149      111      56       134      18       79       91       93       134      150      
9        32       101      229      83       159      192      176      88       156      0        10       76       183      177      60       161      214      150      193      113      59       
10       26       111      239      93       169      196      181      97       165      10       0        75       187      187      69       170      224      160      199      122      58       
11       52       148      232      125      167      133      123      145      149      76       75       0        126      191      123      162      224      185      146      171      17       
12       173      191      177      172      143      11       10       203      111      183      187      126      0        167      198      129      182      197      30       222      140      
13       196      93       55       98       26       177      157      117      56       177      187      191      167      0        136      37       37       54       146      115      188      
14       92       46       192      39       125      208      189      28       134      60       69       123      198      136      0        132      173      97       198      52       109      
15       175      97       70       92       14       140      119      119      18       161      170      162      129      37       132      0        63       76       110      125      161      
16       233      129      23       135      57       192      173      152      79       214      224      224      182      37       173      63       0        85       158      148      223      
17       175      50       107      66       62       208      187      72       91       150      160      185      197      54       97       76       85       0        183      63       178      
18       187      185      150      168      124      36       26       200      93       193      199      146      30       146      198      110      158      183      0        216      157      
19       144      31       169      51       114      234      213      26       134      113      122      171      222      115      52       125      148      63       216      0        158      
20       35       138      232      115      165      147      135      132      150      59       58       17       140      188      109      161      223      178      157      158      0        
;

