
sets
i        orders          /0*10/
k        routes          /1*10/
p        positions       /0*10/
;

alias(i,j)
alias(i,h)
alias(i,hh)
alias(i,jj)
alias(k,kk)
                
                    Parameters

rho(i)	Processing time
/
0	0
1	38
2	69
3	93
4	92
5	89
6	66
7	60
8	87
9	32
10	86
/

gamma(i)	Duedate
/
0	0
1	11
2	12
3	56
4	98
5	69
6	91
7	93
8	92
9	63
10	83
/

sigma(i)	Size
/
0	0
1	1
2	5
3	4
4	7
5	9
6	5
7	5
8	8
9	9
10	6
/

epsilon(i)	Priority
/
0	0
1	6
2	1
3	8
4	9
5	5
6	4
7	9
8	7
9	1
10	5
/

psi	Vehicle Capacity
/ 25 /
;

Table kappa(i,j)                 Setup
         0        1        2        3        4        5        6        7        8        9        10       
0        0        82       14       85       28       76       36       90       84       21       9        
1        82       0        69       7        54       6        50       9        32       90       82       
2        14       69       0        72       15       63       28       77       75       32       19       
3        85       7        72       0        57       9        56       5        39       95       86       
4        28       54       15       57       0        48       15       62       59       39       28       
5        76       6        63       9        48       0        46       14       35       85       76       
6        36       50       28       56       15       46       0        60       48       39       33       
7        90       9        77       5        62       14       60       0        38       99       90       
8        84       32       75       39       59       35       48       38       0        85       81       
9        21       90       32       95       39       85       39       99       85       0        13       
10       9        82       19       86       28       76       33       90       81       13       0        
;



Table delta(i,j)                 Distance
         0        1        2        3        4        5        6        7        8        9        10       
0        0        1780     820      230      1610     940      1590     1390     510      1050     2390     
1        1780     0        139      160      40       120      22       112      172      105      65       
2        820      139      0        82       141      20       117      158      117      122      187      
3        230      160      82       0        139      90       141      116      36       81       222      
4        1610     40       141      139      0        125      43       72       143      71       102      
5        940      120      20       90       125      0        98       150      123      115      167      
6        1590     22       117      141      43       98       0        109      156      95       81       
7        1390     112      158      116      72       150      109      0        101      37       173      
8        510      172      117      36       143      123      156      101      0        75       237      
9        1050     105      122      81       71       115      95       37       75       0        170      
10       2390     65       187      222      102      167      81       173      237      170      0        
;

