
sets
i        orders          /0*10/
k        routes          /1*10/
p        positions       /0*10/
;

alias(i,j)
alias(i,h)
alias(i,hh)
alias(i,jj)
alias(k,kk)
                
                    Parameters

rho(i)	Processing time
/
0	0
1	64
2	19
3	71
4	89
5	82
6	48
7	64
8	76
9	27
10	84
/

gamma(i)	Duedate
/
0	0
1	82
2	11
3	25
4	92
5	63
6	59
7	69
8	43
9	68
10	65
/

sigma(i)	Size
/
0	0
1	5
2	6
3	6
4	4
5	7
6	3
7	7
8	3
9	5
10	1
/

epsilon(i)	Priority
/
0	0
1	9
2	4
3	8
4	1
5	6
6	3
7	5
8	5
9	1
10	7
/

psi	Vehicle Capacity
/ 34 /
;

Table kappa(i,j)                 Setup
         0        1        2        3        4        5        6        7        8        9        10       
0        0        55       83       47       107      42       43       19       79       32       37       
1        55       0        121      91       89       77       15       50       71       45       24       
2        83       121      0        37       104      44       116      74       81       76       97       
3        47       91       37       0        100      17       83       40       73       47       67       
4        107      89       104      100      0        84       98       88       28       74       80       
5        42       77       44       17       84       0        72       29       56       32       53       
6        43       15       116      83       98       72       0        43       76       41       22       
7        19       50       74       40       88       29       43       0        60       14       27       
8        79       71       81       73       28       56       76       60       0        46       56       
9        32       45       76       47       74       32       41       14       46       0        21       
10       37       24       97       67       80       53       22       27       56       21       0        
;



Table delta(i,j)                 Distance
         0        1        2        3        4        5        6        7        8        9        10       
0        0        1190     250      1240     1550     1160     1110     1010     570      1410     780      
1        1190     0        103      148      125      170      81       131      174      95       190      
2        250      103      0        139      161      136      113      79       71       143      103      
3        1240     148      139      0        62       37       69       216      166      77       125      
4        1550     125      161      62       0        100      50       228      207      30       179      
5        1160     170      136      37       100      0        98       215      146      112      95       
6        1110     81       113      69       50       98       0        177      167      30       152      
7        1010     131      79       216      228      215      177      0        112      204      169      
8        570      174      71       166      207      146      167      112      0        197      65       
9        1410     95       143      77       30       112      30       204      197      0        178      
10       780      190      103      125      179      95       152      169      65       178      0        
;

