

sets
i        orders          /0*40/
k        routes          /1*40/
p        positions       /0*40/
;

alias(i,j)
alias(i,h)
alias(i,hh)
alias(i,jj)
alias(k,kk)
                            Parameters

rho(i)	Processing time
/
0	0
1	27
2	49
3	94
4	81
5	27
6	79
7	74
8	88
9	45
10	62
11	23
12	38
13	67
14	39
15	67
16	77
17	47
18	44
19	76
20	31
21	93
22	49
23	74
24	19
25	55
26	28
27	32
28	50
29	18
30	64
31	79
32	26
33	48
34	62
35	54
36	74
37	21
38	90
39	88
40	75
/

gamma(i)	Duedate
/
0	0
1	55
2	55
3	38
4	97
5	84
6	62
7	75
8	64
9	56
10	98
11	57
12	98
13	17
14	25
15	42
16	54
17	14
18	5
19	97
20	64
21	20
22	7
23	57
24	46
25	7
26	1
27	15
28	85
29	53
30	55
31	33
32	79
33	42
34	44
35	74
36	6
37	92
38	94
39	27
40	60
/

sigma(i)	Size
/
0	0
1	4
2	8
3	2
4	2
5	9
6	1
7	4
8	8
9	6
10	3
11	4
12	4
13	3
14	7
15	7
16	5
17	7
18	3
19	5
20	7
21	6
22	5
23	6
24	4
25	1
26	8
27	6
28	1
29	8
30	6
31	8
32	3
33	3
34	9
35	6
36	6
37	8
38	5
39	6
40	9
/

epsilon(i)	Priority
/
0	0
1	6
2	4
3	6
4	2
5	1
6	8
7	7
8	8
9	7
10	3
11	6
12	8
13	8
14	1
15	7
16	2
17	8
18	5
19	7
20	3
21	1
22	4
23	7
24	1
25	2
26	4
27	4
28	8
29	4
30	6
31	8
32	4
33	3
34	6
35	3
36	2
37	1
38	8
39	1
40	7
/

psi	Vehicle Capacity
/ 29 /
;

Table kappa(i,j)                 Setup
         0        1        2        3        4        5        6        7        8        9        10       11       12       13       14       15       16       17       18       19       20       21       22       23       24       25       26       27       28       29       30       31       32       33       34       35       36       37       38       39       40       
0        0        312      338      354      172      369      246      289      211      289      238      90       240      93       363      128      224      215      277      336      242      414      357      153      119      364      54       267      210      352      271      224      248      80       244      154      195      348      94       104      365      
1        312      0        117      147      238      67       146      210      273      35       149      328      129      343      236      212      135      96       43       79       116      109      45       295      194      209      260      175      102      47       190      91       64       378      247      161      246      179      356      245      70       
2        338      117      0        29       205      95       251      321      219      95       251      322      231      337      123      276      114      153      101      195      95       188      127      264      239      93       297      100      165      99       111      133      127      385      178      190      335      64       351      244      80       
3        354      147      29       0        210      118      280      351      217      125      280      331      260      346      98       300      130      179      130      224      114      211      154      268      261      66       316      100      191      125      107      158      155      397      174      210      362      40       360      256      103      
4        172      238      205      210      0        272      266      337      51       204      260      122      249      137      195      196      105      164      195      299      126      347      279      60       148      202      159      111      169      262      109      155      181      192      72       115      284      192      151      69       261      
5        369      67       95       118      272      0        212      271      298      80       215      375      195      391      216      277      167      156      92       121      146      93       41       332      255      185      320      184      164      20       197      145      123      431      263      216      313      158      404      292      15       
6        246      146      251      280      266      212      0        75       315      156      7        302      20       313      352      118      199      116      149      114      195      205      177      305      138      332      192      263      105      192      277      136      126      325      309      151      106      303      322      232      217      
7        289      210      321      351      337      271      75       0        387      226      78       357      96       367      427      164      275      191      221      155      270      241      231      371      199      406      239      339      181      251      353      211      201      369      384      221      104      376      374      296      279      
8        211      273      219      217      51       298      315      387      0        238      310      144      298      155      178      247      138      209      230      340      157      379      311      66       199      193      206      118      216      290      110      197      222      215      46       165      336      190      169      115      285      
9        289      35       95       125      204      80       156      226      238      0        157      298      136      313      207      200      99       76       11       111      80       143      75       262      174      183      240      140      85       64       155      64       43       351      211      135      246      153      327      215      77       
10       238      149      251      280      260      215      7        78       310      157      0        294      20       306      351      110      196      113      150      120      192      211      181      299      131      331      185      260      102      195      274      133      125      318      305      145      101      302      315      225      220      
11       90       328      322      331      122      375      302      357      144      298      294      0        291      15       316      193      211      236      288      371      232      437      373      78       163      325      121      233      235      362      232      237      264      71       186      170      274      315      29       83       367      
12       240      129      231      260      249      195      20       96       298      136      20       291      0        303      332      115      179      96       129      106      174      195      162      290      128      311      186      243      85       175      257      115      106      319      290      135      119      282      313      218      200      
13       93       343      337      346      137      391      313      367      155      313      306      15       303      0        329      203      226      250      303      385      247      452      388      89       175      339      129      248      249      377      246      252      279      59       199      184      282      329      14       98       382      
14       363      236      123      98       195      216      352      427      178      207      351      316      332      329      0        343      164      239      209      315      160      309      250      241      297      32       337      101      251      222      93       218      226      387      131      245      419      58       343      258      201      
15       128      212      276      300      196      277      118      164      247      200      110      193      115      203      343      0        179      125      189      217      188      302      254      216      49       333      75       242      115      258      252      143      157      208      258      97       89       308      210      140      276      
16       224      135      114      130      105      167      199      275      138      99       196      211      179      226      164      179      0        83       92       202      21       242      174      164      136      153      186      65       93       156      78       65       86       272      117      83       255      130      241      131      157      
17       215      96       153      179      164      156      116      191      209      76       113      236      96       250      239      125      83       0        64       137      79       202      142      214      98       222      164      147      12       138      161      21       33       282      196      65       183      195      262      153      153      
18       277      43       101      130      195      92       149      221      230      11       150      288      129      303      209      189      92       64       0        114      74       152      85       252      163      186      228      136      74       75       151      52       32       340      205      123      237      156      316      204      89       
19       336      79       195      224      299      121      114      155      340      111      120      371      106      385      315      217      202      137      114      0        187      90       80       351      217      288      281      250      136      105      265      143      117      410      318      201      220      258      396      290      132      
20       242      116      95       114      126      146      195      270      157      80       192      232      174      247      160      188      21       79       74       187      0        222      154      185      147      145      202      68       91       136      83       59       74       292      131      96       259      120      261      151      136      
21       414      109      188      211      347      93       205      241      379      143      211      437      195      452      309      302      242      202      152      90       222      0        68       404      294      278      361      272      205      91       286      199      172      484      348      268      311      251      464      354      108      
22       357      45       127      154      279      41       177      231      311      75       181      373      162      388      250      254      174      142      85       80       154      68       0        337      239      220      305      204      147      28       218      136      110      423      280      206      281      191      401      289      54       
23       153      295      264      268      60       332      305      371      66       262      299      78       290      89       241      216      164      214      252      351      185      404      337      0        173      253      160      168      218      321      164      208      236      148      110      156      304      247      103      76       321      
24       119      194      239      261      148      255      138      199      199      174      131      163      128      175      297      49       136      98       163      217      147      294      239      173      0        289      66       196      91       237      205      112      132      193      209      52       136      266      184      97       252      
25       364      209      93       66       202      185      332      406      193      183      331      325      311      339      32       333      153      222      186      288      145      278      220      253      289      0        334      97       234      192      94       201      205      394      146      237      404      30       353      261      170      
26       54       260      297      316      159      320      192      239      206      240      185      121      186      129      337      75       186      164      228      281      202      361      305      160      66       334      0        238      158      303      244      176      197      133      230      108      153      314      134      91       316      
27       267      175      100      100      111      184      263      339      118      140      260      233      243      248      101      242      65       147      136      250      68       272      204      168      196      97       238      0        158      180      15       127      142      301      78       145      320      81       262      165      171      
28       210      102      165      191      169      164      105      181      216      85       102      235      85       249      251      115      93       12       74       136      91       205      147      218      91       234      158      158      0        145      172      33       42       279      205      65       171      207      261      154      162      
29       352      47       99       125      262      20       192      251      290      64       195      362      175      377      222      258      156      138      75       105      136      91       28       321      237      192      303      180      145      0        194      128      105      415      257      199      293      163      390      278      27       
30       271      190      111      107      109      197      277      353      110      155      274      232      257      246      93       252      78       161      151      265      83       286      218      164      205      94       244      15       172      194      0        141      157      301      67       155      332      83       261      167      184      
31       224      91       133      158      155      145      136      211      197      64       133      237      115      252      218      143      65       21       52       143      59       199      136      208      112      201      176      127      33       128      141      0        27       287      181      71       204      173      265      154      140      
32       248      64       127      155      181      123      126      201      222      43       125      264      106      279      226      157      86       33       32       117      74       172      110      236      132      205      197      142      42       105      157      27       0        313      203      96       208      176      292      181      120      
33       80       378      385      397      192      431      325      369      215      351      318      71       319      59       387      208      272      282      340      410      292      484      423      148      193      394      133      301      279      415      301      287      313      0        257      217      274      383      47       141      424      
34       244      247      178      174      72       263      309      384      46       211      305      186      290      199      131      258      117      196      205      318      131      348      280      110      209      146      230      78       205      257      67       181      203      257      0        167      345      145      213      141      249      
35       154      161      190      210      115      216      151      221      165      135      145      170      135      184      245      97       83       65       123      201      96       268      206      156      52       237      108      145      65       199      155      71       96       217      167      0        179      214      196      89       210      
36       195      246      335      362      284      313      106      104      336      246      101      274      119      282      419      89       255      183      237      220      259      311      281      304      136      404      153      320      171      293      332      204      208      274      345      179      0        378      286      228      316      
37       348      179      64       40       192      158      303      376      190      153      302      315      282      329      58       308      130      195      156      258      120      251      191      247      266      30       314      81       207      163      83       173      176      383      145      214      378      0        344      246      143      
38       94       356      351      360      151      404      322      374      169      327      315      29       313      14       343      210      241      262      316      396      261      464      401      103      184      353      134      262      261      390      261      265      292      47       213      196      286      344      0        111      396      
39       104      245      244      256      69       292      232      296      115      215      225      83       218      98       258      140      131      153      204      290      151      354      289      76       97       261      91       165      154      278      167      154      181      141      141      89       228      246      111      0        285      
40       365      70       80       103      261      15       217      279      285      77       220      367      200      382      201      276      157      153      89       132      136      108      54       321      252      170      316      171      162      27       184      140      120      424      249      210      316      143      396      285      0        
;



Table delta(i,j)                 Distance
         0        1        2        3        4        5        6        7        8        9        10       11       12       13       14       15       16       17       18       19       20       21       22       23       24       25       26       27       28       29       30       31       32       33       34       35       36       37       38       39       40       
0        0        1590     990      670      1590     620      140      860      730      1330     1740     1100     1090     860      1440     1660     410      1800     1560     1350     910      680      1740     1450     1140     270      1370     520      390      1530     1030     500      1490     1160     830      1940     1000     900      1070     710      1230     
1        1590     0        137      154      85       153      150      149      166      76       53       63       178      112      77       94       162      48       113      98       101      137      68       57       123      143      50       107      156      59       108      149      102      99       99       110      147      74       109      103      35       
2        990      137      0        153      84       42       85       19       43       162      118      130      196      28       172      197      66       180      67       55       37       31       188      90       22       73       90       79       131      168      157      51       189      42       131      111      10       111      161      120      112      
3        670      154      153      0        188      124      77       145      137      98       188      92       42       131      107      123      107      157      195      172      131      123      141      165      162      85       154      78       28       123      57       111      102      155      56       225      157      82       60       52       123      
4        1590     85       84       188      0        121      145      103      126      147      41       119      224      76       152      174      141      133      30       29       68       104      153      29       63       134      41       114      176      139      163      123      176      46       142      36       94       113      166      138      83       
5        620      153      42       124      121      0        49       25       14       158      148      127      167      45       169      194      24       189      108      92       56       17       192      118      62       39       114      63       98       170      142      13       182      75       117      151      39       106      146      104      122      
6        140      150      85       77       145      49       0        72       61       131      162      106      119      72       142      166      30       175      142      121      77       53       171      133      100      12       125      43       50       149      105      36       150      102      83       180      85       84       109      70       115      
7        860      149      19       145      103      25       72       0        24       166      135      134      188      36       176      202      50       189      86       73       47       22       195      106      41       61       104      76       121      174      155      36       192      58       129      130      14       113      159      118      121      
8        730      166      43       137      126      14       61       24       0        173      157      142      180      55       183      209      33       202      110      97       65       29       206      127      65       53       124      78       111      185      157      27       197      81       131      154      37       120      161      119      135      
9        1330     76       162      98       147      158      131      166      173      0        126      32       109      133      11       36       155      60       168      146      125      146      43       117      157      129      105      95       112      26       41       148      29       138      49       179      171      52       40       62       63       
10       1740     53       118      188      41       148      162      135      157      126      0        105      219      102      129      147      164      99       72       66       92       131      122      30       99       152      37       123      182      112      152      148      153      76       136      58       129      107      154      136      68       
11       1100     63       130      92       119      127      106      134      142      32       105      0        115      101      42       68       127      70       138      116      93       114      65       90       125      102      78       66       97       43       46       118      61       106      36       153      138      21       48       43       37       
12       1090     178      196      42       224      167      119      188      180      109      219      115      0        173      115      123      149      169      234      210      171      166      148      199      203      128      187      118      70       134      70       154      101      194      83       261      200      112      69       85       151      
13       860      112      28       131      76       45       72       36       55       133      102      101      173      0        143      168      64       153      69       49       10       28       160      72       30       60       69       54       112      140      129      47       161      31       103      109      38       82       133      93       84       
14       1440     77       172      107      152      169      142      176      183      11       129      42       115      143      0        25       166      54       175      154      135      157      34       122      166      141      111      106      122      20       49       159      24       146      61       183      181      63       48       73       69       
15       1660     94       197      123      174      194      166      202      209      36       147      68       123      168      25       0        191      58       198      178      160      182      31       144      191      165      133      131      142      35       66       184      22       170      83       203      206      88       63       96       93       
16       410      162      66       107      141      24       30       50       33       155      164      127      149      64       166      191      0        193      131      113      73       37       193      134      86       25       128      60       79       171      133      17       176      95       109      172      64       105      137      96       128      
17       1800     48       180      157      133      189      175      189      202      60       99       70       169      153      54       58       193      0        161      145      142      174      26       106      168      170      98       133      167      34       101      182      74       144      103      157      190      90       100      113      68       
18       1560     113      67       195      30       108      142      86       110      168      72       138      234      69       175      198      131      161      0        23       66       93       179      55       45       130      65       118      179      164      179      114      197      41       156      44       75       128      182      149      105      
19       1350     98       55       172      29       92       121      73       97       146      66       116      210      49       154      178      113      145      23       0        43       75       161      41       33       109      47       94       156      144      155      96       176      18       132      59       64       104      159      126      85       
20       910      101      37       131      68       56       77       47       65       125      92       93       171      10       135      160      73       142      66       43       0        38       151      62       33       65       58       53       113      131      124      56       153      25       99       103      47       76       128      90       74       
21       680      137      31       123      104      17       53       22       29       146      131      114      166      28       157      182      37       174      93       75       38       0        178      100      48       41       96       54       100      157      134      20       171      58       108      135      33       94       138      96       106      
22       1740     68       188      141      153      192      171      195      206      43       122      65       148      160      34       31       193      26       179      161      151      178      0        124      179      168      114      132      155      21       84       183      49       157      93       179      198      87       82       104      77       
23       1450     57       90       165      29       118      133      106      127      117      30       90       199      72       122      144      134      106      55       41       62       100      124      0        71       122      12       96       157      109      136      117      146      48       116      62       100      87       138      114      54       
24       1140     123      22       162      63       62       100      41       65       157      99       125      203      30       166      191      86       168      45       33       33       48       179      71       0        87       73       85       142      160      157      69       186      24       132      89       31       109      161      123      101      
25       270      143      73       85       134      39       12       61       53       129      152      102      128      60       141      165      25       170      130      109      65       41       168      122      87       0        115      36       59       146      107      26       150      90       83       168      74       80       111      70       108      
26       1370     50       90       154      41       114      125      104      124      105      37       78       187      69       111      133      128      98       65       47       58       96       114      12       73       115      0        86       146      99       123      112      135      49       104      75       100      74       126      102      42       
27       520      107      79       78       114      63       43       76       78       95       123      66       118      54       106      131      60       133      118      94       53       54       132      96       85       36       86       0        62       110      79       52       118      77       53       150      85       44       83       42       72       
28       390      156      131      28       176      98       50       121      111      112      182      97       70       112      122      142      79       167      179      156      113      100      155      157      142      59       146      62       0        135      75       85       122      138      63       213      133      82       78       54       122      
29       1530     59       168      123      139      170      149      174      185      26       112      43       134      140      20       35       171      34       164      144      131      157      21       109      160      146      99       110      135      0        67       161      43       138      72       168      178      65       66       83       59       
30       1030     108      157      57       163      142      105      155      157      41       152      46       70       129      49       66       133      101      179      155      124      134      84       136      157      107      123      79       75       67       0        130      46       142      26       198      164      51       4        37       84       
31       500      149      51       111      123      13       36       36       27       148      148      118      154      47       159      184      17       182      114      96       56       20       183      117      69       26       112      52       85       161      130      0        171      77       105      155      50       96       134      92       115      
32       1490     102      189      102      176      182      150      192      197      29       153      61       101      161      24       22       176      74       197      176      153      171      49       146      186      150      135      118      122      43       46       171      0        167      67       208      198      78       43       80       92       
33       1160     99       42       155      46       75       102      58       81       138      76       106      194      31       146      170      95       144      41       18       25       58       157      48       24       90       49       77       138      138      142      77       167      0        118      78       52       92       146      110      79       
34       830      99       131      56       142      117      83       129      131      49       136      36       83       103      61       83       109      103      156      132      99       108      93       116      132      83       104      53       63       72       26       105      67       118      0        178      138      29       30       13       68       
35       1940     110      111      225      36       151      180      130      154      179      58       153      261      109      183      203      172      157      44       59       103      135      179      62       89       168      75       150      213      168      198      155      208      78       178      0        119      149      201      175      116      
36       1000     147      10       157      94       39       85       14       37       171      129      138      200      38       181      206      64       190      75       64       47       33       198      100      31       74       100      85       133      178      164      50       198      52       138      119      0        119      168      127      122      
37       900      74       111      82       113      106      84       113      120      52       107      21       112      82       63       88       105      90       128      104      76       94       87       87       109      80       74       44       82       65       51       96       78       92       29       149      119      0        54       29       41       
38       1070     109      161      60       166      146      109      159      161      40       154      48       69       133      48       63       137      100      182      159      128      138      82       138      161      111      126      83       78       66       4        134      43       146      30       201      168      54       0        41       86       
39       710      103      120      52       138      104      70       118      119      62       136      43       85       93       73       96       96       113      149      126      90       96       104      114      123      70       102      42       54       83       37       92       80       110      13       175      127      29       41       0        70       
40       1230     35       112      123      83       122      115      121      135      63       68       37       151      84       69       93       128      68       105      85       74       106      77       54       101      108      42       72       122      59       84       115      92       79       68       116      122      41       86       70       0        
;

