

sets
i        orders          /0*80/
k        routes          /1*80/
p        positions       /0*80/
;

alias(i,j)
alias(i,h)
alias(i,hh)
alias(i,jj)
alias(k,kk)
                            Parameters

rho(i)	Processing time
/
0	0
1	82
2	82
3	96
4	42
5	40
6	20
7	32
8	55
9	75
10	37
11	38
12	12
13	24
14	52
15	75
16	91
17	18
18	40
19	55
20	68
21	34
22	68
23	79
24	66
25	38
26	58
27	87
28	46
29	29
30	70
31	49
32	26
33	72
34	24
35	12
36	70
37	21
38	80
39	50
40	60
41	44
42	2
43	55
44	14
45	87
46	87
47	58
48	26
49	51
50	75
51	18
52	49
53	21
54	49
55	96
56	28
57	48
58	57
59	52
60	74
61	92
62	65
63	95
64	90
65	24
66	6
67	74
68	87
69	68
70	73
71	15
72	34
73	7
74	24
75	17
76	4
77	7
78	48
79	31
80	60
/

gamma(i)	Duedate
/
0	0
1	20
2	75
3	68
4	8
5	96
6	72
7	49
8	32
9	8
10	21
11	6
12	1
13	12
14	15
15	38
16	30
17	32
18	93
19	61
20	90
21	91
22	74
23	78
24	69
25	61
26	24
27	22
28	84
29	45
30	99
31	10
32	83
33	24
34	39
35	67
36	23
37	7
38	97
39	17
40	47
41	44
42	56
43	33
44	64
45	63
46	35
47	78
48	10
49	52
50	92
51	92
52	52
53	39
54	40
55	95
56	51
57	24
58	77
59	28
60	80
61	11
62	48
63	10
64	13
65	51
66	96
67	3
68	80
69	89
70	81
71	55
72	47
73	88
74	16
75	80
76	92
77	63
78	47
79	81
80	45
/

sigma(i)	Size
/
0	0
1	6
2	8
3	1
4	8
5	7
6	5
7	7
8	1
9	9
10	3
11	5
12	3
13	9
14	8
15	3
16	7
17	2
18	7
19	8
20	7
21	4
22	7
23	4
24	9
25	2
26	9
27	6
28	7
29	2
30	5
31	2
32	9
33	2
34	9
35	5
36	8
37	4
38	6
39	8
40	2
41	4
42	8
43	6
44	8
45	9
46	6
47	4
48	2
49	1
50	5
51	3
52	6
53	5
54	7
55	6
56	7
57	4
58	8
59	7
60	1
61	4
62	8
63	5
64	6
65	9
66	2
67	2
68	3
69	5
70	1
71	9
72	6
73	9
74	7
75	5
76	3
77	4
78	6
79	7
80	9
/

epsilon(i)	Priority
/
0	0
1	8
2	2
3	1
4	9
5	5
6	2
7	7
8	1
9	1
10	9
11	9
12	2
13	9
14	4
15	6
16	5
17	9
18	5
19	4
20	2
21	9
22	3
23	6
24	9
25	5
26	6
27	9
28	2
29	4
30	4
31	1
32	5
33	4
34	8
35	5
36	5
37	3
38	1
39	6
40	4
41	6
42	8
43	8
44	3
45	5
46	3
47	7
48	1
49	7
50	9
51	1
52	5
53	6
54	6
55	3
56	5
57	2
58	8
59	7
60	3
61	5
62	9
63	6
64	3
65	6
66	7
67	7
68	3
69	4
70	4
71	6
72	6
73	4
74	6
75	4
76	1
77	2
78	1
79	2
80	9
/

psi	Vehicle Capacity
/ 30 /
;

Table kappa(i,j)                 Setup
         0        1        2        3        4        5        6        7        8        9        10       11       12       13       14       15       16       17       18       19       20       21       22       23       24       25       26       27       28       29       30       31       32       33       34       35       36       37       38       39       40       41       42       43       44       45       46       47       48       49       50       51       52       53       54       55       56       57       58       59       60       61       62       63       64       65       66       67       68       69       70       71       72       73       74       75       76       77       78       79       80       
0        0        441      96       365      571      723      698      176      346      415      334      390      817      573      567      804      684      236      621      225      641      566      339      333      193      24       808      705      176      571      651      567      504      351      863      758      107      383      723      428      486      875      471      623      780      141      469      682      385      455      648      537      708      388      410      537      565      508      536      183      246      603      553      261      529      219      349      238      728      220      532      623      26       529      480      501      554      628      683      69       584      
1        441      0        403      400      314      626      272      314      551      182      366      362      644      382      149      542      475      396      575      300      420      320      612      576      253      424      619      441      375      601      213      747      565      151      689      646      361      296      290      467      47       759      428      741      695      431      439      412      554      36       228      494      487      210      310      418      229      612      531      301      408      529      507      275      93       222      409      384      444      324      775      720      461      397      690      324      383      800      363      492      142      
2        96       403      0        269      488      627      642      209      264      342      238      295      722      483      513      715      593      140      525      141      551      482      275      259      152      73       714      618      80       476      604      491      411      288      768      662      44       294      670      332      450      779      375      538      684      56       373      596      299      409      590      441      617      311      320      443      493      419      440      109      150      507      456      179      482      191      253      142      643      130      468      536      93       436      406      412      463      552      603      100      543      
3        365      400      269      0        288      358      535      416      181      234      41       54       456      246      430      473      344      131      258      171      313      277      264      220      280      341      451      389      189      230      532      347      176      250      501      393      269      113      570      76       442      510      107      345      416      235      104      374      165      382      486      172      370      197      116      185      346      214      177      217      125      237      187      160      434      312      22       127      421      161      386      328      361      186      297      195      223      400      409      354      502      
4        571      314      488      288      0        329      287      531      468      172      286      234      330      87       235      244      161      385      310      347      107      13       552      508      402      547      305      140      416      377      318      584      373      250      375      342      464      199      323      307      330      450      229      539      396      479      241      113      443      278      249      257      174      186      180      160      106      433      306      387      388      259      264      310      278      404      309      375      158      358      649      508      578      141      561      93       103      622      121      588      328      
5        723      626      627      358      329      0        599      758      451      451      392      341      139      247      565      274      195      487      110      518      234      318      530      492      617      700      157      277      548      205      643      420      262      516      169      38       626      378      633      300      651      152      255      331      68       590      255      292      406      594      570      186      206      438      351      215      435      305      197      567      480      121      171      494      605      639      374      485      309      514      519      294      718      234      451      303      243      427      374      708      657      
6        698      272      642      535      287      599      0        586      714      315      517      483      556      373      131      402      406      589      596      513      364      300      792      749      505      678      523      333      593      664      81       862      654      354      591      602      604      423      36       576      243      692      506      824      661      656      519      311      700      248      51       544      402      354      419      447      193      713      592      533      598      545      551      478      178      483      553      578      313      533      918      794      715      427      829      364      390      904      230      739      154      
7        176      314      209      416      531      758      586      0        467      359      376      418      826      560      458      776      673      315      669      245      622      531      484      467      141      173      811      672      254      644      526      694      584      282      873      789      175      383      605      491      351      909      506      731      822      264      509      645      496      337      539      580      693      348      411      549      493      605      593      199      329      639      595      263      407      127      408      310      688      256      678      724      203      535      612      485      547      755      625      245      452      
8        346      551      264      181      468      451      714      467      0        405      197      235      576      416      604      629      499      164      341      262      478      456      87       43       361      329      579      556      215      257      706      227      191      401      615      489      292      291      749      174      597      591      255      276      492      209      245      544      46       540      665      284      525      366      297      343      527      172      255      287      150      346      294      278      600      402      162      174      590      240      225      280      329      350      147      375      391      288      587      302      668      
9        415      182      342      234      172      451      315      359      405      0        208      188      487      216      199      417      323      274      393      204      269      173      479      437      234      392      466      313      283      420      300      580      387      77       533      473      311      121      348      292      217      591      246      564      519      347      257      286      398      156      264      311      340      39       130      238      151      438      348      234      282      348      325      166      200      232      248      262      328      222      620      541      426      217      532      148      211      629      270      442      267      
10       334      366      238      41       286      392      517      376      197      208      0        59       484      257      407      488      361      106      295      131      325      277      275      232      239      309      476      398      158      271      508      381      217      215      529      426      234      94       551      117      409      544      137      384      452      210      137      380      190      350      467      207      387      169      107      206      332      253      216      178      105      271      223      119      406      271      42       100      428      122      412      368      331      202      325      197      234      435      408      328      474      
11       390      362      295      54       234      341      483      418      235      188      59       0        427      198      381      429      302      166      252      176      267      224      318      274      277      365      418      340      215      246      482      391      203      217      473      374      287      67       518      104      402      494      88       378      404      269      92       323      218      341      434      162      327      153      63       147      292      250      182      225      164      221      178      154      388      304      74       159      371      173      436      358      388      143      347      142      176      441      355      387      455      
12       817      644      722      456      330      139      556      826      576      487      484      427      0        270      552      171      168      587      240      599      223      323      658      618      686      793      33       224      642      342      614      559      394      561      47       107      714      445      586      412      659      138      349      469      152      691      353      249      532      609      538      294      160      485      417      281      426      441      320      647      582      229      282      570      603      701      476      582      243      599      658      433      815      292      588      343      280      565      326      810      644      
13       573      382      483      246      87       247      373      560      416      216      257      198      270      0        320      232      113      363      222      348      68       75       503      458      422      548      251      142      405      294      405      508      297      290      317      263      466      189      409      245      404      377      163      456      315      464      175      128      385      349      337      176      135      215      162      81       193      358      225      393      362      172      180      314      358      433      268      355      175      353      580      425      576      67       493      74       24       542      180      579      412      
14       567      149      513      430      235      565      131      458      604      199      407      381      552      320      0        425      387      469      538      387      336      246      677      636      374      547      523      333      467      590      101      771      569      225      594      576      474      316      157      481      132      680      421      744      631      529      433      305      595      120      81       472      392      238      318      380      129      625      516      404      478      488      482      353      62       352      445      457      326      408      817      718      584      358      728      287      330      817      239      609      93       
15       804      542      715      473      244      274      402      776      629      417      488      429      171      232      425      0        130      594      338      578      163      245      716      673      644      779      138      104      638      441      469      669      474      495      195      256      696      420      430      455      546      308      376      592      312      696      385      132      593      505      393      352      104      429      394      289      312      531      394      622      593      304      346      543      482      649      495      587      98       585      758      556      807      287      678      302      253      687      185      811      512      
16       684      475      593      344      161      195      406      673      499      323      361      302      168      113      387      130      0        468      226      460      55       155      586      542      536      660      144      83       515      323      456      550      349      399      213      196      578      302      439      325      491      293      246      481      254      571      255      96       463      440      381      224      26       326      274      159      259      407      269      506      466      184      220      427      436      546      366      461      118      464      635      446      686      159      553      188      130      574      178      688      480      
17       236      396      140      131      385      487      589      315      164      274      106      166      587      363      469      594      468      0        385      98       431      377      216      181      197      213      581      503      64       338      568      386      274      250      632      523      149      186      621      191      442      639      238      416      544      104      235      484      184      389      538      301      493      236      206      312      416      290      299      124      14       367      316      120      455      238      113      11       532      75       389      409      230      309      312      299      341      446      506      223      522      
18       621      575      525      258      310      110      596      669      341      393      295      252      240      222      538      338      226      385      0        425      242      297      420      382      529      598      250      307      447      104      627      331      154      449      275      148      527      299      632      194      605      256      164      255      159      485      160      312      296      545      559      89       247      372      275      159      414      202      88       473      376      50       74       406      570      555      272      383      343      418      424      219      614      181      350      255      208      349      387      602      628      
19       225      300      141      171      347      518      513      245      262      204      131      176      599      348      387      578      460      98       425      0        415      342      313      280      110      201      588      479      80       400      484      479      342      162      646      551      118      158      543      246      348      670      263      500      580      143      265      456      277      297      461      336      483      171      185      318      355      370      348      48       112      398      352      38       366      146      164      88       503      23       488      489      230      308      408      275      330      538      462      241      432      
20       641      420      551      313      107      234      364      622      478      269      325      267      223      68       336      163      55       431      242      415      0        100      565      521      486      616      199      77       474      329      409      552      345      346      268      241      534      257      399      305      436      344      223      491      298      532      234      72       445      385      335      219      71       274      231      136      207      405      267      460      431      194      219      380      382      494      335      424      113      421      631      457      644      129      546      140      91       581      145      648      429      
21       566      320      482      277      13       318      300      531      456      173      277      224      323      75       246      245      155      377      297      342      100      0        541      496      399      542      299      141      410      364      330      571      360      251      369      332      459      191      336      294      338      441      216      525      385      471      228      115      431      285      262      244      169      184      171      147      118      420      292      383      379      246      250      305      288      403      299      367      162      352      637      495      573      127      548      81       89       608      131      582      339      
22       339      612      275      264      552      530      792      484      87       479      275      318      658      503      677      716      586      216      420      313      565      541      0        44       398      326      663      643      249      329      778      236      267      465      696      568      311      369      825      261      659      665      342      311      566      220      332      631      125      604      741      369      612      439      379      430      607      234      337      327      204      430      378      336      668      441      244      227      677      290      194      324      317      437      146      459      478      295      672      282      736      
23       333      576      259      220      508      492      749      467      43       437      232      274      618      458      636      673      542      181      382      280      521      496      44       0        372      318      622      599      223      295      737      234      230      427      657      530      292      326      783      217      622      631      298      297      531      203      288      587      86       567      699      327      568      398      335      386      564      205      297      299      168      389      337      300      629      413      199      192      633      257      212      304      314      392      147      415      434      294      628      282      697      
24       193      253      152      280      402      617      505      141      361      234      239      277      686      422      374      644      536      197      529      110      486      399      398      372      0        173      671      541      149      510      459      584      452      162      733      647      108      242      530      356      299      768      365      609      681      190      369      515      381      263      455      440      557      215      270      408      379      480      455      73       212      498      455      123      337      42       274      190      560      127      584      599      210      395      509      348      408      643      504      238      395      
25       24       424      73       341      547      700      678      173      329      392      309      365      793      548      547      779      660      213      598      201      616      542      326      318      173      0        784      680      152      549      633      552      483      329      839      734      83       358      703      405      469      852      446      605      757      121      445      657      366      436      627      514      684      364      385      512      543      488      513      159      223      579      529      237      510      202      325      215      704      195      521      605      37       505      465      476      529      613      659      73       567      
26       808      619      714      451      305      157      523      811      579      466      476      418      33       251      523      138      144      581      250      588      199      299      663      622      671      784      0        193      634      354      583      575      401      541      70       130      704      432      554      412      633      172      344      488      180      685      350      218      537      583      507      295      132      466      403      271      398      452      325      635      576      233      284      557      575      684      471      576      211      589      672      452      807      279      600      325      263      584      295      804      615      
27       705      441      618      389      140      277      333      672      556      313      398      340      224      142      333      104      83       503      307      479      77       141      643      599      541      680      193      0        542      401      390      626      420      390      262      274      597      323      365      383      449      359      301      561      333      602      312      28       523      404      314      294      71       325      299      213      212      480      342      522      503      263      293      443      387      544      411      495      36       487      707      526      710      206      623      205      166      653      103      716      423      
28       176      375      80       189      416      548      593      254      215      283      158      215      642      405      467      638      515      64       447      80       474      410      249      223      149      152      634      542      0        403      563      442      338      242      688      582      84       219      623      255      423      700      295      477      605      64       293      522      242      375      541      362      539      248      243      363      432      353      362      78       76       427      377      116      445      191      174      63       569      61       435      472      173      357      363      337      385      502      534      173      510      
29       571      601      476      230      377      205      664      644      257      420      271      246      342      294      590      441      323      338      104      400      329      364      329      295      510      549      354      401      403      0        685      228      68       461      374      243      487      308      700      154      638      336      173      162      236      430      162      402      210      576      623      119      345      391      291      216      474      100      73       445      327      138      113      390      612      542      236      340      437      388      319      131      560      236      246      303      274      252      471      542      675      
30       651      213      604      532      318      643      81       526      706      300      508      482      614      405      101      469      456      568      627      484      409      330      778      737      459      633      583      390      563      685      0        871      668      321      652      650      564      418      83       581      175      747      519      842      707      624      531      365      697      196      76       566      456      339      419      471      213      724      611      497      578      576      575      451      122      432      547      556      375      505      918      814      670      450      829      381      418      916      288      697      78       
31       567      747      491      347      584      420      862      694      227      580      381      391      559      508      771      669      550      386      331      479      552      571      236      234      584      552      575      626      442      228      871      0        210      597      586      454      519      458      898      289      790      520      357      101      429      435      344      625      202      730      817      334      573      544      452      427      669      150      285      510      372      366      333      487      780      624      338      394      663      459      104      132      548      444      89       498      486      61       689      515      847      
32       504      565      411      176      373      262      654      584      191      387      217      203      394      297      569      474      349      274      154      342      345      360      267      230      452      483      401      420      338      68       668      210      0        420      430      300      423      269      691      100      604      400      149      176      300      363      136      417      144      543      610      125      373      355      257      216      462      60       80       385      262      172      128      336      585      486      178      276      457      328      286      154      493      233      204      290      275      249      478      474      651      
33       351      151      288      250      250      516      354      282      401      77       215      217      561      290      225      495      399      250      449      162      346      251      465      427      162      329      541      390      242      461      321      597      420      0        608      541      252      153      382      320      195      660      292      594      584      303      300      363      403      139      302      363      417      78       174      301      217      464      393      179      261      407      377      130      204      156      258      239      406      184      624      575      365      282      539      218      282      650      344      386      271      
34       863      689      768      501      375      169      591      873      615      533      529      473      47       317      594      195      213      632      275      646      268      369      696      657      733      839      70       262      688      374      652      586      430      608      0        132      760      492      621      455      703      118      394      492      163      736      398      288      571      653      576      336      203      532      464      328      469      475      359      694      626      271      324      617      646      748      520      628      278      646      686      457      861      339      620      390      327      587      364      855      685      
35       758      646      662      393      342      38       602      789      489      473      426      374      107      263      576      256      196      523      148      551      241      332      568      530      647      734      130      274      582      243      650      454      300      541      132      0        660      407      636      337      668      120      288      363      59       626      289      292      444      612      576      221      202      463      379      242      447      343      235      599      516      155      207      526      620      668      410      520      303      547      554      326      753      259      487      325      263      458      374      744      669      
36       107      361      44       269      464      626      604      175      292      311      234      287      714      466      474      696      578      149      527      118      534      459      311      292      108      83       704      597      84       487      564      519      423      252      760      660      0        276      631      337      407      778      371      560      685      91       371      574      322      368      553      441      602      282      304      433      462      437      444      77       161      505      456      154      442      147      255      147      621      114      503      556      115      424      437      394      448      580      576      134      502      
37       383      296      294      113      199      378      423      383      291      121      94       67       445      189      316      420      302      186      299      158      257      191      369      326      242      358      432      323      219      308      418      458      269      153      492      407      276      0        458      171      335      527      139      445      444      280      147      302      278      274      374      211      325      86       28       166      238      317      240      204      189      262      226      125      322      261      129      176      350      164      500      424      386      153      411      118      171      508      320      392      389      
38       723      290      670      570      323      633      36       605      749      348      551      518      586      409      157      430      439      621      632      543      399      336      825      783      530      703      554      365      623      700      83       898      691      382      621      636      631      458      0        611      257      723      542      861      694      686      555      344      735      270      84       580      435      386      454      483      229      749      628      561      630      581      587      508      197      506      587      610      343      563      953      831      740      463      864      401      426      940      262      766      161      
39       428      467      332      76       307      300      576      491      174      292      117      104      412      245      481      455      325      191      194      246      305      294      261      217      356      405      412      383      255      154      581      289      100      320      455      337      337      171      611      0        507      450      82       274      353      290      71       373      140      446      529      118      351      258      163      169      383      146      107      291      182      184      131      236      492      388      83       191      418      234      343      255      420      178      254      216      221      337      422      408      558      
40       486      47       450      442      330      651      243      351      597      217      409      402      659      404      132      546      491      442      605      348      436      338      659      622      299      469      633      449      423      638      175      790      604      195      703      668      407      335      257      507      0        779      464      781      719      479      475      420      598      61       204      528      500      249      348      447      236      653      566      349      454      558      540      322      70       266      452      431      448      371      820      758      506      425      734      351      408      842      363      537      101      
41       875      759      779      510      450      152      692      909      591      591      544      494      138      377      680      308      293      639      256      670      344      441      665      631      768      852      172      359      700      336      747      520      400      660      118      120      778      527      723      450      779      0        407      421      99       741      407      382      545      725      671      338      290      582      500      362      551      433      344      719      631      273      322      646      727      788      526      637      381      666      624      387      869      378      568      443      379      511      462      858      773      
42       471      428      375      107      229      255      506      506      255      246      137      88       349      163      421      376      246      238      164      263      223      216      342      298      365      446      344      301      295      173      519      357      149      292      394      288      371      139      542      82       464      407      0        323      316      342      12       291      222      403      461      74       272      219      118      88       313      207      102      312      232      134      90       242      440      391      126      233      336      258      420      297      467      96       332      141      139      398      341      461      504      
43       623      741      538      345      539      331      824      731      276      564      384      378      469      456      744      592      481      416      255      500      491      525      311      297      609      605      488      561      477      162      842      101      176      594      492      363      560      445      861      274      781      421      323      0        333      483      311      563      238      719      782      281      502      532      433      378      633      131      232      538      402      298      276      500      762      646      342      422      597      482      206      36       606      397      173      461      437      96       634      578      827      
44       780      695      684      416      396      68       661      822      492      519      452      404      152      315      631      312      254      544      159      580      298      385      566      531      681      757      180      333      605      236      707      429      300      584      163      59       685      444      694      353      719      99       316      333      0        644      315      351      445      662      634      244      261      506      417      283      502      334      246      629      535      183      229      558      673      704      431      542      362      574      532      298      774      302      472      372      312      426      433      761      724      
45       141      431      56       235      479      590      656      264      209      347      210      269      691      464      529      696      571      104      485      143      532      471      220      203      190      121      685      602      64       430      624      435      363      303      736      626      91       280      686      290      479      741      342      483      644      0        338      582      245      433      604      404      596      312      303      416      496      367      398      130      110      470      419      180      505      231      216      110      630      125      413      483      130      412      350      397      442      496      597      119      568      
46       469      439      373      104      241      255      519      509      245      257      137      92       353      175      433      385      255      235      160      265      234      228      332      288      369      445      350      312      293      162      531      344      136      300      398      289      371      147      555      71       475      407      12       311      315      338      0        302      211      414      474      71       281      229      128      98       326      194      93       314      228      134      86       246      451      396      122      231      347      259      408      285      465      108      320      154      151      386      353      457      516      
47       682      412      596      374      113      292      311      645      544      286      380      323      249      128      305      132      96       484      312      456      72       115      631      587      515      657      218      28       522      402      365      625      417      363      288      292      574      302      344      373      420      382      291      563      351      582      302      0        513      376      289      291      91       300      279      205      184      477      339      498      485      266      291      420      359      518      396      476      47       465      703      529      687      194      617      185      152      654      82       695      396      
48       385      554      299      165      443      406      700      496      46       398      190      218      532      385      595      593      463      184      296      277      445      431      125      86       381      366      537      523      242      210      697      202      144      403      571      444      322      278      735      140      598      545      222      238      445      245      211      513      0        540      652      243      489      359      281      309      510      126      211      308      169      304      253      286      596      421      149      191      558      256      222      238      369      319      135      351      361      262      561      344      664      
49       455      36       409      382      278      594      248      337      540      156      350      341      609      349      120      505      440      389      545      297      385      285      604      567      263      436      583      404      375      576      196      730      543      139      653      612      368      274      270      446      61       725      403      719      662      433      414      376      540      0        201      467      451      187      286      387      193      592      505      304      400      499      479      269      73       236      393      377      407      320      762      697      473      366      676      293      350      782      327      501      135      
