

sets
i        orders          /0*80/
k        routes          /1*80/
p        positions       /0*80/
;

alias(i,j)
alias(i,h)
alias(i,hh)
alias(i,jj)
alias(k,kk)
                            Parameters

rho(i)	Processing time
/
0	0
1	89
2	83
3	70
4	35
5	5
6	45
7	85
8	99
9	14
10	66
11	92
12	26
13	58
14	55
15	13
16	63
17	79
18	73
19	50
20	29
21	12
22	59
23	36
24	2
25	91
26	9
27	41
28	32
29	40
30	59
31	90
32	59
33	9
34	20
35	47
36	43
37	89
38	24
39	6
40	65
41	59
42	74
43	28
44	42
45	99
46	26
47	32
48	31
49	32
50	93
51	75
52	88
53	97
54	13
55	88
56	5
57	36
58	95
59	57
60	88
61	1
62	35
63	6
64	10
65	35
66	64
67	48
68	88
69	65
70	53
71	44
72	37
73	20
74	95
75	7
76	91
77	18
78	39
79	21
80	61
/

gamma(i)	Duedate
/
0	0
1	31
2	69
3	50
4	59
5	47
6	40
7	40
8	29
9	79
10	53
11	17
12	21
13	16
14	82
15	26
16	50
17	53
18	24
19	25
20	46
21	6
22	34
23	65
24	35
25	93
26	33
27	53
28	7
29	16
30	21
31	9
32	1
33	15
34	98
35	93
36	56
37	25
38	14
39	70
40	46
41	81
42	78
43	89
44	86
45	60
46	83
47	76
48	51
49	73
50	23
51	1
52	39
53	30
54	98
55	96
56	37
57	3
58	11
59	16
60	93
61	2
62	61
63	32
64	65
65	24
66	71
67	41
68	78
69	26
70	62
71	36
72	93
73	16
74	8
75	7
76	26
77	70
78	76
79	68
80	51
/

sigma(i)	Size
/
0	0
1	8
2	7
3	9
4	1
5	9
6	9
7	1
8	4
9	4
10	3
11	6
12	7
13	5
14	3
15	6
16	4
17	4
18	4
19	2
20	5
21	8
22	7
23	6
24	4
25	6
26	5
27	6
28	5
29	6
30	9
31	3
32	9
33	7
34	9
35	8
36	4
37	2
38	5
39	4
40	7
41	8
42	5
43	4
44	2
45	2
46	2
47	6
48	9
49	2
50	6
51	6
52	2
53	7
54	8
55	5
56	6
57	4
58	8
59	5
60	8
61	9
62	2
63	6
64	8
65	2
66	7
67	3
68	1
69	1
70	5
71	7
72	3
73	3
74	7
75	5
76	9
77	7
78	7
79	5
80	5
/

epsilon(i)	Priority
/
0	0
1	7
2	8
3	6
4	6
5	8
6	4
7	5
8	4
9	1
10	8
11	3
12	6
13	6
14	6
15	4
16	6
17	1
18	1
19	9
20	6
21	9
22	8
23	4
24	9
25	1
26	1
27	7
28	9
29	6
30	7
31	7
32	2
33	7
34	6
35	3
36	8
37	6
38	2
39	9
40	6
41	9
42	5
43	2
44	6
45	4
46	9
47	1
48	9
49	4
50	1
51	7
52	7
53	3
54	2
55	1
56	2
57	7
58	8
59	4
60	8
61	8
62	3
63	9
64	5
65	5
66	8
67	2
68	1
69	8
70	1
71	8
72	4
73	4
74	4
75	1
76	7
77	9
78	3
79	6
80	8
/

psi	Vehicle Capacity
/ 36 /
;

Table kappa(i,j)                 Setup
         0        1        2        3        4        5        6        7        8        9        10       11       12       13       14       15       16       17       18       19       20       21       22       23       24       25       26       27       28       29       30       31       32       33       34       35       36       37       38       39       40       41       42       43       44       45       46       47       48       49       50       51       52       53       54       55       56       57       58       59       60       61       62       63       64       65       66       67       68       69       70       71       72       73       74       75       76       77       78       79       80       
0        0        40       242      458      305      113      387      687      551      390      45       199      307      64       320      190      224      508      306      357      493      340      198      317      268      494      450      132      259      322      366      417      325      530      375      179      563      250      336      282      247      466      241      297      510      337      344      404      434      496      265      305      371      114      391      356      481      249      367      321      314      448      409      419      477      105      505      97       211      199      593      310      532      323      515      254      353      15       541      538      310      
1        40       0        273      418      345      150      401      648      522      378      13       238      345      27       344      231      186      478      277      328      453      300      159      284      237      464      409      138      286      282      329      385      317      497      390      215      523      262      299      299      268      426      282      311      512      332      383      365      443      475      277      266      363      110      357      317      445      236      358      294      315      408      412      398      437      102      504      135      219      161      569      271      502      309      483      265      390      28       500      507      312      
2        242      273      0        628      274      237      205      830      794      362      283      111      312      280      99       175      454      580      549      599      679      561      392      557      384      561      634      349      373      519      597      658      294      624      193      263      760      429      567      441      72       686      214      148      382      288      317      563      272      502      444      531      321      347      510      579      605      481      591      405      232      658      286      658      691      212      393      227      156      376      834      479      601      556      756      438      359      257      723      615      511      
3        458      418      628      0        764      567      635      237      469      425      418      640      761      394      650      647      282      256      365      373      68       198      259      313      251      262      45       499      676      145      242      343      432      213      631      629      153      604      249      651      582      196      700      568      618      455      801      69       632      384      614      227      456      460      162      202      128      476      559      262      496      144      566      491      167      422      590      553      487      262      560      151      270      497      391      601      804      446      99       254      597      
4        305      345      274      764      0        198      477      992      760      615      345      171      50       370      365      127      510      793      541      586      796      629      504      573      561      777      753      303      187      625      641      660      544      824      465      144      862      294      611      275      342      750      70       420      656      544      45       710      545      747      301      591      579      332      690      642      782      420      486      605      495      741      559      593      767      369      666      210      396      504      769      616      816      481      749      303      86       317      844      826      380      
5        113      150      237      567      198      0        424      798      594      482      148      147      194      177      333      105      313      620      360      408      598      431      308      385      381      605      555      126      160      427      448      478      413      643      412      65       663      192      417      209      273      554      142      342      575      421      234      516      482      598      207      395      456      143      505      446      594      260      358      432      385      543      472      440      570      202      575      18       277      312      620      422      644      332      572      200      239      122      646      651      273      
6        387      401      205      635      477      424      0        792      910      250      414      316      518      394      113      379      549      504      670      718      697      631      457      663      387      484      655      515      573      565      679      763      208      560      12       462      783      615      654      634      151      746      419      90       185      188      520      566      68       384      630      610      204      501      484      651      571      635      754      375      139      707      111      799      741      304      204      410      185      431      966      504      519      709      859      622      563      398      734      538      689      
7        687      648      830      237      992      798      792      0        638      550      649      858      993      622      832      872      519      302      590      589      236      425      490      537      446      320      263      736      912      382      458      542      584      239      791      861      239      840      473      887      773      374      926      742      724      603      1031     282      771      450      850      459      592      697      320      425      225      710      784      428      656      336      701      701      338      636      692      784      677      487      732      376      296      724      561      838      1037     676      198      273      831      
8        551      522      794      469      760      594      910      638      0        794      511      735      727      522      866      699      362      714      245      194      423      314      463      247      577      715      424      468      587      403      256      152      764      681      901      622      399      475      271      510      790      275      726      822      976      785      775      496      940      813      472      317      805      455      586      298      594      340      297      630      797      325      891      173      308      608      957      594      725      493      94       477      732      281      78       466      748      537      446      719      402      
9        390      378      362      425      615      482      250      550      794      0        390      444      641      356      320      492      444      254      580      621      493      484      337      554      217      235      455      516      641      400      541      642      71       313      251      541      578      639      523      673      290      576      546      227      193      74       660      359      221      141      654      477      46       487      263      503      337      599      720      171      133      529      151      726      562      285      168      464      218      307      867      327      269      663      729      643      691      392      521      289      689      
10       45       13       283      418      345      148      414      649      511      390      0        244      343      36       356      234      179      486      266      316      451      295      159      274      245      472      408      126      279      280      321      375      330      503      403      212      520      251      291      288      281      420      283      324      525      345      382      367      457      486      266      260      376      97       363      311      449      223      344      302      329      403      426      385      432      115      517      135      233      165      557      273      510      296      472      254      387      30       499      514      299      
11       199      238      111      640      171      147      316      858      735      444      244      0        205      255      209      64       423      635      495      545      683      539      386      513      415      618      638      271      265      514      565      611      373      671      303      157      757      332      535      338      173      665      106      251      489      373      217      580      381      578      345      505      407      280      544      556      640      406      506      450      323      645      390      586      675      221      497      143      226      378      766      489      658      479      707      340      253      214      729      669      417      
12       307      345      312      761      50       194      518      993      727      641      343      205      0        371      407      149      498      807      516      559      789      615      503      552      571      791      748      282      144      619      624      634      570      834      505      131      851      255      594      232      378      734      99       456      694      572      48       710      584      769      261      578      607      315      697      628      788      390      447      618      525      729      595      558      753      382      702      209      423      506      732      616      830      447      720      264      49       316      837      839      340      
13       64       27       280      394      370      177      394      622      522      356      36       255      371      0        344      253      174      451      277      327      431      285      134      279      209      437      386      162      314      260      317      380      297      469      384      242      502      287      288      325      268      411      305      304      496      313      409      340      433      450      302      253      343      130      329      302      417      250      372      267      301      390      398      405      420      90       487      161      210      135      572      246      475      321      478      290      417      54       478      480      333      
14       320      344      99       650      365      333      113      832      866      320      356      209      407      344      0        274      514      561      621      672      707      611      437      623      399      542      662      438      473      557      653      725      261      612      101      362      791      526      625      540      76       733      310      94       297      248      407      582      181      461      541      585      275      432      514      630      607      567      680      404      188      700      211      739      733      262      313      321      163      415      913      506      579      642      823      534      451      333      748      597      605      
15       190      231      175      647      127      105      379      872      699      492      234      64       149      253      274      0        409      666      465      513      684      527      388      488      436      650      640      230      201      513      548      583      420      698      366      96       754      274      517      277      233      652      56       310      549      422      171      591      444      621      287      492      458      248      565      543      659      363      455      478      376      637      449      544      666      242      556      108      273      385      723      497      689      434      677      283      199      204      731      699      361      
16       224      186      454      282      510      313      549      519      362      444      179      423      498      174      514      409      0        437      136      177      296      118      106      115      233      430      258      221      398      137      143      213      405      431      540      367      353      321      113      368      437      242      454      462      617      426      542      253      577      492      331      82       448      184      297      133      356      201      304      295      434      231      529      283      257      252      601      303      365      137      427      176      460      241      310      319      536      209      344      456      320      
17       508      478      580      256      793      620      504      302      714      254      486      635      807      451      561      666      437      0        560      584      320      410      352      516      241      19       300      603      765      324      466      574      301      63       504      686      394      726      462      768      514      449      723      467      422      317      837      218      475      149      739      423      299      565      140      422      129      634      741      188      375      397      405      703      423      425      390      603      423      331      802      262      24       678      638      727      856      503      329      35       748      
18       306      277      549      365      541      360      670      590      245      580      266      495      516      277      621      465      136      560      0        50       354      166      242      52       369      555      328      238      389      239      135      118      539      545      660      398      383      287      117      332      545      242      498      580      750      559      564      357      703      626      291      140      583      217      420      165      464      137      194      430      563      260      659      147      271      366      735      357      484      273      296      298      581      134      212      281      546      292      397      575      249      
19       357      328      599      373      586      408      718      589      194      621      316      545      559      327      672      513      177      584      50       0        353      178      283      69       407      581      333      285      428      260      132      76       583      564      709      443      371      322      125      364      595      226      545      629      794      604      607      374      751      659      324      160      626      265      446      171      481      172      198      466      609      253      705      119      259      415      778      406      533      314      249      326      605      146      164      315      586      342      392      597      272      
20       493      453      679      68       796      598      697      236      423      493      451      683      789      431      707      684      296      320      354      353      0        192      297      301      311      327      45       518      695      171      221      310      497      272      693      658      86       614      237      661      637      148      735      628      686      520      832      133      697      451      623      227      523      480      230      189      191      478      547      327      559      103      631      467      115      470      658      586      544      306      517      201      332      488      345      611      830      481      47       314      598      
21       340      300      561      198      629      431      631      425      314      484      295      539      615      285      611      527      118      410      166      178      192      0        175      115      267      408      162      336      510      89       58       166      461      387      623      486      237      424      53       471      535      126      573      548      671      484      660      197      649      499      432      38       499      301      275      19       303      285      361      317      504      113      594      297      138      351      650      422      454      200      396      163      430      300      245      420      653      326      237      421      405      
22       198      159      392      259      504      308      457      490      463      337      159      386      503      134      437      388      106      352      242      283      297      175      0        218      129      342      252      257      429      128      222      312      300      357      449      371      371      376      197      420      361      296      440      373      512      322      542      208      479      390      389      153      343      218      217      194      294      285      399      193      334      266      428      389      299      180      495      294      278      30       532      114      376      338      405      376      547      187      343      376      396      
23       317      284      557      313      573      385      663      537      247      554      274      513      552      279      623      488      115      516      52       69       301      115      218      0        339      512      276      270      431      193      83       101      519      498      653      429      331      333      64       378      546      193      526      575      731      540      599      309      692      590      338      92       561      242      377      112      416      185      246      398      549      208      644      186      220      363      714      380      478      249      313      257      537      186      199      327      584      302      344      530      300      
24       268      237      384      251      561      381      387      446      577      217      245      415      571      209      399      436      233      241      369      407      311      267      129      339      0        227      267      364      524      186      323      425      197      262      382      446      396      488      305      530      333      366      492      317      404      220      604      183      393      260      502      259      233      327      129      286      225      412      528      63       251      323      332      517      357      194      383      364      237      101      651      117      265      468      511      490      619      262      349      270      519      
25       494      464      561      262      777      605      484      320      715      235      472      618      791      437      542      650      430      19       555      581      327      408      342      512      227      0        305      591      751      321      465      574      281      81       485      670      403      714      459      756      495      453      706      448      404      297      820      219      456      134      728      420      280      553      135      421      138      626      734      173      355      400      386      699      428      409      372      588      404      320      802      256      39       671      640      715      840      489      339      55       738      
26       450      409      634      45       753      555      655      263      424      455      408      638      748      386      662      640      258      300      328      333      45       162      252      276      267      305      0        479      656      128      201      299      456      258      650      616      129      579      212      626      592      151      691      584      648      479      789      96       656      423      588      195      483      441      196      163      173      446      523      287      517      99       591      450      123      425      622      543      499      261      515      156      314      462      346      576      789      437      91       299      567      
27       132      138      349      499      303      126      515      736      468      516      126      271      282      162      438      230      221      603      238      285      518      336      257      270      364      591      479      0        177      353      341      357      454      614      503      159      574      125      312      165      369      452      260      427      643      468      329      459      565      612      140      298      500      39       473      347      551      135      242      424      446      449      541      315      472      235      637      128      344      272      494      368      627      208      449      128      317      125      566      629      177      
28       259      286      373      676      187      160      573      912      587      641      279      265      144      314      473      201      398      765      389      428      695      510      429      431      524      751      656      177      0        530      508      504      573      781      560      111      748      112      480      88       423      620      187      496      732      581      191      634      635      754      117      472      616      215      641      520      724      256      303      580      545      622      629      415      643      358      734      178      437      441      588      543      789      306      585      121      160      262      742      794      195      
29       322      282      519      145      625      427      565      382      403      400      280      514      619      260      557      513      137      324      239      260      171      89       128      193      186      321      128      353      530      0        147      256      383      306      558      488      243      458      138      505      484      181      564      486      590      406      661      119      577      409      469      100      418      315      186      105      225      336      428      230      432      143      518      379      176      307      568      415      395      143      485      74       344      365      333      456      661      310      218      337      456      
30       366      329      597      242      641      448      679      458      256      541      321      565      624      317      653      548      143      466      135      132      221      58       222      83       323      465      201      341      508      147      0        108      515      440      671      497      248      414      30       460      576      112      590      595      726      538      670      250      701      557      420      69       555      309      332      43       355      268      326      375      556      125      647      249      137      391      706      440      499      250      338      221      486      268      188      409      658      351      262      475      384      
31       417      385      658      343      660      478      763      542      152      642      375      611      634      380      725      583      213      574      118      76       310      166      312      101      425      574      299      357      504      256      108      0        612      547      754      517      313      398      120      441      648      169      617      675      824      634      682      358      790      665      400      165      653      335      441      152      461      248      264      479      646      207      740      160      204      464      805      475      579      342      229      328      594      218      98       391      662      403      344      583      347      
32       325      317      294      432      544      413      208      584      764      71       330      373      570      297      261      420      405      301      539      583      497      461      300      519      197      281      456      454      573      383      515      612      0        354      207      471      584      575      494      607      223      563      474      166      212      23       589      364      199      208      591      448      46       427      277      480      362      545      667      170      73       519      135      682      553      220      196      395      147      270      832      314      318      612      703      580      619      329      531      336      630      
33       530      497      624      213      824      643      560      239      681      313      503      671      834      469      612      698      431      63       545      564      272      387      357      498      262      81       258      614      781      306      440      547      354      0        560      709      340      734      440      778      561      410      754      519      485      372      866      190      535      213      746      405      357      575      140      397      86       631      732      221      428      358      465      684      381      455      453      626      467      341      771      254      64       669      603      734      882      523      275      43       748      
34       375      390      193      631      465      412      12       791      901      251      403      303      505      384      101      366      540      504      660      709      693      623      449      653      382      485      650      503      560      558      671      754      207      560      0        449      779      603      645      621      138      739      407      79       196      188      508      562      80       388      618      602      205      490      481      643      569      624      742      371      135      700      118      788      734      294      213      397      175      423      956      498      520      698      850      610      551      386      730      539      677      
35       179      215      263      629      144      65       462      861      622      541      212      157      131      242      362      96       367      686      398      443      658      486      371      429      446      670      616      159      111      488      497      517      471      709      449      0        720      179      467      181      312      606      104      386      622      477      174      579      524      660      192      448      512      187      571      499      659      282      364      497      438      598      520      460      624      265      625      82       331      376      639      485      709      349      607      188      175      187      705      716      267      
36       563      523      760      153      862      663      783      239      399      578      520      757      851      502      791      754      353      394      383      371      86       237      371      331      396      403      129      574      748      243      248      313      584      340      779      720      0        659      271      706      720      144      803      713      771      607      895      220      783      531      666      275      609      538      315      228      265      515      569      414      646      125      718      474      112      548      744      652      627      384      493      284      403      514      322      655      890      550      65       384      632      
37       250      262      429      604      294      192      615      840      475      639      251      332      255      287      526      274      321      726      287      322      614      424      376      333      488      714      579      125      112      458      414      398      575      734      603      179      659      0        388      47       465      526      278      530      756      587      303      571      670      737      15       387      621      161      593      431      668      150      192      549      561      533      653      303      551      355      753      205      455      394      476      484      750      194      476      9        272      246      661      751      88       
38       336      299      567      249      611      417      654      473      271      523      291      535      594      288      625      517      113      462      117      125      237      53       197      64       305      459      212      312      480      138      30       120      494      440      645      467      271      388      0        435      548      140      559      568      706      517      640      249      677      546      395      46       534      280      325      48       356      244      311      359      532      146      624      244      163      363      687      410      472      226      349      209      482      251      208      384      629      321      280      473      362      
39       282      299      441      651      275      209      634      887      510      673      288      338      232      325      540      277      368      768      332      364      661      471      420      378      530      756      626      165      88       505      460      441      607      778      621      181      706      47       435      0        482      571      271      552      782      618      278      617      692      775      40       434      652      203      637      478      713      194      219      590      589      580      679      336      598      387      781      224      482      437      505      529      792      230      515      50       242      281      708      795      110      
40       247      268      72       582      342      273      151      773      790      290      281      173      378      268      76       233      437      514      545      595      637      535      361      546      333      495      592      369      423      484      576      648      223      561      138      312      720      465      548      482      0        657      279      78       316      216      387      515      212      431      480      508      248      360      453      554      548      495      610      346      159      626      217      665      659      185      324      259      96       341      838      436      534      570      746      472      425      259      679      550      540      
41       466      426      686      196      750      554      746      374      275      576      420      665      734      411      733      652      242      449      242      226      148      126      296      193      366      453      151      452      620      181      112      169      563      410      739      606      144      526      140      571      657      0        696      665      768      587      780      235      758      565      531      160      598      419      333      109      324      378      425      405      614      52       699      330      35       475      744      546      573      318      368      250      465      371      196      520      769      451      176      450      492      
42       241      282      214      700      70       142      419      926      726      546      283      106      99       305      310      56       454      723      498      545      735      573      440      526      492      706      691      260      187      564      590      617      474      754      407      104      803      278      559      271      279      696      0        357      595      476      114      644      486      677      289      536      511      283      621      587      714      387      468      535      427      684      496      565      712      299      603      150      327      439      744      551      746      454      709      288      146      254      782      756      367      
43       297      311      148      568      420      342      90       742      822      227      324      251      456      304      94       310      462      467      580      629      628      548      373      575      317      448      584      427      496      486      595      675      166      519      79       386      713      530      568      552      78       665      357      0        238      154      464      499      140      369      546      526      182      412      425      567      518      546      665      315      94       629      139      709      663      214      246      327      96       348      876      429      485      620      772      537      503      308      666      503      602      
44       510      512      382      618      656      575      185      724      976      193      525      489      694      496      297      549      617      422      750      794      686      671      512      731      404      404      648      643      732      590      726      824      212      485      196      622      771      756      706      782      316      768      595      238      0        190      700      553      118      276      772      660      171      621      455      690      523      747      869      364      196      721      102      891      755      409      32       558      300      482      1044     518      429      817      914      762      741      517      713      452      820      
45       337      332      288      455      544      421      188      603      785      74       345      373      572      313      248      422      426      317      559      604      520      484      322      540      220      297      479      468      581      406      538      634      23       372      188      477      607      587      517      618      216      587      476      154      190      0        589      387      176      215      603      471      35       442      299      503      383      562      684      193      59       543      112      702      577      232      176      403      149      292      853      337      334      630      725      592      621      342      553      352      644      
46       344      383      317      801      45       234      520      1031     775      660      382      217      48       409      407      171      542      837      564      607      832      660      542      599      604      820      789      329      191      661      670      682      589      866      508      174      895      303      640      278      387      780      114      464      700      589      0        749      588      792      309      622      624      360      732      673      823      438      494      648      540      773      604      606      798      412      710      247      441      544      780      655      860      495      769      312      52       355      879      869      386      
47       404      365      563      69       710      516      566      282      496      359      367      580      710      340      582      591      253      218      357      374      133      197      208      309      183      219      96       459      634      119      250      358      364      190      562      579      220      571      249      617      515      235      644      499      553      387      749      0        563      330      582      217      389      419      100      207      107      454      547      194      427      183      498      494      213      360      526      501      420      205      584      94       236      485      420      569      755      394      168      225      574      
48       434      443      272      632      545      482      68       771      940      221      457      381      584      433      181      444      577      475      703      751      697      649      479      692      393      456      656      565      635      577      701      790      199      535      80       524      783      670      677      692      212      758      486      140      118      176      588      563      0        344      686      632      180      548      475      669      556      680      800      369      144      716      70       838      750      343      139      467      224      451      1000     511      488      753      884      677      630      444      730      509      741      
49       496      475      502      384      747      598      384      450      813      141      486      578      769      450      461      621      492      149      626      659      451      499      390      590      260      134      423      612      754      409      557      665      208      213      388      660      531      737      546      775      431      565      677      369      276      215      792      330      344      0        752      502      186      578      231      515      267      673      789      197      274      513      277      773      543      396      243      580      353      362      895      337      154      729      741      740      819      495      468      177      775      
