

sets
i        orders          /0*5/
k        routes          /1*5/
p        positions       /0*5/
;

alias(i,j)
alias(i,h)
alias(i,hh)
alias(i,jj)
alias(k,kk)
                            Parameters

rho(i)	Processing time
/
0	0
1	80
2	75
3	92
4	67
5	54
/

gamma(i)	Duedate
/
0	0
1	28
2	38
3	16
4	41
5	54
/

sigma(i)	Size
/
0	0
1	4
2	4
3	7
4	7
5	4
/

epsilon(i)	Priority
/
0	0
1	8
2	1
3	8
4	2
5	8
/

psi	Vehicle Capacity
/ 42 /
;

Table kappa(i,j)                 Setup
         0        1        2        3        4        5        
0        0        352      565      499      381      524      
1        352      0        345      256      160      207      
2        565      345      0        569      500      191      
3        499      256      569      0        122      388      
4        381      160      500      122      0        339      
5        524      207      191      388      339      0        
;



Table delta(i,j)                 Distance
         0        1        2        3        4        5        
0        0        1080     1440     1020     540      1170     
1        1080     0        35       10       40       30       
2        1440     35       0        25       37       8        
3        1020     10       25       0        34       20       
4        540      40       37       34       0        29       
5        1170     30       8        20       29       0        
;

