
sets
i        orders          /0*40/
k        routes          /1*40/
p        positions       /0*40/
;

alias(i,j)
alias(i,h)
alias(i,hh)
alias(i,jj)
alias(k,kk)
                
                    Parameters

rho(i)	Processing time
/
0	0
1	61
2	24
3	57
4	71
5	35
6	53
7	51
8	1
9	8
10	85
11	28
12	46
13	39
14	33
15	32
16	29
17	86
18	39
19	15
20	8
21	25
22	59
23	30
24	72
25	26
26	42
27	61
28	2
29	10
30	13
31	18
32	8
33	39
34	50
35	2
36	64
37	92
38	64
39	60
40	42
/

gamma(i)	Duedate
/
0	0
1	28
2	69
3	33
4	34
5	25
6	25
7	45
8	89
9	77
10	12
11	48
12	21
13	64
14	10
15	72
16	21
17	32
18	39
19	24
20	38
21	46
22	31
23	44
24	17
25	50
26	1
27	94
28	12
29	52
30	53
31	89
32	32
33	40
34	15
35	98
36	54
37	85
38	64
39	32
40	51
/

sigma(i)	Size
/
0	0
1	2
2	1
3	7
4	4
5	8
6	4
7	1
8	2
9	2
10	5
11	9
12	9
13	9
14	6
15	8
16	7
17	9
18	4
19	5
20	9
21	2
22	9
23	9
24	5
25	1
26	1
27	5
28	5
29	5
30	9
31	8
32	5
33	9
34	4
35	2
36	9
37	2
38	6
39	2
40	7
/

epsilon(i)	Priority
/
0	0
1	4
2	6
3	5
4	3
5	8
6	7
7	1
8	8
9	8
10	4
11	4
12	8
13	1
14	2
15	6
16	3
17	8
18	7
19	8
20	6
21	6
22	9
23	7
24	7
25	4
26	9
27	3
28	6
29	1
30	2
31	4
32	4
33	2
34	6
35	5
36	1
37	3
38	6
39	7
40	2
/

psi	Vehicle Capacity
/ 18 /
;

Table kappa(i,j)                 Setup
         0        1        2        3        4        5        6        7        8        9        10       11       12       13       14       15       16       17       18       19       20       21       22       23       24       25       26       27       28       29       30       31       32       33       34       35       36       37       38       39       40       
0        0        568      467      273      438      558      543      208      191      848      751      469      288      389      152      320      458      126      698      656      441      870      519      951      577      910      470      673      1008     423      849      397      462      666      463      822      329      512      674      798      172      
1        568      0        230      334      268      555      299      376      413      313      576      324      515      184      492      260      573      467      628      709      242      567      112      574      602      532      107      140      592      400      312      181      116      97       637      262      393      62       347      230      506      
2        467      230      0        341      42       326      103      260      385      401      390      94       315      224      344      269      344      410      415      481      26       443      292      499      374      456      149      371      547      171      403      138      230      304      410      402      190      178      220      418      346      
3        273      334      341      0        336      586      442      179      86       642      717      397      388      153      279      78       533      150      710      725      323      784      258      833      623      790      261      414      873      407      642      212      217      425      572      597      328      291      559      554      306      
4        438      268      42       336      0        297      110      234      371      442      383      68       273      235      308      269      305      390      395      451      25       453      319      518      343      476      178      408      571      132      443      148      254      345      370      445      148      212      239      460      309      
5        558      555      326      586      297      0        265      424      588      624      220      232      273      524      407      538      122      577      139      154      322      388      616      505      48       475      474      692      582      181      627      441      550      616      175      663      261      505      319      709      386      
6        543      299      103      442      110      265      0        343      481      382      290      80       341      326      406      372      318      501      328      416      119      343      380      409      313      367      241      432      465      164      384      241      325      352      387      406      229      259      131      445      402      
7        208      376      260      179      234      424      343      0        164      641      583      276      209      214      121      170      357      161      556      554      235      682      351      753      456      710      271      496      806      254      642      196      284      473      393      620      163      315      473      605      141      
8        191      413      385      86       371      588      481      164      0        716      740      425      359      229      230      152      518      65       719      716      363      825      343      884      619      840      331      500      928      416      716      271      298      507      547      676      327      366      605      637      259      
9        848      313      401      642      442      624      382      641      716      0        526      456      713      489      741      565      698      763      629      757      427      420      417      360      669      332      385      318      341      545      3        453      428      243      767      91       589      350      308      187      746      
10       751      576      390      717      383      220      290      583      740      526      0        319      478      614      598      653      343      744      125      272      401      180      667      305      236      284      531      695      386      331      530      528      615      605      392      591      426      545      241      661      582      
11       469      324      94       397      68       232      80       276      425      456      319      0        261      303      328      335      257      437      327      387      91       405      385      482      279      440      242      464      541      89       458      217      321      393      325      472      149      272      208      499      323      
12       288      515      315      388      273      273      341      209      359      713      478      261      0        396      142      372      170      329      412      370      291      620      525      719      289      681      409      652      786      180      714      342      454      604      188      717      125      453      462      728      117      
13       389      184      224      153      235      524      326      214      229      489      614      303      396      0        335      77       502      283      630      674      214      656      136      693      567      650      110      286      727      344      488      86       73       279      555      446      294      138      427      411      355      
14       152      492      344      279      308      407      406      121      230      741      598      328      142      335      0        287      312      191      546      512      317      723      472      809      428      768      386      616      869      273      742      311      404      589      327      728      181      431      536      720      28       
15       320      260      269      78       269      538      372      170      152      565      653      335      372      77       287      0        499      208      656      684      254      711      199      757      578      713      183      354      795      357      565      136      146      355      545      523      289      214      484      486      310      
16       458      573      344      533      305      122      318      357      518      698      343      257      170      502      312      499      0        495      254      201      331      508      614      621      123      588      479      714      696      173      701      428      544      649      69       724      209      516      406      756      287      
17       126      467      410      150      390      577      501      161      65       763      744      437      329      283      191      208      495      0        712      696      386      842      404      909      604      866      378      560      958      414      763      311      354      562      517      727      321      416      629      694      219      
18       698      628      415      710      395      139      328      556      719      629      125      327      412      630      546      656      254      712      0        147      417      305      705      430      133      409      564      758      511      304      632      544      645      673      289      685      392      587      326      746      525      
19       656      709      481      725      451      154      416      554      716      757      272      387      370      674      512      684      201      696      147      0        476      452      771      577      108      556      629      846      658      330      760      593      704      768      199      804      397      660      449      856      487      
20       441      242      26       323      25       322      119      235      363      427      401      91       291      214      317      254      331      386      417      476      0        462      294      522      368      479      153      383      571      157      428      128      229      321      395      426      166      186      242      438      320      
21       870      567      443      784      453      388      343      682      825      420      180      405      620      656      723      711      508      842      305      452      462      0        673      126      412      113      555      659      207      450      423      576      637      565      563      500      542      554      229      586      712      
22       519      112      292      258      319      616      380      351      343      417      667      385      525      136      472      199      614      404      705      771      294      673      0        685      662      644      142      156      704      446      416      187      71       179      673      355      414      122      448      300      491      
23       951      574      499      833      518      505      409      753      884      360      305      482      719      693      809      757      621      909      430      577      522      126      685      0        533      43       586      643      81       542      363      621      661      551      680      449      628      575      280      542      801      
24       577      602      374      623      343      48       313      456      619      669      236      279      289      567      428      578      123      604      133      108      368      412      662      533      0        505      521      741      612      223      672      485      596      664      157      710      295      552      362      757      405      
25       910      532      456      790      476      475      367      710      840      332      284      440      681      650      768      713      588      866      409      556      479      113      644      43       505      0        542      605      107      502      335      578      619      513      649      419      587      533      237      510      761      
26       470      107      149      261      178      474      241      271      331      385      531      242      409      110      386      183      479      378      564      629      153      555      142      586      521      542      0        243      618      307      385      75       84       203      540      352      289      45       326      334      399      
27       673      140      371      414      408      692      432      496      500      318      695      464      652      286      616      354      714      560      758      846      383      659      156      643      741      605      243      0        644      541      316      311      213      93       778      237      532      200      457      159      633      
28       1008     592      547      873      571      582      465      806      928      341      386      541      786      727      869      795      696      958      511      658      571      207      704      81       612      107      618      644      0        607      344      660      689      556      757      432      689      602      333      528      863      
29       423      400      171      407      132      181      164      254      416      545      331      89       180      344      273      357      173      414      304      330      157      450      446      542      223      502      307      541      607      0        547      263      377      476      239      561      95       343      281      586      261      
30       849      312      403      642      443      627      384      642      716      3        530      458      714      488      742      565      701      763      632      760      428      423      416      363      672      335      385      316      344      547      0        453      428      241      770      88       591      350      311      184      747      
31       397      181      138      212      148      441      241      196      271      453      528      217      342      86       311      136      428      311      544      593      128      576      187      621      485      578      75       311      660      263      453      0        116      278      485      425      227      120      348      409      324      
32       462      116      230      217      254      550      325      284      298      428      615      321      454      73       404      146      544      354      645      704      229      637      71       661      596      619      84       213      689      377      428      116      0        208      601      379      343      86       408      339      422      
33       666      97       304      425      345      616      352      473      507      243      605      393      604      279      589      355      649      562      673      768      321      565      179      551      664      513      203      93       556      476      241      278      208      0        715      176      480      158      365      132      602      
34       463      637      410      572      370      175      387      393      547      767      392      325      188      555      327      545      69       517      289      199      395      563      673      680      157      649      540      778      757      239      770      485      601      715      0        794      260      579      474      824      300      
35       822      262      402      597      445      663      406      620      676      91       591      472      717      446      728      523      724      727      685      804      426      500      355      449      710      419      352      237      432      561      88       425      379      176      794      0        592      311      359      96       737      
36       329      393      190      328      148      261      229      163      327      589      426      149      125      294      181      289      209      321      392      397      166      542      414      628      295      587      289      532      689      95       591      227      343      480      260      592      0        332      357      602      174      
37       512      62       178      291      212      505      259      315      366      350      545      272      453      138      431      214      516      416      587      660      186      554      122      575      552      533      45       200      602      343      350      120      86       158      579      311      332      0        328      289      444      
38       674      347      220      559      239      319      131      473      605      308      241      208      462      427      536      484      406      629      326      449      242      229      448      280      362      237      326      457      333      281      311      348      408      365      474      359      357      328      0        422      531      
39       798      230      418      554      460      709      445      605      637      187      661      499      728      411      720      486      756      694      746      856      438      586      300      542      757      510      334      159      528      586      184      409      339      132      824      96       602      289      422      0        732      
40       172      506      346      306      309      386      402      141      259      746      582      323      117      355      28       310      287      219      525      487      320      712      491      801      405      761      399      633      863      261      747      324      422      602      300      737      174      444      531      732      0        
;



Table delta(i,j)                 Distance
         0        1        2        3        4        5        6        7        8        9        10       11       12       13       14       15       16       17       18       19       20       21       22       23       24       25       26       27       28       29       30       31       32       33       34       35       36       37       38       39       40       
0        0        2440     2760     13260    13240    11140    15320    5620     7560     10320    4140     7040     11700    15360    8060     9060     2120     13660    9360     8760     15080    15720    9680     3260     8800     13800    7340     9560     10920    9000     16620    7760     2280     9920     14880    9940     9680     16240    12500    15920    12860    
1        2440     0        71       554      562      645      718      399      259      414      317      241      668      717      514      553      192      706      559      415      758      872      496      105      388      574      418      589      553      384      716      277      233      584      687      585      374      738      600      885      758      
2        2760     71       0        595      611      599      652      385      254      378      345      285      716      652      541      516      234      636      603      486      687      824      426      177      322      557      358      564      482      323      746      254      250      538      623      539      418      681      530      838      736      
3        13260    554      595      0        85       1195     987      943      408      548      797      313      986      976      965      1107     672      1167     930      484      1174     1419     960      508      740      478      945      1141     1000     697      192      471      753      1134     928      1135     179      890      965      1434     1306     
4        13240    562      611      85       0        1207     1050     938      452      611      776      326      934      1040     933      1113     658      1206     886      427      1221     1434     997      501      788      558      967      1139     1040     748      253      520      743      1146     993      1147     197      963      1017     1447     1300     
5        11140    645      599      1195     1207     0        772      341      824      839      559      883      872      785      603      128      607      402      755      975      530      228      392      719      612      1054     275      206      423      663      1341     789      518      61       797      60       1017     925      588      239      289      
6        15320    718      652      987      1050     772      0        855      618      439      950      798      1345     17       1121     804      873      421      1223     1115     325      882      392      819      330      569      563      907      349      339      1027     547      849      746      65       747      874      190      185      914      1051     
7        5620     399      385      943      938      341      855      0        640      735      219      634      556      862      292      215      289      621      433      649      729      558      483      437      577      933      307      203      543      610      1113     633      199      289      854      290      765      954      680      560      362      
8        7560     259      254      408      452      824      618      640      0        205      575      184      903      610      772      757      447      759      804      531      768      1039     554      301      336      318      558      814      592      297      522      70       491      766      568      767      262      573      565      1058     987      
9        10320    414      378      548      611      839      439      735      205      0        723      388      1081     428      919      801      606      672      974      735      650      1030     494      485      242      216      564      878      512      188      606      146      628      787      382      788      441      370      433      1054     1049     
10       4140     317      345      797      776      559      950      219      575      723      0        508      396      954      197      434      131      796      273      440      888      777      623      300      634      892      466      410      686      650      980      592      102      505      934      506      626      1011     794      778      545      
11       7040     241      285      313      326      883      798      634      184      388      508      0        776      791      693      794      378      892      692      353      920      1109     681      209      497      457      641      829      728      466      479      252      450      822      750      823      133      757      729      1123     996      
12       11700    668      716      986      934      872      1345     556      903      1081     396      776      0        1348     269      746      482      1175     125      507      1275     1055     1015     602      1024     1218     850      676      1078     1035     1178     939      496      831      1327     832      853      1397     1190     1045     730      
13       15360    717      652      976      1040     785      17       862      610      428      954      791      1348     0        1126     815      874      437      1227     1112     342      898      402      817      329      555      572      918      362      336      1013     540      852      758      50       759      866      173      197      929      1063     
14       8060     514      541      965      933      603      1121     292      772      919      197      693      269      1126     0        476      325      914      155      547      1020     791      767      487      816      1089     595      409      829      837      1153     790      292      561      1111     562      802      1196     955      784      486      
15       9060     553      516      1107     1113     128      804      215      757      801      434      794      746      815      476      0        491      481      628      857      604      345      412      616      594      1014     253      106      458      639      1263     731      400      87       819      87       927      939      619      348      255      
16       2120     192      234      672      658      607      873      289      447      606      131      378      482      874      325      491      0        776      369      368      854      834      583      169      546      765      452      493      646      554      852      470      91       548      850      549      499      915      731      840      645      
17       13660    706      636      1167     1206     402      421      621      759      672      796      892      1175     437      914      481      776      0        1050     1114     128      465      212      809      435      872      329      586      166      487      1266     698      712      401      466      401      1009     603      269      498      692      
18       9360     559      603      930      886      755      1223     433      804      974      273      692      125      1227     155      628      369      1050     0        470      1150     946      889      504      905      1122     724      564      953      918      1121     835      374      712      1207     713      783      1280     1066     939      636      
19       8760     415      486      484      427      975      1115     649      531      735      440      353      507      1112     547      857      368      1114     470      0        1173     1202     908      309      791      805      805      848      966      776      675      592      457      916      1076     917      379      1100     1013     1206     984      
20       15080    758      687      1174     1221     530      325      729      768      650      888      920      1275     342      1020     604      854      128      1150     1173     0        585      270      864      433      833      425      709      208      477      1255     702      798      526      379      526      1028     515      218      618      820      
21       15720    872      824      1419     1434     228      882      558      1039     1030     777      1109     1055     898      791      345      834      465      946      1202     585      0        547      948      793      1246     480      383      556      846      1560     998      744      290      920      289      1242     1056     712      33       359      
22       9680     496      426      960      997      392      392      483      554      494      623      681      1015     402      767      412      583      212      889      908      270      547      0        600      252      706      177      515      63       306      1069     497      530      358      408      359      800      534      207      575      661      
23       3260     105      177      508      501      719      819      437      301      485      300      209      602      817      487      616      169      809      504      309      864      948      600      0        490      618      511      637      658      481      685      339      244      658      785      659      332      827      706      958      799      
24       8800     388      322      740      788      612      330      577      336      242      634      497      1024     329      816      594      546      435      905      791      433      793      252      490      0        454      343      683      271      53       830      269      532      566      303      567      596      380      232      818      848      
25       13800    574      557      478      558      1054     569      933      318      216      892      457      1218     555      1089     1014     765      872      1122     805      833      1246     706      618      454      0        780      1087     718      400      467      303      804      1002     505      1004     445      432      616      1270     1260     
26       7340     418      358      945      967      275      563      307      558      564      466      641      850      572      595      253      452      329      724      805      425      480      177      511      343      780      0        349      236      392      1080     518      383      223      572      224      771      688      381      500      508      
27       9560     589      564      1141     1139     206      907      203      814      878      410      829      676      918      409      106      493      586      564      848      709      383      515      637      683      1087     349      0        563      726      1305     796      402      186      920      186      961      1037     723      377      173      
28       10920    553      482      1000     1040     423      349      543      592      512      686      728      1078     362      829      458      646      166      953      966      208      556      63       658      271      718      236      563      0        324      1100     531      594      397      374      398      843      505      165      586      702      
29       9000     384      323      697      748      663      339      610      297      188      650      466      1035     336      837      639      554      487      918      776      477      846      306      481      53       400      392      726      324      0        780      227      548      615      303      616      559      361      269      871      893      
30       16620    716      746      192      253      1341     1027     1113     522      606      980      479      1178     1013     1153     1263     852      1266     1121     675      1255     1560     1069     685      830      467      1080     1305     1100     780      0        573      929      1281     964      1283     353      899      1039     1577     1474     
31       7760     277      254      471      520      789      547      633      70       146      592      252      939      540      790      731      470      698      835      592      702      998      497      339      269      303      518      796      531      227      573      0        502      733      498      734      332      508      496      1019     969      
32       2280     233      250      753      743      518      849      199      491      628      102      450      496      852      292      400      91       712      374      457      798      744      530      244      532      804      383      402      594      548      929      502      0        459      832      461      576      910      695      749      557      
33       9920     584      538      1134     1146     61       746      289      766      787      505      822      831      758      561      87       548      401      712      916      526      290      358      658      566      1002     223      186      397      615      1281     733      459      0        766      1        955      892      561      301      305      
34       14880    687      623      928      993      797      65       854      568      382      934      750      1327     50       1111     819      850      466      1207     1076     379      920      408      785      303      505      572      920      374      303      964      498      832      766      0        767      821      137      209      951      1070     
35       9940     585      539      1135     1147     60       747      290      767      788      506      823      832      759      562      87       549      401      713      917      526      289      359      659      567      1004     224      186      398      616      1283     734      461      1        767      0        957      893      562      300      304      
36       9680     374      418      179      197      1017     874      765      262      441      626      133      853      866      802      927      499      1009     783      379      1028     1242     800      332      596      445      771      961      843      559      353      332      576      955      821      957      0        807      827      1256     1127     
37       16240    738      681      890      963      925      190      954      573      370      1011     757      1397     173      1196     939      915      603      1280     1100     515      1056     534      827      380      432      688      1037     505      361      899      508      910      892      137      893      807      0        344      1087     1192     
38       12500    600      530      965      1017     588      185      680      565      433      794      729      1190     197      955      619      731      269      1066     1013     218      712      207      706      232      616      381      723      165      269      1039     496      695      561      209      562      827      344      0        743      866      
39       15920    885      838      1434     1447     239      914      560      1058     1054     778      1123     1045     929      784      348      840      498      939      1206     618      33       575      958      818      1270     500      377      586      871      1577     1019     749      301      951      300      1256     1087     743      0        339      
40       12860    758      736      1306     1300     289      1051     362      987      1049     545      996      730      1063     486      255      645      692      636      984      820      359      661      799      848      1260     508      173      702      893      1474     969      557      305      1070     304      1127     1192     866      339      0        
;

