
sets
i        orders          /0*40/
k        routes          /1*40/
p        positions       /0*40/
;

alias(i,j)
alias(i,h)
alias(i,hh)
alias(i,jj)
alias(k,kk)
                
                    Parameters

rho(i)	Processing time
/
0	0
1	19
2	11
3	21
4	60
5	28
6	25
7	69
8	8
9	94
10	20
11	16
12	45
13	34
14	77
15	44
16	61
17	56
18	47
19	78
20	59
21	10
22	71
23	52
24	63
25	99
26	3
27	90
28	8
29	10
30	87
31	64
32	52
33	9
34	4
35	52
36	88
37	95
38	94
39	41
40	39
/

gamma(i)	Duedate
/
0	0
1	31
2	28
3	82
4	12
5	13
6	33
7	25
8	15
9	83
10	57
11	62
12	84
13	5
14	35
15	41
16	30
17	13
18	2
19	5
20	85
21	92
22	42
23	12
24	33
25	82
26	19
27	57
28	65
29	64
30	71
31	72
32	44
33	28
34	75
35	18
36	87
37	68
38	23
39	56
40	73
/

sigma(i)	Size
/
0	0
1	5
2	6
3	8
4	3
5	5
6	3
7	4
8	9
9	8
10	5
11	9
12	4
13	8
14	1
15	5
16	1
17	8
18	5
19	8
20	7
21	5
22	5
23	1
24	6
25	6
26	8
27	5
28	9
29	9
30	6
31	7
32	5
33	9
34	6
35	7
36	8
37	3
38	9
39	2
40	8
/

epsilon(i)	Priority
/
0	0
1	5
2	7
3	2
4	8
5	2
6	7
7	4
8	5
9	2
10	3
11	5
12	2
13	7
14	2
15	8
16	4
17	2
18	7
19	4
20	1
21	8
22	6
23	1
24	6
25	4
26	3
27	5
28	8
29	8
30	2
31	5
32	5
33	1
34	3
35	2
36	1
37	7
38	1
39	1
40	3
/

psi	Vehicle Capacity
/ 13 /
;

Table kappa(i,j)                 Setup
         0        1        2        3        4        5        6        7        8        9        10       11       12       13       14       15       16       17       18       19       20       21       22       23       24       25       26       27       28       29       30       31       32       33       34       35       36       37       38       39       40       
0        0        526      418      373      706      501      905      523      304      604      720      347      582      566      201      661      529      468      139      797      496      697      276      561      746      537      234      418      545      678      401      922      535      332      750      508      379      571      166      535      144      
1        526      0        570      626      325      38       720      39       492      371      612      203      202      351      364      261      857      544      508      450      466      259      249      859      440      13       396      560      566      159      513      707      545      224      419      150      181      804      488      657      482      
2        418      570      0        102      524      572      533      540      121      359      342      526      469      335      307      516      306      75       279      554      169      568      431      296      489      572      239      11       149      654      57       564      150      370      509      446      397      234      557      120      276      
3        373      626      102      0        618      623      630      600      135      456      440      550      550      429      314      604      230      177      238      653      269      655      451      235      589      630      251      112      248      727      143      662      251      411      608      517      446      207      527      180      244      
4        706      325      524      618      0        360      422      291      517      169      377      486      138      189      506      64       829      462      625      125      360      87       473      811      129      314      491      513      435      255      474      399      417      384      100      220      344      728      735      555      601      
5        501      38       572      623      360      0        749      69       488      397      635      169      233      374      348      296      853      551      492      485      479      297      225      857      472      51       386      563      578      193      516      737      557      215      453      173      177      807      455      665      466      
6        905      720      533      630      422      749      0        681      614      357      191      824      518      388      725      477      750      462      778      319      409      509      770      710      293      711      673      527      384      677      521      50       385      670      323      577      654      609      999      468      764      
7        523      39       540      600      291      69       681      0        467      332      574      216      164      312      350      226      831      511      494      416      431      230      247      831      403      34       377      529      530      155      482      669      509      207      383      112      161      774      497      624      468      
8        304      492      121      135      517      488      614      467      0        369      425      418      432      336      189      494      365      164      167      572      209      543      320      370      511      497      122      118      242      599      97       637      234      275      525      390      311      332      436      241      159      
9        604      371      359      456      169      397      357      332      369      0        244      468      180      37       406      182      661      294      501      203      191      233      421      642      144      365      372      348      266      371      312      354      248      321      156      223      299      558      667      385      480      
10       720      612      342      440      377      635      191      574      425      244      0        680      424      261      549      413      577      270      590      324      225      458      612      541      267      607      492      335      193      611      330      222      194      516      300      462      510      442      825      285      577      
11       347      203      526      550      486      169      824      216      418      468      680      0        347      435      239      424      770      527      369      605      482      440      98       784      577      216      298      518      575      362      476      822      556      168      565      267      170      751      286      636      347      
12       582      202      469      550      138      233      518      164      432      180      424      347      0        170      384      81       775      421      514      258      325      116      336      765      239      193      381      458      418      196      413      504      398      252      221      81       209      693      599      528      489      
13       566      351      335      429      189      374      388      312      336      37       261      435      170      0        368      189      639      273      464      238      171      242      385      623      181      345      335      323      255      366      285      388      236      286      190      201      266      542      630      371      443      
14       201      364      307      314      506      348      725      350      189      406      549      239      384      368      0        462      530      330      144      596      325      500      141      545      547      372      68       302      396      502      267      737      382      144      549      314      193      519      275      426      118      
15       661      261      516      604      64       296      477      226      494      182      413      424      81       189      462      0        823      460      588      189      359      53       417      809      186      249      454      505      444      202      463      457      425      332      160      161      290      730      680      560      563      
16       529      857      306      230      829      853      750      831      365      661      577      770      775      639      530      823      0        367      420      846      469      875      671      51       780      861      474      318      410      956      361      792      423      639      805      746      677      144      695      294      436      
17       468      544      75       177      462      551      462      511      164      294      270      527      421      273      330      460      367      0        332      483      102      513      437      349      418      544      263      66       79       613      67       490      76       363      440      409      382      272      595      113      323      
18       139      508      279      238      625      492      778      494      167      501      590      369      514      464      144      588      420      332      0        701      369      631      276      445      645      516      133      280      409      645      265      799      401      287      653      450      335      442      289      396      25       
19       797      450      554      653      125      485      319      416      572      203      324      605      258      238      596      189      846      483      701      0        384      204      583      821      65       439      570      543      437      372      511      288      423      488      48       337      453      730      842      557      679      
20       496      466      169      269      360      479      409      431      209      191      225      482      325      171      325      359      469      102      369      384      0        412      403      451      320      465      266      158      99       520      129      429      78       314      340      323      322      371      600      203      354      
21       697      259      568      655      87       297      509      230      543      233      458      440      116      242      500      53       875      513      631      204      412      0        444      862      216      247      497      557      497      169      515      485      478      366      186      190      320      783      706      613      606      
22       276      249      431      451      473      225      770      247      320      421      612      98       336      385      141      417      671      437      276      583      403      444      0        685      545      260      200      424      491      402      382      773      473      99       539      255      129      653      262      543      252      
23       561      859      296      235      811      857      710      831      370      642      541      784      765      623      545      809      51       349      445      821      451      862      685      0        756      862      485      307      384      950      353      752      398      646      781      742      680      100      726      264      459      
24       746      440      489      589      129      472      293      403      511      144      267      577      239      181      547      186      780      418      645      65       320      216      545      756      0        430      516      478      371      384      447      271      357      448      33       311      417      664      800      492      624      
25       537      13       572      630      314      51       711      34       497      365      607      216      193      345      372      249      861      544      516      439      465      247      260      862      430      0        403      562      564      146      515      697      543      231      408      146      187      806      501      658      491      
26       234      396      239      251      491      386      673      377      122      372      492      298      381      335      68       454      474      263      133      570      266      497      200      485      516      403      0        234      331      522      199      688      318      171      522      321      216      454      335      357      110      
27       418      560      11       112      513      563      527      529      118      348      335      518      458      323      302      505      318      66       280      543      158      557      424      307      478      562      234      0        142      643      46       556      142      361      498      435      388      244      555      123      275      
28       545      566      149      248      435      578      384      530      242      266      193      575      418      255      396      444      410      79       409      437      99       497      491      384      371      564      331      142      0        614      144      415      20       407      397      422      418      294      667      121      400      
29       678      159      654      727      255      193      677      155      599      371      611      362      196      366      502      202      956      613      645      372      520      169      402      950      384      146      522      643      614      0        597      654      594      357      355      210      309      883      647      722      619      
30       401      513      57       143      474      516      521      482      97       312      330      476      413      285      267      463      361      67       265      511      129      515      382      353      447      515      199      46       144      597      0        547      137      316      466      389      341      291      529      160      256      
31       922      707      564      662      399      737      50       669      637      354      222      822      504      388      737      457      792      490      799      288      429      485      773      752      271      697      688      556      415      654      547      0        414      673      299      568      654      652      1009     506      783      
32       535      545      150      251      417      557      385      509      234      248      194      556      398      236      382      425      423      76       401      423      78       478      473      398      357      543      318      142      20       594      137      414      0        388      382      401      398      310      654      137      391      
33       332      224      370      411      384      215      670      207      275      321      516      168      252      286      144      332      639      363      287      488      314      366      99       646      448      231      171      361      407      357      316      673      388      0        443      176      48       601      353      474      261      
34       750      419      509      608      100      453      323      383      525      156      300      565      221      190      549      160      805      440      653      48       340      186      539      781      33       408      522      498      397      355      466      299      382      443      0        297      410      691      797      518      631      
35       508      150      446      517      220      173      577      112      390      223      462      267      81       201      314      161      746      409      450      337      323      190      255      742      311      146      321      435      422      210      389      568      401      176      297      0        130      677      518      521      425      
36       379      181      397      446      344      177      654      161      311      299      510      170      209      266      193      290      677      382      335      453      322      320      129      680      417      187      216      388      418      309      341      654      398      48       410      130      0        631      391      495      309      
37       571      804      234      207      728      807      609      774      332      558      442      751      693      542      519      730      144      272      442      730      371      783      653      100      664      806      454      244      294      883      291      652      310      601      691      677      631      0        730      173      450      
38       166      488      557      527      735      455      999      497      436      667      825      286      599      630      275      680      695      595      289      842      600      706      262      726      800      501      335      555      667      647      529      1009     654      353      797      518      391      730      0        677      284      
39       535      657      120      180      555      665      468      624      241      385      285      636      528      371      426      560      294      113      396      557      203      613      543      264      492      658      357      123      121      722      160      506      137      474      518      521      495      173      677      0        395      
40       144      482      276      244      601      466      764      468      159      480      577      347      489      443      118      563      436      323      25       679      354      606      252      459      624      491      110      275      400      619      256      783      391      261      631      425      309      450      284      395      0        
;



Table delta(i,j)                 Distance
         0        1        2        3        4        5        6        7        8        9        10       11       12       13       14       15       16       17       18       19       20       21       22       23       24       25       26       27       28       29       30       31       32       33       34       35       36       37       38       39       40       
0        0        6860     2380     9560     7460     15540    7640     7820     9560     4840     10920    7560     7780     9980     15180    14000    9420     13460    2100     12080    12860    8880     15140    7940     5480     11140    19020    9260     11400    10540    12240    6780     9660     9760     4960     10780    14860    12780    5580     12540    4020     
1        6860     0        247      667      717      469      582      137      268      110      427      554      438      514      440      532      786      343      286      792      790      567      571      225      571      310      728      676      467      838      874      325      568      665      251      432      450      414      619      509      445      
2        2380     247      0        467      481      706      372      274      437      167      437      355      312      538      644      684      591      561      144      701      729      517      736      278      391      507      833      463      572      592      644      354      545      471      250      538      624      520      376      520      299      
3        9560     667      467      0        512      1133     96       603      901      625      485      113      270      977      907      1151     744      866      576      1024     1084     910      1203     526      651      965      877      47       1036     350      252      810      955      26       710      1003     839      666      417      513      654      
4        7460     717      481      512      0        1135     454      753      815      613      833      484      613      705      1123     989      241      1042     448      587      670      572      1052     737      262      899      1257     469      840      291      469      625      633      536      571      818      1096     967      117      899      368      
5        15540    469      706      1133     1135     0        1050     540      331      541      794      1021     887      620      475      363      1136     404      688      989      940      763      341      633      928      248      889      1144     453      1298     1343     546      724      1129     568      440      565      675      1055     855      792      
6        7640     582      372      96       454      1050     0        528      808      533      453      42       221      881      852      1057     676      802      480      938      996      817      1109     459      567      874      864      94       940      349      305      714      861      107      614      907      791      625      349      495      561      
7        7820     137      274      603      753      540      528      0        399      215      293      494      347      649      370      661      859      292      368      909      915      692      695      97       650      428      601      620      604      827      832      458      698      595      374      569      353      283      645      373      537      
8        9560     268      437      901      815      331      808      399      0        275      692      788      696      329      577      265      804      474      378      682      648      448      307      492      597      84       942      900      218      1005     1079     216      420      902      244      185      627      649      745      772      463      
9        4840     110      167      625      613      541      533      215      275      0        476      512      429      447      550      532      675      454      176      694      699      476      580      277      460      341      817      626      438      756      811      252      485      626      159      402      555      499      521      561      335      
10       10920    427      437      485      833      794      453      293      692      476      0        411      234      924      445      954      1001     433      576      1136     1159     939      986      203      819      719      424      521      895      801      738      728      957      467      632      859      363      183      716      85       737      
11       7560     554      355      113      484      1021     42       494      788      512      411      0        179      876      812      1040     701      764      472      950      1004     819      1091     421      580      851      822      126      927      391      342      703      861      115      602      894      751      583      376      453      565      
12       7780     438      312      270      613      887      221      347      696      429      234      179      0        849      637      959      803      596      454      993      1031     826      1004     261      644      748      654      298      867      567      517      661      857      257      557      831      572      404      497      287      590      
13       9980     514      538      977      705      620      881      649      329      447      924      876      849      0        900      325      601      795      404      370      322      162      386      723      444      389      1239     961      177      962      1089     195      108      987      295      180      940      929      681      1009     351      
14       15180    440      644      907      1123     475      852      370      577      550      445      812      637      900      0        773      1221     104      722      1220     1206     988      777      401      1008     547      414      935      789      1179     1154     736      977      893      684      760      100      269      1014     470      885      
15       14000    532      684      1151     989      363      1057     661      265      532      954      1040     959      325      773      0        918      678      594      683      617      486      63       755      739      240      1169     1147     153      1216     1311     369      432      1155     451      170      842      895      941      1032     621      
16       9420     786      591      744      241      1136     676      859      804      675      1001     701      803      601      1221     918      0        1128     499      378      471      443      981      868      216      888      1417     704      764      523      708      591      505      767      577      752      1212     1110     327      1076     350      
17       13460    343      561      866      1042     404      802      292      474      454      433      764      596      795      104      678      1128     0        629      1117     1102     885      686      343      914      447      494      889      688      1116     1107     632      872      853      583      658      166      281      935      476      788      
18       2100     286      144      576      448      688      480      368      378      176      576      472      454      404      722      594      499      629      0        560      585      372      652      400      285      459      958      564      465      628      717      235      402      585      143      434      720      640      368      660      168      
19       12080    792      701      1024     587      989      938      909      682      694      1136     950      993      370      1220     683      378      1117     560      0        97       234      741      957      373      751      1510     993      545      878      1049     485      265      1042     540      551      1242     1191     628      1220     404      
20       12860    790      729      1084     670      940      996      915      648      699      1159     1004     1031     322      1206     617      471      1102     585      97       0        223      672      971      439      711      1516     1056     489      960      1126     470      229      1101     541      500      1235     1198     701      1243     443      
21       8880     567      517      910      572      763      817      692      448      476      939      819      826      162      988      486      443      885      372      234      223      0        549      749      310      520      1293     887      337      845      989      252      62       924      318      334      1014     975      567      1025     256      
22       15140    571      736      1203     1052     341      1109     695      307      580      986      1091     1004     386      777      63       981      686      652      741      672      549      0        791      803      267      1180     1200     216      1276     1368     430      493      1206     509      233      852      917      1002     1062     683      
23       7940     225      278      526      737      633      459      97       492      277      203      421      261      723      401      755      868      343      400      957      971      749      791      0        669      525      558      547      692      777      763      528      762      515      436      656      360      242      623      287      568      
24       5480     571      391      651      262      928      567      650      597      460      819      580      644      444      1008     739      216      914      285      373      439      310      803      669      0        682      1224     620      587      537      690      389      371      670      363      569      1003     911      264      898      135      
25       11140    310      507      965      899      248      874      428      84       341      719      851      748      389      547      240      888      447      459      751      711      520      267      525      682      0        932      967      246      1084     1152     298      487      965      328      222      609      654      827      795      547      
26       19020    728      833      877      1257     889      864      601      942      817      424      822      654      1239     414      1169     1417     494      958      1510     1516     1293     1180     558      1224     932      0        919      1160     1213     1124     1054     1297     854      975      1127     328      318      1140     369      1126     
27       9260     676      463      47       469      1144     94       620      900      626      521      126      298      961      935      1147     704      889      564      993      1056     887      1200     547      620      967      919      0        1027     303      219      799      934      73       701      995      871      699      379      553      630      
28       11400    467      572      1036     840      453      940      604      218      438      895      927      867      177      789      153      764      688      465      545      489      337      216      692      587      246      1160     1027     0        1075     1181     231      285      1042     326      36       844      865      797      977      472      
29       10540    838      592      350      291      1298     349      827      1005     756      801      391      567      962      1179     1216     523      1116     628      878      960      845      1276     777      537      1084     1213     303      1075     0        193      847      904      376      770      1049     1128     969      281      844      611      
30       12240    874      644      252      469      1343     305      832      1079     811      738      342      517      1089     1154     1311     708      1107     717      1049     1126     989      1368     763      690      1152     1124     219      1181     193      0        949      1043     272      860      1151     1090     918      426      763      740      
31       6780     325      354      810      625      546      714      458      216      252      728      703      661      195      736      369      591      632      235      485      470      252      430      528      389      298      1054     799      231      847      949      0        244      817      104      202      765      739      572      814      259      
32       9660     568      545      955      633      724      861      698      420      485      957      861      857      108      977      432      505      872      402      265      229      62       493      762      371      487      1297     934      285      904      1043     244      0        968      326      287      1009     981      624      1042     305      
33       9760     665      471      26       536      1129     107      595      902      626      467      115      257      987      893      1155     767      853      585      1042     1101     924      1206     515      670      965      854      73       1042     376      272      817      968      0        717      1009     823      648      440      491      668      
34       4960     251      250      710      571      568      614      374      244      159      632      602      557      295      684      451      577      583      143      540      541      318      509      436      363      328      975      701      326      770      860      104      326      717      0        293      701      657      503      718      227      
35       10780    432      538      1003     818      440      907      569      185      402      859      894      831      180      760      170      752      658      434      551      500      334      233      656      569      222      1127     995      36       1049     1151     202      287      1009     293      0        813      831      772      942      450      
36       14860    450      624      839      1096     565      791      353      627      555      363      751      572      940      100      842      1212     166      720      1242     1235     1014     852      360      1003     609      328      871      844      1128     1090     765      1009     823      701      813      0        181      983      378      887      
37       12780    414      520      666      967      675      625      283      649      499      183      583      404      929      269      895      1110     281      640      1191     1198     975      917      242      911      654      318      699      865      969      918      739      981      648      657      831      181      0        851      201      809      
38       5580     619      376      417      117      1055     349      645      745      521      716      376      497      681      1014     941      327      935      368      628      701      567      1002     623      264      827      1140     379      797      281      426      572      624      440      503      772      983      851      0        782      330      
39       12540    509      520      513      899      855      495      373      772      561      85       453      287      1009     470      1032     1076     476      660      1220     1243     1025     1062     287      898      795      369      553      977      844      763      814      1042     491      718      942      378      201      782      0        819      
40       4020     445      299      654      368      792      561      537      463      335      737      565      590      351      885      621      350      788      168      404      443      256      683      568      135      547      1126     630      472      611      740      259      305      668      227      450      887      809      330      819      0        
;

