
sets
i        orders          /0*40/
k        routes          /1*40/
p        positions       /0*40/
;

alias(i,j)
alias(i,h)
alias(i,hh)
alias(i,jj)
alias(k,kk)
                
                    Parameters

rho(i)	Processing time
/
0	0
1	45
2	29
3	50
4	50
5	94
6	33
7	77
8	34
9	82
10	38
11	16
12	57
13	49
14	25
15	61
16	20
17	4
18	59
19	78
20	88
21	11
22	25
23	59
24	22
25	63
26	96
27	55
28	20
29	9
30	68
31	17
32	13
33	97
34	80
35	25
36	27
37	75
38	89
39	68
40	52
/

gamma(i)	Duedate
/
0	0
1	13
2	84
3	88
4	19
5	3
6	97
7	98
8	56
9	88
10	85
11	45
12	71
13	3
14	66
15	31
16	89
17	61
18	29
19	92
20	16
21	18
22	92
23	52
24	59
25	88
26	4
27	30
28	3
29	81
30	98
31	66
32	48
33	70
34	36
35	35
36	94
37	90
38	77
39	51
40	99
/

sigma(i)	Size
/
0	0
1	6
2	1
3	4
4	7
5	9
6	5
7	6
8	3
9	8
10	7
11	5
12	4
13	3
14	9
15	4
16	8
17	9
18	4
19	2
20	2
21	3
22	6
23	6
24	3
25	4
26	5
27	9
28	1
29	8
30	6
31	1
32	3
33	8
34	1
35	8
36	2
37	5
38	1
39	8
40	4
/

epsilon(i)	Priority
/
0	0
1	4
2	6
3	7
4	6
5	6
6	5
7	5
8	3
9	6
10	7
11	7
12	5
13	5
14	5
15	3
16	9
17	2
18	1
19	6
20	4
21	4
22	4
23	1
24	8
25	3
26	9
27	7
28	7
29	9
30	7
31	5
32	3
33	4
34	2
35	9
36	9
37	9
38	3
39	2
40	8
/

psi	Vehicle Capacity
/ 29 /
;

Table kappa(i,j)                 Setup
         0        1        2        3        4        5        6        7        8        9        10       11       12       13       14       15       16       17       18       19       20       21       22       23       24       25       26       27       28       29       30       31       32       33       34       35       36       37       38       39       40       
0        0        848      147      224      541      309      598      241      399      746      597      374      686      609      48       460      472      558      224      337      180      421      563      744      715      794      546      82       674      700      624      590      674      538      522      767      232      411      902      440      573      
1        848      0        741      678      459      611      343      614      485      749      484      808      235      240      828      711      606      291      631      552      734      430      300      357      833      226      743      805      343      258      224      404      233      319      699      627      662      476      199      722      528      
2        147      741      0        235      397      300      463      130      267      774      450      449      608      508      166      500      480      460      180      299      35       332      476      694      764      720      590      72       620      568      520      546      594      449      555      770      233      358      821      484      561      
3        224      678      235      0        489      86       502      188      320      541      558      233      486      440      183      264      252      389      87       129      264      255      379      525      529      588      355      241      458      586      458      372      477      359      320      548      16       207      701      249      349      
4        541      459      397      489      0        480      116      318      168      881      72       711      460      313      546      686      607      301      404      425      372      302      350      611      919      558      762      469      543      214      308      521      443      329      715      813      474      404      616      683      615      
5        309      611      300      86       480      0        474      219      314      476      552      233      408      379      269      218      179      330      123      64       325      208      311      439      478      507      305      318      373      546      398      286      401      295      264      470      77       134      621      209      266      
6        598      343      463      502      116      474      0        360      199      824      153      707      362      218      594      660      570      220      425      412      445      271      271      519      873      452      728      535      457      108      208      450      346      256      680      742      486      371      503      661      557      
7        241      614      130      188      318      219      360      0        161      691      383      421      477      379      234      436      392      330      102      195      135      201      345      569      697      590      524      191      494      459      391      425      464      318      483      669      177      238      690      425      456      
8        399      485      267      320      168      314      199      161      0        740      238      543      400      269      395      525      453      231      236      262      253      161      267      527      768      510      605      338      453      301      276      407      383      239      559      688      306      255      594      520      480      
9        746      749      774      541      881      476      824      691      740      0        951      397      525      626      698      286      298      606      600      498      800      582      557      395      108      532      204      780      410      844      643      378      534      568      224      137      541      485      621      307      266      
10       597      484      450      558      72       552      153      383      238      951      0        782      514      368      605      758      679      362      472      497      422      373      412      669      990      606      834      521      604      228      360      587      498      393      787      879      544      476      654      755      684      
11       374      808      449      233      711      233      707      421      543      397      782      0        583      592      327      133      219      547      319      294      483      438      518      555      347      660      193      430      510      775      612      423      580      508      190      459      244      349      775      111      332      
12       686      235      608      486      460      408      362      477      400      525      514      583      0        146      656      478      373      169      461      357      611      276      134      160      603      113      507      661      115      342      154      169      17       163      463      414      472      279      216      491      292      
13       609      240      508      440      313      379      218      379      269      626      368      592      146      0        588      512      410      51       391      317      504      189      76       301      688      248      563      569      240      218      20       247      130      84       516      532      424      246      325      519      367      
14       48       828      166      183      546      269      594      234      395      698      605      327      656      588      0        412      426      536      197      303      201      398      537      706      667      763      498      114      638      692      603      553      645      513      474      721      192      379      872      392      530      
15       460      711      500      264      686      218      660      436      525      286      758      133      478      512      412      0        105      473      336      263      529      390      436      430      264      543      90       498      392      714      532      311      478      432      63       330      268      289      657      22       205      
16       472      606      480      252      607      179      570      392      453      298      679      219      373      410      426      105      0        374      302      200      504      306      334      336      314      442      157      493      291      617      431      207      373      333      109      295      250      203      557      117      116      
17       558      291      460      389      301      330      220      330      231      606      362      547      169      51       536      473      374      0        339      267      458      138      51       311      663      279      529      520      242      243      68       230      152      41       481      521      373      199      366      479      342      
18       224      631      180      87       404      123      425      102      236      600      472      319      461      391      197      336      302      339      0        121      202      201      340      525      599      569      425      210      453      514      407      374      449      315      386      590      75       189      677      324      381      
19       337      552      299      129      425      64       412      195      262      498      497      294      357      317      303      263      200      267      121      0        318      144      252      406      512      461      345      331      336      482      335      254      348      233      300      474      115      78       572      258      263      
20       180      734      35       264      372      325      445      135      253      800      422      483      611      504      201      529      504      458      202      318      0        335      478      704      793      724      619      100      629      551      515      559      597      450      583      791      261      371      822      514      581      
21       421      430      332      255      302      208      271      201      161      582      373      438      276      189      398      390      306      138      201      144      335      0        144      378      617      389      462      387      303      338      206      248      262      118      414      526      239      102      489      390      319      
22       563      300      476      379      350      311      271      345      267      557      412      518      134      76       537      436      334      51       340      252      478      144      0        264      615      247      487      532      193      289      96       179      119      28       439      470      364      177      344      443      294      
23       744      357      694      525      611      439      519      569      527      395      669      555      160      301      706      430      336      311      525      406      704      378      264      0        487      136      430      735      75       502      312      153      175      289      395      270      514      337      235      448      224      
24       715      833      764      529      919      478      873      697      768      108      990      347      603      688      667      264      314      663      599      512      793      617      615      487      0        623      174      760      490      905      707      444      610      622      213      242      532      515      718      280      321      
25       794      226      720      588      558      507      452      590      510      532      606      660      113      248      763      543      442      279      569      461      724      389      247      136      623      0        556      772      151      411      250      236      128      276      517      404      575      383      115      559      342      
26       546      743      590      355      762      305      728      524      605      204      834      193      507      563      498      90       157      529      425      345      619      462      487      430      174      556      0        587      408      773      583      338      510      488      48       274      358      359      665      107      216      
27       82       805      72       241      469      318      535      191      338      780      521      430      661      569      114      498      493      520      210      331      100      387      532      735      760      772      587      0        663      639      582      584      648      505      557      788      243      398      876      480      585      
28       674      343      620      458      543      373      457      494      453      410      604      510      115      240      638      392      291      242      453      336      629      303      193      75       490      151      408      663      0        451      253      89       126      218      367      299      446      264      265      408      192      
29       700      258      568      586      214      546      108      459      301      844      228      775      342      218      692      714      617      243      514      482      551      338      289      502      905      411      773      639      451      0        201      465      328      284      725      748      570      428      438      717      584      
30       624      224      520      458      308      398      208      391      276      643      360      612      154      20       603      532      431      68       407      335      515      206      96       312      707      250      583      582      253      201      0        265      137      104      536      547      442      265      320      539      385      
31       590      404      546      372      521      286      450      425      407      378      587      423      169      247      553      311      207      230      374      254      559      248      179      153      444      236      338      584      89       465      265      0        172      195      294      292      360      188      351      325      125      
32       674      233      594      477      443      401      346      464      383      534      498      580      17       130      645      478      373      152      449      348      597      262      119      175      610      128      510      648      126      328      137      172      0        148      465      425      463      270      228      490      296      
33       538      319      449      359      329      295      256      318      239      568      393      508      163      84       513      432      333      41       315      233      450      118      28       289      622      276      488      505      218      284      104      195      148      0        440      487      343      162      372      438      303      
34       522      699      555      320      715      264      680      483      559      224      787      190      463      516      474      63       109      481      386      300      583      414      439      395      213      517      48       557      367      725      536      294      465      440      0        269      322      312      628      85       175      
35       767      627      770      548      813      470      742      669      688      137      879      459      414      532      721      330      295      521      590      474      791      526      470      270      242      404      274      788      299      748      547      292      425      487      269      0        544      440      487      352      213      
36       232      662      233      16       474      77       486      177      306      541      544      244      472      424      192      268      250      373      75       115      261      239      364      514      532      575      358      243      446      570      442      360      463      343      322      544      0        193      687      254      343      
37       411      476      358      207      404      134      371      238      255      485      476      349      279      246      379      289      203      199      189      78       371      102      177      337      515      383      359      398      264      428      265      188      270      162      312      440      193      0        494      290      228      
38       902      199      821      701      616      621      503      690      594      621      654      775      216      325      872      657      557      366      677      572      822      489      344      235      718      115      665      876      265      438      320      351      228      372      628      487      687      494      0        673      453      
39       440      722      484      249      683      209      661      425      520      307      755      111      491      519      392      22       117      479      324      258      514      390      443      448      280      559      107      480      408      717      539      325      490      438      85       352      254      290      673      0        224      
40       573      528      561      349      615      266      557      456      480      266      684      332      292      367      530      205      116      342      381      263      581      319      294      224      321      342      216      585      192      584      385      125      296      303      175      213      343      228      453      224      0        
;



Table delta(i,j)                 Distance
         0        1        2        3        4        5        6        7        8        9        10       11       12       13       14       15       16       17       18       19       20       21       22       23       24       25       26       27       28       29       30       31       32       33       34       35       36       37       38       39       40       
0        0        18180    13040    13380    13620    13640    9320     3000     2100     17000    7100     16640    7000     11640    900      12040    6740     5140     12820    14520    3980     20060    12380    7420     11460    13680    8660     15200    18900    16340    9080     21480    10120    14260    7960     20300    15920    16560    6140     21360    18960    
1        18180    0        521      372      738      292      833      858      925      263      681      191      569      497      869      1067     1027     1027     268      282      972      712      353      606      483      328      540      362      472      121      558      204      403      317      891      654      730      962      687      184      548      
2        13040    521      0        153      219      243      864      694      608      300      302      601      361      85       632      563      923      875      399      580      809      373      210      286      105      582      240      176      879      519      204      725      383      602      868      369      245      450      622      704      295      
3        13380    372      153      0        372      90       792      677      648      189      355      448      331      129      639      698      893      860      258      436      796      462      79       303      121      444      236      94       731      365      228      576      279      460      811      434      389      604      565      556      334      
4        13620    738      219      372      0        461      992      765      607      502      342      818      484      272      674      386      995      930      608      789      867      350      422      379      292      786      371      382      1090     737      323      941      566      808      977      388      120      235      744      919      374      
5        13640    292      243      90       461      0        748      669      675      173      401      358      332      205      648      775      875      851      178      350      789      535      67       335      191      362      266      142      642      276      274      496      233      376      778      500      478      693      537      477      394      
6        9320     833      864      792      992      748      0        315      567      913      661      673      511      778      432      1039     271      335      604      559      328      1236     714      613      760      509      631      881      632      713      677      922      516      527      95       1221     1083     1194     248      927      1126     
7        3000     858      694      677      765      669      315      0        252      843      423      753      346      614      119      739      231      183      591      641      119      1062     614      409      601      594      457      771      828      754      490      1004     460      621      251      1064     872      937      190      1001     985      
8        2100     925      608      648      607      675      567      252      0        835      306      868      356      546      135      498      440      355      662      769      302      942      609      345      541      731      413      735      1009     842      422      1102     529      760      503      960      725      737      385      1092     902      
9        17000    263      300      189      502      173      913      843      835      0        544      412      503      311      817      863      1049     1025     315      449      963      451      231      490      308      477      422      123      710      318      417      453      402      483      947      398      475      713      709      428      289      
10       7100     681      302      355      342      401      661      423      306      544      0        676      184      242      340      441      654      593      449      604      529      648      334      83       240      581      141      435      890      624      128      876      342      609      638      660      449      533      415      862      596      
11       16640    191      601      448      818      358      673      753      868      412      676      0        524      551      788      1100     893      906      228      116      858      860      397      593      533      166      538      476      297      93       570      254      344      145      742      810      836      1051     568      255      701      
12       7000     569      361      331      484      332      511      346      356      503      184      524      0        276      315      623      567      529      308      438      465      734      272      110      260      409      121      425      713      489      165      748      180      437      507      728      572      699      264      738      643      
13       11640    497      85       129      272      205      778      614      546      311      242      551      276      0        558      571      841      796      336      517      731      459      153      211      21       514      158      195      818      475      128      701      303      536      783      451      322      507      537      681      371      
14       900      869      632      639      674      648      432      119      135      817      340      788      315      558      0        622      328      256      601      682      193      989      586      347      548      639      406      731      900      775      430      1032     465      668      370      997      787      832      262      1026     927      
15       12040    1067     563      698      386      775      1039     739      498      863      441      1100     623      571      622      0        938      851      872      1039     800      707      717      523      583      1020     566      739      1330     1036     530      1271     780      1047     989      759      482      336      814      1252     760      
16       6740     1027     923      893      995      875      271      231      440      1049     654      893      567      841      328      938      0        93       770      776      138      1292     825      639      826      726      683      987      896      913      719      1147     651      749      176      1292     1103     1160     344      1148     1211     
17       5140     1027     875      860      930      851      335      183      355      1025     593      906      529      796      256      851      93       0        763      791      65       1239     797      588      783      742      639      954      939      917      670      1160     636      767      241      1244     1042     1085     341      1159     1167     
18       12820    268      399      258      608      178      604      591      662      315      449      228      308      336      601      872      770      763      0        181      706      713      189      367      316      185      310      319      481      180      342      439      135      203      648      677      643      843      426      430      570      
19       14520    282      580      436      789      350      559      641      769      449      604      116      438      517      682      1039     776      791      181      0        743      879      370      520      497      50       473      485      300      161      511      370      262      36       626      837      824      1025     453      372      728      
20       3980     972      809      796      867      789      328      119      302      963      529      858      465      731      193      800      138      65       706      743      0        1174     734      523      718      695      574      890      907      864      605      1111     578      721      240      1178     977      1025     290      1109     1102     
21       20060    712      373      462      350      535      1236     1062     942      451      648      860      734      459      989      707      1292     1239     713      879      1174     0        540      653      477      897      613      395      1157     767      574      886      738      909      1242     73       233      413      996      860      165      
22       12380    353      210      79       422      67       714      614      609      231      334      397      272      153      586      717      825      797      189      370      734      540      0        268      136      373      199      166      669      322      207      555      200      392      737      513      454      657      492      538      413      
23       7420     606      286      303      379      335      613      409      345      490      83       593      110      211      347      523      639      588      367      520      523      653      268      0        201      497      69       391      807      544      83       798      258      525      600      655      474      589      364      784      580      
24       11460    483      105      121      292      191      760      601      541      308      240      533      260      21       548      583      826      783      316      497      718      477      136      201      0        494      144      195      798      459      119      687      281      515      765      467      343      527      519      668      384      
25       13680    328      582      444      786      362      509      594      731      477      581      166      409      514      639      1020     726      742      185      50       695      897      373      497      494      0        455      502      311      207      496      420      240      29       575      857      828      1021     406      422      749      
26       8660     540      240      236      371      266      631      457      413      422      141      538      121      158      406      566      683      639      310      473      574      613      199      69       144      455      0        326      766      483      48       734      216      481      629      609      452      594      385      720      528      
27       15200    362      176      94       382      142      881      771      735      123      435      476      425      195      731      739      987      954      319      485      890      395      166      391      195      502      326      0        770      386      312      562      365      514      903      357      369      600      658      539      252      
28       18900    472      879      731      1090     642      632      828      1009     710      890      297      713      818      900      1330     896      939      481      300      907      1157     669      807      798      311      766      770      0        391      808      412      551      285      722      1108     1121     1325     641      433      998      
29       16340    121      519      365      737      276      713      754      842      318      624      93       489      475      775      1036     913      917      180      161      864      767      322      544      459      207      483      386      391      0        510      259      312      197      773      716      749      969      576      251      607      
30       9080     558      204      228      323      274      677      490      422      417      128      570      165      128      430      530      719      670      342      511      605      574      207      83       119      496      48       312      808      510      0        757      259      522      672      573      406      546      430      741      498      
31       21480    204      725      576      941      496      922      1004     1102     453      876      254      748      701      1032     1271     1147     1160     439      370      1111     886      555      798      687      420      734      562      412      259      757      0        572      397      994      822      928      1162     821      27       721      
32       10120    403      383      279      566      233      516      460      529      402      342      344      180      303      465      780      651      636      135      262      578      738      200      258      281      240      216      365      551      312      259      572      0        267      545      714      625      798      308      563      614      
33       14260    317      602      460      808      376      527      621      760      483      609      145      437      536      668      1047     749      767      203      36       721      909      392      525      515      29       481      514      285      197      522      397      267      0        596      867      846      1043     433      401      759      
34       7960     891      868      811      977      778      95       251      503      947      638      742      507      783      370      989      176      241      648      626      240      1242     737      600      765      575      629      903      722      773      672      994      545      596      0        1232     1074     1167     246      997      1141     
35       20300    654      369      434      388      500      1221     1064     960      398      660      810      728      451      997      759      1292     1244     677      837      1178     73       513      655      467      857      609      357      1108     716      573      822      714      867      1232     0        278      478      985      795      109      
36       15920    730      245      389      120      478      1083     872      725      475      449      836      572      322      787      482      1103     1042     643      824      977      233      454      474      343      828      452      369      1121     749      406      928      625      846      1074     278      0        240      836      904      285      
37       16560    962      450      604      235      693      1194     937      737      713      533      1051     699      507      832      336      1160     1085     843      1025     1025     413      657      589      527      1021     594      600      1325     969      546      1162     798      1043     1167     478      240      0        948      1139     515      
38       6140     687      622      565      744      537      248      190      385      709      415      568      264      537      262      814      344      341      426      453      290      996      492      364      519      406      385      658      641      576      430      821      308      433      246      985      836      948      0        819      894      
39       21360    184      704      556      919      477      927      1001     1092     428      862      255      738      681      1026     1252     1148     1159     430      372      1109     860      538      784      668      422      720      539      433      251      741      27       563      401      997      795      904      1139     819      0        695      
40       18960    548      295      334      374      394      1126     985      902      289      596      701      643      371      927      760      1211     1167     570      728      1102     165      413      580      384      749      528      252      998      607      498      721      614      759      1141     109      285      515      894      695      0        
;

