
sets
i        orders          /0*40/
k        routes          /1*40/
p        positions       /0*40/
;

alias(i,j)
alias(i,h)
alias(i,hh)
alias(i,jj)
alias(k,kk)
                
                    Parameters

rho(i)	Processing time
/
0	0
1	9
2	75
3	11
4	30
5	67
6	64
7	97
8	92
9	47
10	66
11	54
12	81
13	66
14	81
15	53
16	35
17	82
18	69
19	78
20	78
21	30
22	48
23	47
24	49
25	5
26	22
27	98
28	50
29	77
30	25
31	67
32	91
33	58
34	52
35	89
36	30
37	26
38	11
39	25
40	57
/

gamma(i)	Duedate
/
0	0
1	36
2	32
3	27
4	62
5	13
6	2
7	81
8	89
9	88
10	21
11	84
12	38
13	82
14	24
15	55
16	52
17	94
18	3
19	27
20	45
21	51
22	54
23	71
24	59
25	90
26	87
27	85
28	4
29	11
30	62
31	38
32	53
33	55
34	31
35	83
36	52
37	45
38	18
39	75
40	35
/

sigma(i)	Size
/
0	0
1	8
2	3
3	4
4	3
5	2
6	4
7	5
8	9
9	8
10	8
11	7
12	4
13	2
14	2
15	4
16	1
17	5
18	4
19	6
20	8
21	6
22	7
23	2
24	6
25	5
26	2
27	8
28	2
29	3
30	1
31	6
32	4
33	3
34	7
35	2
36	9
37	8
38	5
39	3
40	9
/

epsilon(i)	Priority
/
0	0
1	8
2	4
3	9
4	5
5	6
6	2
7	6
8	7
9	2
10	3
11	5
12	3
13	4
14	9
15	1
16	9
17	2
18	8
19	4
20	4
21	8
22	8
23	2
24	2
25	3
26	9
27	8
28	1
29	1
30	9
31	6
32	9
33	2
34	4
35	5
36	8
37	9
38	3
39	2
40	9
/

psi	Vehicle Capacity
/ 39 /
;

Table kappa(i,j)                 Setup
         0        1        2        3        4        5        6        7        8        9        10       11       12       13       14       15       16       17       18       19       20       21       22       23       24       25       26       27       28       29       30       31       32       33       34       35       36       37       38       39       40       
0        0        71       67       33       179      165      285      240      155      225      210      277      55       367      212      266      178      44       280      249      133      106      262      181      215      154      338      62       106      215      171      338      355      217      98       173      130      326      116      312      275      
1        71       0        5        51       212      132      330      293      137      211      197      331      41       347      241      281      234      112      340      305      93       117      273      227      225      110      302      105      160      177      199      360      321      264      79       156      141      389      172      377      249      
2        67       5        0        50       207      129      325      288      133      207      193      326      36       345      236      277      229      107      335      300      91       113      269      222      221      109      300      100      155      176      194      355      320      259      75       153      137      384      167      372      247      
3        33       51       50       0        209      170      318      274      166      239      224      311      58       381      241      291      212      77       313      283      134      127      287      213      238      153      344      92       139      219      199      366      362      250      107      186      152      359      149      345      285      
4        179      212      207      209      0        164      122      109      131      138      129      141      170      255      33       99       82       151      168      126      174      98       104      47       72       184      273      117      86       192      16       160      279      70       146      129      80       225      86       224      197      
5        165      132      129      170      164      0        283      272      32       87       76       305      112      216      178      187      228      178      329      288      39       89       173      203      133      29       174      136      173      50       147      267      192      234      66       41       90       385      184      382      117      
6        285      330      325      318      122      283      0        63       250      236      232      53       288      309      104      136      115      247      95       71       296      219      153      104      161      305      356      227      179      303      138      126      356      68       268      245      202      142      170      153      285      
7        240      293      288      274      109      272      63       0        239      244      237      37       253      342      110      166      62       199      59       17       276      195      181      70       171      290      375      188      134      302      125      181      379      39       243      239      183      115      124      118      300      
8        155      137      133      166      131      32       250      239      0        74       60       272      107      214      146      159      197      160      297      256      54       63       147      170      104      56       186      116      145      71       114      240      201      201      59       19       59       353      156      350      120      
9        225      211      207      239      138      87       236      244      74       0        15       271      181      142      135      115      219      223      304      262      123      122      98       185      75       116      135      177      189      75       125      191      145      206      133      54       104      360      197      362      59       
10       210      197      193      224      129      76       232      237      60       15       0        265      166      158      130      117      209      208      296      255      111      107      101      176      71       105      147      162      176      73       115      196      158      198      119      40       89       353      184      354      72       
11       277      331      326      311      141      305      53       37       272      271      265      0        291      358      135      182      99       235      42       30       312      231      198      106      196      324      398      226      172      333      157      179      400      71       279      270      218      92       161      101      325      
12       55       41       36       58       170      112      288      253      107      181      166      291      0        322      200      242      195      84       301      266      78       77       235      186      187      98       286      66       121      161      158      320      304      223      48       127      101      352      133      341      226      
13       367      347      345      381      255      216      309      342      214      142      158      358      322      0        237      176      337      365      398      359      255      264      161      300      183      241      92       319      324      177      247      206      74       308      274      195      245      450      330      458      99       
14       212      241      236      241      33       178      104      110      146      135      130      135      200      237      0        70       101      184      169      127      194      124      78       65       61       202      265      149      118      199      41       127      269      72       171      140      103      225      117      228      190      
15       266      281      277      291      99       187      136      166      159      115      117      182      242      176      70       0        171      244      221      183      214      165      18       135      56       215      221      205      184      190      99       81       220      134      204      146      140      274      185      282      153      
16       178      234      229      212      82       228      115      62       197      219      209      99       195      337      101      171      0        137      106      71       227      144      180      36       155      242      354      129      74       265      94       210      362      49       190      201      138      159      62       153      278      
17       44       112      107      77       151      178      247      199      160      223      208      235      84       365      184      244      137      0        236      207      153      101      244      144      198      174      346      46       69       227      145      311      361      178      113      176      120      282      76       268      278      
18       280      340      335      313      168      329      95       59       297      304      296      42       301      398      169      221      106      236      0        41       332      249      237      126      230      346      434      235      180      361      184      221      437      98       296      297      240      56       168      60       359      
19       249      305      300      283      126      288      71       17       256      262      255      30       266      359      127      183      71       207      41       0        292      210      198      85       189      305      393      200      145      319      142      193      396      56       258      256      199      98       134      100      318      
20       133      93       91       134      174      39       296      276      54       123      111      312      78       255      194      214      227      153      332      292      0        82       202      206      158      21       210      117      162      85       158      295      228      240      41       71       94       386      175      380      156      
21       106      117      113      127      98       89       219      195      63       122      107      231      77       264      124      165      144      101      249      210      82       0        159      125      111      98       247      55       84       134      83       242      261      160      49       76       24       304      95       298      177      
22       262      273      269      287      104      173      153      181      147      98       101      198      235      161      78       18       180      244      237      198      202      159      0        144      48       202      203      202      186      173      101      94       203      147      195      132      134      290      188      297      135      
23       181      227      222      213      47       203      104      70       170      185      176      106      186      300      65       135      36       144      126      85       206      125      144      0        119      220      320      123      75       236      60       180      326      36       173      172      113      182      68       180      244      
24       215      225      221      238      72       133      161      171      104      75       71       196      187      183      61       56       155      198      230      189      158      111      48       119      0        160      203      155      146      144      64       137      208      133      147      92       86       286      150      289      128      
25       154      110      109      153      184      29       305      290      56       116      105      324      98       241      202      215      242      174      346      305      21       98       202      220      160      0        191      137      180      67       168      296      211      253      61       69       106      401      193      396      142      
26       338      302      300      344      273      174      356      375      186      135      147      398      286      92       265      221      354      346      434      393      210      247      203      320      203      191      0        301      323      125      260      274      22       337      240      170      234      489      331      493      76       
27       62       105      100      92       117      136      227      188      116      177      162      226      66       319      149      205      129      46       235      200      117      55       202      123      155      137      301      0        55       185      108      276      316      160      76       131      74       285      67       275      232      
28       106      160      155      139      86       173      179      134      145      189      176      172      121      324      118      184      74       69       180      145      162      84       186      75       146      180      323      55       0        217      85       245      334      110      123      155      89       230      12       221      249      
29       215      177      176      219      192      50       303      302      71       75       73       333      161      177      199      190      265      227      361      319      85       134      173      236      144      67       125      185      217      0        176      266      144      263      116      64       129      417      227      416      78       
30       171      199      194      199      16       147      138      125      114      125      115      157      158      247      41       99       94       145      184      142      158      83       101      60       64       168      260      108      85       176      0        167      267      86       131      113      64       241      87       240      184      
31       338      360      355      366      160      267      126      181      240      191      196      179      320      206      127      81       210      311      221      193      295      242      94       180      137      296      274      276      245      266      167      0        268      162      283      226      218      265      243      279      218      
32       355      321      320      362      279      192      356      379      201      145      158      400      304      74       269      220      362      361      437      396      228      261      203      326      208      211      22       316      334      144      267      268      0        341      257      185      247      492      342      497      85       
33       217      264      259      250      70       234      68       39       201      206      198      71       223      308      72       134      49       178      98       56       240      160      147      36       133      253      337      160      110      263      86       162      341      0        209      200      146      155      101      156      262      
34       98       79       75       107      146      66       268      243      59       133      119      279      48       274      171      204      190      113      296      258      41       49       195      173      147      61       240      76       123      116      131      283      257      209      0        79       68       350      135      343      178      
35       173      156      153      186      129      41       245      239      19       54       40       270      127      195      140      146      201      176      297      256      71       76       132      172      92       69       170      131      155      64       113      226      185      200      79       0        66       354      165      352      102      
36       130      141      137      152      80       90       202      183      59       104      89       218      101      245      103      140      138      120      240      199      94       24       134      113      86       106      234      74       89       129      64       218      247      146      68       66       0        295      99       291      161      
37       326      389      384      359      225      385      142      115      353      360      353      92       352      450      225      274      159      282      56       98       386      304      290      182      286      401      489      285      230      417      241      265      492      155      350      354      295      0        218      24       415      
38       116      172      167      149      86       184      170      124      156      197      184      161      133      330      117      185      62       76       168      134      175      95       188      68       150      193      331      67       12       227      87       243      342      101      135      165      99       218      0        208      257      
39       312      377      372      345      224      382      153      118      350      362      354      101      341      458      228      282      153      268      60       100      380      298      297      180      289      396      493      275      221      416      240      279      497      156      343      352      291      24       208      0        418      
40       275      249      247      285      197      117      285      300      120      59       72       325      226      99       190      153      278      278      359      318      156      177      135      244      128      142      76       232      249      78       184      218      85       262      178      102      161      415      257      418      0        
;



Table delta(i,j)                 Distance
         0        1        2        3        4        5        6        7        8        9        10       11       12       13       14       15       16       17       18       19       20       21       22       23       24       25       26       27       28       29       30       31       32       33       34       35       36       37       38       39       40       
0        0        5760     4270     9240     8640     4010     8350     4480     5750     5770     9360     2520     4430     9220     4630     9970     11650    10540    7890     6060     1690     7510     6300     7090     2540     10700    5590     4960     5930     8740     6080     6290     3920     9670     9740     7480     7280     1480     9570     8510     90       
1        5760     0        259      401      962      532      696      168      517      744      991      366      941      402      262      574      626      988      432      371      520      720      129      757      661      502      628      364      697      299      150      403      498      461      729      321      173      724      678      568      581      
2        4270     259      0        660      1064     273      871      278      642      803      1111     330      856      661      387      826      879      1152     662      548      452      857      236      866      604      740      715      132      777      506      203      582      543      720      941      320      344      563      898      784      435      
3        9240     401      660      0        966      933      603      477      585      854      960      677      1201     7        476      246      241      869      280      417      817      704      462      784      924      212      723      754      783      284      500      424      688      66       532      590      384      1069     466      403      927      
4        8640     962      1064     966      0        1213     377      817      444      287      87       750      697      959      705      814      1135     296      686      606      706      263      1090     204      625      1179     348      1192     288      1154     1102     581      525      951      531      1281     1116     906      580      579      858      
5        4010     532      273      933      1213     0        1086     520      835      931      1273     470      835      934      611      1093     1151     1349     919      780      519      1044     495      1031     648      1005     874      209      926      763      457      813      692      993      1180     505      600      482      1143     1028     411      
6        8350     696      871      603      377      1086     0        593      261      395      357      628      867      596      484      437      759      292      329      328      667      145      824      246      669      814      309      1003     323      824      846      294      443      580      180      1013     821      932      212      204      831      
7        4480     168      278      477      817      520      593      0        378      584      854      211      780      476      114      585      718      878      399      269      364      591      283      614      498      625      474      409      542      453      288      303      332      524      665      468      341      595      624      509      451      
8        5750     517      642      585      444      835      261      378      0        269      477      370      669      579      264      523      799      515      326      175      408      215      645      240      432      793      137      773      201      725      659      161      187      591      404      837      673      678      399      310      572      
9        5770     744      803      854      287      931      395      584      269      0        360      477      478      848      481      772      1063     508      589      443      418      254      866      166      342      1062     131      927      76       982      871      431      259      858      575      1051     912      625      596      539      570      
10       9360     991      1111     960      87       1273     357      854      477      360      0        806      784      953      741      789      1114     217      681      626      773      272      1120     245      702      1171     400      1241     348      1165     1135     598      581      938      491      1312     1138     984      546      562      929      
11       2520     366      330      677      750      470      628      211      370      477      806      0        575      675      211      746      919      881      540      361      154      575      455      562      298      835      405      450      461      662      446      388      224      717      747      616      535      393      723      612      253      
12       4430     941      856      1201     697      835      867      780      669      478      784      575      0        1197     733      1189     1436     971      983      798      422      732      1027     644      282      1385     563      938      544      1234     1014     804      516      1225     1043     1172     1111     361      1055     978      434      
13       9220     402      661      7        959      934      596      476      579      848      953      675      1197     0        473      239      244      861      273      411      814      697      464      778      920      219      717      756      777      290      503      418      683      62       524      595      388      1067     458      396      925      
14       4630     262      387      476      705      611      484      114      264      481      741      211      733      473      0        535      717      765      331      169      341      476      387      501      451      652      366      519      434      517      397      202      243      511      569      577      431      602      535      420      465      
15       9970     574      826      246      814      1093     437      585      523      772      789      746      1189     239      535      0        325      662      211      402      860      567      666      662      932      418      649      938      696      528      702      388      679      190      315      819      607      1131     251      239      998      
16       11650    626      879      241      1135     1151     759      718      799      1063     1114     919      1436     244      717      325      0        985      474      641      1058     881      661      972      1161     185      934      959      989      418      700      642      920      210      638      748      565      1311     575      556      1168     
17       10540    988      1152     869      296      1349     292      878      515      508      217      881      971      861      765      662      985      0        609      617      885      307      1116     349      844      1071     495      1284     467      1109     1137     584      669      834      347      1306     1113     1125     411      468      1049     
18       7890     432      662      280      686      919      329      399      326      589      681      540      983      273      331      211      474      609      0        190      649      423      547      505      722      493      460      785      515      499      577      179      469      271      304      725      519      921      247      146      790      
19       6060     371      548      417      606      780      328      269      175      443      626      361      798      411      169      402      641      617      190      0        459      353      500      405      533      620      311      679      376      551      520      34       282      431      400      692      512      734      366      253      605      
20       1690     520      452      817      706      519      667      364      408      418      773      154      422      814      341      860      1058     885      649      459      0        581      605      542      152      984      390      555      428      816      593      479      223      853      811      757      689      275      798      695      165      
21       7510     720      857      704      263      1044     145      591      215      254      272      575      732      697      476      567      881      307      423      353      581      0        850      100      557      917      195      989      188      894      866      325      363      691      325      1042     865      832      356      327      746      
22       6300     129      236      462      1090     495      824      283      645      866      1120     455      1027     464      387      666      661      1116     547      500      605      850      0        885      753      509      754      298      822      270      39       532      614      526      849      191      107      775      795      688      637      
23       7090     757      866      784      204      1031     246      614      240      166      245      562      644      778      501      662      972      349      505      405      542      100      885      0        495      997      156      996      117      956      898      382      339      776      425      1076     912      775      457      422      704      
24       2540     661      604      924      625      648      669      498      432      342      702      298      282      920      451      932      1161     844      722      533      152      557      753      495      0        1104     364      703      377      952      743      544      254      952      832      908      832      282      831      740      246      
25       10700    502      740      212      1179     1005     814      625      793      1062     1171     835      1385     219      652      418      185      1071     493      620      984      917      509      997      1104     0        931      805      993      247      547      631      880      236      727      572      406      1218     661      611      1074     
26       5590     628      715      723      348      874      309      474      137      131      400      405      563      717      366      649      934      495      460      311      390      195      754      156      364      931      0        844      68       855      762      299      182      728      481      942      792      637      492      422      554      
27       4960     364      132      754      1192     209      1003     409      773      927      1241     450      938      756      519      938      959      1284     785      679      555      989      298      996      703      805      844      0        905      560      259      713      669      817      1070     297      399      616      1025     911      505      
28       5930     697      777      783      288      926      323      542      201      76       348      461      544      777      434      696      989      467      515      376      428      188      822      117      377      993      68       905      0        923      830      362      237      785      502      1010     861      658      521      463      588      
29       8740     299      506      284      1154     763      824      453      725      982      1165     662      1234     290      517      528      418      1109     499      551      816      894      270      956      952      247      855      560      923      0        306      573      761      347      791      329      163      1022     727      643      879      
30       6080     150      203      500      1102     457      846      288      659      871      1135     446      1014     503      397      702      700      1137     577      520      593      866      39       898      743      547      762      259      830      306      0        553      617      564      877      179      143      752      824      716      615      
31       6290     403      582      424      581      813      294      303      161      431      598      388      804      418      202      388      642      584      179      34       479      325      532      382      544      631      299      713      362      573      553      0        290      433      367      723      541      754      336      224      628      
32       3920     498      543      688      525      692      443      332      187      259      581      224      516      683      243      679      920      669      469      282      223      363      614      339      254      880      182      669      237      761      617      290      0        709      592      796      670      491      584      488      388      
33       9670     461      720      66       951      993      580      524      591      858      938      717      1225     62       511      190      210      834      271      431      853      691      526      776      952      236      728      817      785      347      564      433      709      0        492      656      450      1110     425      377      969      
34       9740     729      941      532      531      1180     180      665      404      575      491      747      1043     524      569      315      638      347      304      400      811      325      849      425      832      727      481      1070     502      791      877      367      592      492      0        1029     823      1083     66       161      972      
35       7480     321      320      590      1281     505      1013     468      837      1051     1312     616      1172     595      577      819      748      1306     725      692      757      1042     191      1076     908      572      942      297      1010     329      179      723      796      656      1029     0        211      884      972      869      756      
36       7280     173      344      384      1116     600      821      341      673      912      1138     535      1111     388      431      607      565      1113     519      512      689      865      107      912      832      406      792      399      861      163      143      541      670      450      823      211      0        875      765      665      734      
37       1480     724      563      1069     906      482      932      595      678      625      984      393      361      1067     602      1131     1311     1125     921      734      275      832      775      775      282      1218     637      616      658      1022     752      754      491      1110     1083     884      875      0        1072     970      143      
38       9570     678      898      466      580      1143     212      624      399      596      546      723      1055     458      535      251      575      411      247      366      798      356      795      457      831      661      492      1025     521      727      824      336      584      425      66       972      765      1072     0        115      956      
39       8510     568      784      403      579      1028     204      509      310      539      562      612      978      396      420      239      556      468      146      253      695      327      688      422      740      611      422      911      463      643      716      224      488      377      161      869      665      970      115      0        849      
40       90       581      435      927      858      411      831      451      572      570      929      253      434      925      465      998      1168     1049     790      605      165      746      637      704      246      1074     554      505      588      879      615      628      388      969      972      756      734      143      956      849      0        
;

