
sets
i        orders          /0*40/
k        routes          /1*40/
p        positions       /0*40/
;

alias(i,j)
alias(i,h)
alias(i,hh)
alias(i,jj)
alias(k,kk)
                
                    Parameters

rho(i)	Processing time
/
0	0
1	41
2	78
3	74
4	13
5	76
6	53
7	6
8	25
9	46
10	23
11	23
12	46
13	65
14	79
15	99
16	33
17	45
18	31
19	14
20	14
21	86
22	76
23	15
24	22
25	68
26	90
27	92
28	60
29	43
30	32
31	10
32	42
33	92
34	41
35	27
36	22
37	33
38	36
39	34
40	75
/

gamma(i)	Duedate
/
0	0
1	66
2	22
3	37
4	7
5	23
6	24
7	87
8	7
9	56
10	97
11	38
12	35
13	36
14	46
15	61
16	70
17	78
18	25
19	44
20	1
21	66
22	10
23	69
24	43
25	73
26	95
27	96
28	46
29	5
30	28
31	46
32	33
33	10
34	91
35	13
36	54
37	88
38	90
39	14
40	75
/

sigma(i)	Size
/
0	0
1	9
2	7
3	7
4	1
5	5
6	4
7	6
8	7
9	8
10	6
11	8
12	3
13	3
14	6
15	7
16	4
17	4
18	6
19	5
20	7
21	6
22	5
23	3
24	2
25	3
26	3
27	7
28	1
29	4
30	5
31	5
32	5
33	4
34	6
35	6
36	9
37	8
38	8
39	7
40	5
/

epsilon(i)	Priority
/
0	0
1	7
2	8
3	2
4	9
5	5
6	7
7	3
8	9
9	4
10	2
11	1
12	8
13	1
14	3
15	1
16	8
17	4
18	2
19	2
20	5
21	5
22	6
23	3
24	9
25	9
26	9
27	3
28	5
29	3
30	6
31	4
32	9
33	1
34	2
35	8
36	9
37	7
38	2
39	2
40	8
/

psi	Vehicle Capacity
/ 18 /
;

Table kappa(i,j)                 Setup
         0        1        2        3        4        5        6        7        8        9        10       11       12       13       14       15       16       17       18       19       20       21       22       23       24       25       26       27       28       29       30       31       32       33       34       35       36       37       38       39       40       
0        0        298      189      376      44       25       399      85       113      107      31       162      304      216      20       226      396      202      399      234      177      171      162      339      196      171      337      226      315      151      333      324      187      349      368      160      11       246      260      351      202      
1        298      0        298      325      296      322      114      249      184      382      327      412      375      217      313      99       387      168      367      175      248      178      250      239      101      190      338      381      70       417      140      192      204      362      86       272      287      235      176      320      197      
2        189      298      0        200      146      207      355      115      194      171      189      157      116      348      182      286      208      131      216      137      329      123      317      194      227      293      151      83       271      179      246      204      316      160      330      35       190      99       153      172      103      
3        376      325      200      0        337      398      311      291      333      371      383      349      142      474      374      371      69       206      42       176      473      230      465      86       314      421      61       234      262      374      195      135      445      77       301      219      374      133      159      28       188      
4        44       296      146      337      0        61       390      55       120      86       46       131      259      247      36       237      354      178      359      207      213      148      198      307      197      198      296      182      304      127      312      297      217      306      360      118      49       211      232      311      171      
5        25       322      207      398      61       0        424      110      137      101      23       160      320      226      25       246      416      228      420      260      183      197      168      364      220      185      357      237      341      144      359      350      199      368      393      180      34       270      286      373      227      
6        399      114      355      311      390      424      0        337      289      471      426      491      401      330      412      213      380      229      353      218      363      251      365      227      208      305      344      436      86       502      120      181      318      369      30       337      390      268      205      317      252      
7        85       249      115      291      55       110      337      0        91       133      100      164      232      240      88       203      315      122      316      151      215      92       203      254      154      185      255      175      251      168      256      241      207      269      308      81       83       161      177      267      117      
8        113      184      194      333      120      137      289      91       0        207      143      249      306      154      130      116      372      129      366      163      141      102      132      274      83       98       311      263      208      247      239      246      122      330      258      158      103      201      187      314      145      
9        107      382      171      371      86       101      471      133      207      0        79       60       263      323      87       323      372      248      384      273      283      222      268      359      283      278      319      165      384      44       384      358      295      323      441      159      117      260      297      343      235      
10       31       327      189      383      46       23       426      100      143      79       0        137      299      245      13       257      398      221      403      251      204      190      189      353      225      202      340      214      341      123      354      341      217      350      395      163      42       257      277      357      217      
11       162      412      157      349      131      160      491      164      249      60       137      0        227      378      143      365      340      263      356      281      339      240      325      352      318      329      292      123      404      29       393      359      348      293      463      159      172      255      302      320      243      
12       304      375      116      142      259      320      401      232      306      263      299      227      0        460      294      385      114      212      135      200      444      219      433      188      324      404      80       104      330      255      281      223      428      70       383      151      306      140      201      116      183      
13       216      217      348      474      247      226      330      240      154      323      245      378      460      0        236      121      520      268      510      298      51       248      64       403      163      55       460      415      277      367      335      365      32       480      302      313      206      347      317      458      290      
14       20       313      182      374      36       25       412      88       130      87       13       143      294      236      0        244      391      208      395      239      196      178      181      342      212      191      332      213      327      131      341      329      207      343      382      155      31       247      265      348      205      
15       226      99       286      371      237      246      213      203      116      323      257      365      385      121      244      0        425      175      410      198      149      166      151      294      61       91       368      365      156      364      216      252      105      391      185      253      215      255      212      359      203      
16       396      387      208      69       354      416      380      315      372      372      398      340      114      520      391      425      0        253      32       226      513      271      504      153      365      465      60       218      327      367      263      201      489      48       369      236      396      173      214      67       229      
17       202      168      131      206      178      228      229      122      129      248      221      263      212      268      208      175      253      0        242      34       266      31       259      145      114      214      194      214      143      275      135      123      238      216      202      108      196      80       59       190      30       
18       399      367      216      42       359      420      353      316      366      384      403      356      135      510      395      410      32       242      0        213      507      264      498      129      352      456      64       236      304      383      238      177      480      65       343      240      399      165      198      52       221      
19       234      175      137      176      207      260      218      151      163      273      251      281      200      298      239      198      226      34       213      0        299      64       292      111      139      245      170      218      136      296      112      90       269      194      193      122      229      60       26       161      38       
20       177      248      329      473      213      183      363      215      141      283      204      339      444      51       196      149      513      266      507      299      0        243      15       409      175      59       453      389      301      327      352      375      45       471      334      293      167      342      321      454      285      
21       171      178      123      230      148      197      251      92       102      222      190      240      219      248      178      166      271      31       264      64       243      0        234      174      105      194      212      205      164      251      164      154      218      232      222      94       165      99       90       211      42       
22       162      250      317      465      198      168      365      203      132      268      189      325      433      64       181      151      504      259      498      292      15       234      0        402      173      60       443      375      301      312      350      370      51       461      336      282      153      333      314      446      277      
23       339      239      194      86       307      364      227      254      274      359      353      352      188      403      342      294      153      145      129      111      409      174      402      0        240      353      120      255      175      373      109      48       376      144      215      199      335      98       88       90       138      
24       196      101      227      314      197      220      208      154      83       283      225      318      324      163      212      61       365      114      352      139      175      105      173      240      0        117      308      307      132      321      176      202      138      330      177      195      186      194      155      301      141      
25       171      190      293      421      198      185      305      185      98       278      202      329      404      55       191      91       465      214      456      245      59       194      60       353      117      0        406      360      242      322      293      317      24       425      276      257      160      292      266      404      236      
26       337      338      151      61       296      357      344      255      311      319      340      292      80       460      332      368      60       194      64       170      453      212      443      120      308      406      0        175      283      319      224      162      430      25       330      177      337      114      162      36       170      
27       226      381      83       234      182      237      436      175      263      165      214      123      104      415      213      365      218      214      236      218      389      205      375      255      307      360      175      0        354      151      323      276      383      171      411      112      231      171      231      206      186      
28       315      70       271      262      304      341      86       251      208      384      341      404      330      277      327      156      327      143      304      136      301      164      301      175      132      242      283      354      0        415      71       127      259      308      58       251      306      191      128      261      168      
29       151      417      179      374      127      144      502      168      247      44       123      29       255      367      131      364      367      275      383      296      327      251      312      373      321      322      319      151      415      0        408      377      338      320      473      176      161      275      318      346      258      
30       333      140      246      195      312      359      120      256      239      384      354      393      281      335      341      216      263      135      238      112      352      164      350      109      176      293      224      323      71       408      0        62       313      249      106      234      325      152      92       198      150      
31       324      192      204      135      297      350      181      241      246      358      341      359      223      365      329      252      201      123      177      90       375      154      370      48       202      317      162      276      127      377      62       0        340      187      168      201      319      105      64       136      125      
32       187      204      316      445      217      199      318      207      122      295      217      348      428      32       207      105      489      238      480      269      45       218      51       376      138      24       430      383      259      338      313      340      0        449      290      280      177      316      289      428      260      
33       349      362      160      77       306      368      369      269      330      323      350      293      70       480      343      391      48       216      65       194      471      232      461      144      330      425      25       171      308      320      249      187      449      0        355      189      349      136      186      56       190      
34       368      86       330      301      360      393      30       308      258      441      395      463      383      302      382      185      369      202      343      193      334      222      336      215      177      276      330      411      58       473      106      168      290      355      0        310      359      246      183      304      227      
35       160      272      35       219      118      180      337      81       158      159      163      159      151      313      155      253      236      108      240      122      293      94       282      199      195      257      177      112      251      176      234      201      280      189      310      0        160      100      143      193      84       
36       11       287      190      374      49       34       390      83       103      117      42       172      306      206      31       215      396      196      399      229      167      165      153      335      186      160      337      231      306      161      325      319      177      349      359      160      0        244      255      349      197      
37       246      235      99       133      211      270      268      161      201      260      257      255      140      347      247      255      173      80       165      60       342      99       333      98       194      292      114      171      191      275      152      105      316      136      246      100      244      0        63       112      56       
38       260      176      153      159      232      286      205      177      187      297      277      302      201      317      265      212      214      59       198      26       321      90       314      88       155      266      162      231      128      318      92       64       289      186      183      143      255      63       0        148      62       
39       351      320      172      28       311      373      317      267      314      343      357      320      116      458      348      359      67       190      52       161      454      211      446      90       301      404      36       206      261      346      198      136      428      56       304      193      349      112      148      0        169      
40       202      197      103      188      171      227      252      117      145      235      217      243      183      290      205      203      229      30       221      38       285      42       277      138      141      236      170      186      168      258      150      125      260      190      227      84       197      56       62       169      0        
;



Table delta(i,j)                 Distance
         0        1        2        3        4        5        6        7        8        9        10       11       12       13       14       15       16       17       18       19       20       21       22       23       24       25       26       27       28       29       30       31       32       33       34       35       36       37       38       39       40       
0        0        1480     5510     4100     10370    3260     4470     8970     2930     12180    4040     8340     10690    7170     1480     3680     5620     10210    9600     7930     7080     11570    8330     2610     5000     1740     9630     9120     3630     6520     5280     6570     4840     960      4760     9980     9220     3560     4460     7000     9960     
1        1480     0        441      460      1096     282      418      909      147      1149     342      789      1065     731      254      468      649      965      963      646      617      1085     804      127      557      186      880      923      454      504      461      683      516      53       390      1051     804      471      306      769      1014     
2        5510     441      0        515      1017     280      295      718      400      739      211      455      808      583      547      649      736      586      734      401      194      671      513      316      589      415      454      725      616      353      179      583      499      473      116      961      372      691      202      777      821      
3        4100     460      515      0        636      264      228      496      572      944      307      535      681      320      273      171      225      728      568      898      560      895      497      456      98       273      752      512      137      804      367      252      85       431      398      593      837      230      568      313      591      
4        10370    1096     1017     636      0        862      753      351      1200     969      863      697      452      435      891      688      495      793      403      1416     940      960      603      1078     540      910      963      355      682      1363     838      441      584      1067     920      57       1194     728      1147     341      301      
5        3260     282      280      264      862      0        136      637      345      892      82       513      785      463      277      372      488      696      684      639      395      831      522      220      355      157      642      649      342      540      203      427      282      283      174      812      642      411      304      566      743      
6        4470     418      295      228      753      136      0        505      476      782      110      388      649      336      365      383      442      577      549      691      336      724      389      351      294      272      553      517      349      616      139      312      204      416      181      700      610      435      394      485      611      
7        8970     909      718      496      351      637      505      0        981      642      610      347      196      180      768      627      494      449      86       1103     609      624      253      856      432      736      611      16       605      1071     548      245      415      896      639      295      848      685      880      367      106      
8        2930     147      400      572      1200     345      476      981      0        1137     377      810      1120     809      398      605      776      970      1025     519      592      1070     842      125      670      307      854      993      587      370      477      771      615      200      389      1152     733      613      217      885      1087     
9        12180    1149     739      944      969      892      782      642      1137     0        815      409      522      702      1147     1114     1061     218      570      939      544      68       462      1038     939      1047     289      632      1082     1000     692      773      867      1166     760      919      541      1174     939      979      668      
10       4040     342      211      307      863      82       110      610      377      815      0        447      742      445      359      438      531      624      648      593      312      753      467      255      388      238      560      621      405      508      123      422      304      352      97       811      563      481      284      589      716      
11       8340     789      455      535      697      513      388      347      810      409      447      0        367      322      748      705      663      193      323      796      293      361      94       695      533      660      272      346      672      794      334      382      458      796      422      640      503      765      650      604      428      
12       10690    1065     808      681      452      785      649      196      1120     522      742      367      0        360      948      820      690      376      113      1164     661      523      294      997      624      901      580      179      796      1156     657      433      597      1057     751      406      852      878      991      559      159      
13       7170     731      583      320      435      463      336      180      809      702      445      322      360      0        589      463      363      487      248      981      513      667      243      684      268      556      592      195      437      931      405      77       237      716      489      379      780      523      724      282      282      
14       1480     254      547      273      891      277      365      768      398      1147     359      748      948      589      0        221      413      940      837      852      672      1090     733      322      356      133      912      784      214      724      475      524      352      206      449      853      916      217      495      552      864      
15       3680     468      649      171      688      372      383      627      605      1114     438      705      820      463      221      0        196      897      706      1008     720      1065     663      509      195      303      921      644      34       896      521      387      248      425      535      656      992      60       658      347      710      
16       5620     649      736      225      495      488      442      494      776      1061     531      663      690      363      413      196      0        843      579      1123     758      1021     598      668      150      469      914      510      199      1028     577      288      243      610      620      467      1039     233      792      157      559      
17       10210    965      586      728      793      696      577      449      970      218      624      193      376      487      940      897      843      0        390      864      397      180      245      862      721      847      216      441      865      894      503      556      649      976      583      739      503      957      789      766      496      
18       9600     963      734      568      403      684      549      86       1025     570      648      323      113      248      837      706      579      390      0        1106     605      558      234      900      511      794      571      71       682      1086     573      319      485      952      666      350      824      765      907      454      108      
19       7930     646      401      898      1416     639      691      1103     519      939      593      796      1164     981      852      1008     1123     864      1106     0        503      873      874      536      981      724      664      1108     979      152      580      984      894      697      510      1360     402      1038     356      1176     1202     
20       7080     617      194      560      940      395      336      609      592      544      312      293      661      513      672      720      758      397      605      503      0        477      371      499      608      550      263      613      685      505      201      539      515      642      232      883      281      771      396      758      704      
21       11570    1085     671      895      960      831      724      624      1070     68       753      361      523      667      1090     1065     1021     180      558      873      477      0        424      973      895      987      221      615      1032     932      630      735      819      1103     695      908      477      1125     871      947      660      
22       8330     804      513      497      603      522      389      253      842      462      467      94       294      243      733      663      598      245      234      874      371      424      0        722      480      659      364      252      632      861      368      311      415      805      462      545      596      723      699      525      337      
23       2610     127      316      456      1078     220      351      856      125      1038     255      695      997      684      322      509      668      862      900      536      499      973      722      0        553      207      762      868      488      402      361      647      494      169      279      1030     677      526      184      769      962      
24       5000     557      589      98       540      355      294      432      670      939      388      533      624      268      356      195      150      721      511      981      608      895      480      553      0        371      773      449      172      893      427      192      93       526      473      499      889      254      659      215      519      
25       1740     186      415      273      910      157      272      736      307      1047     238      660      901      556      133      303      469      847      794      724      550      987      659      207      371      0        799      750      282      601      360      502      333      161      322      866      786      320      368      584      838      
26       9630     880      454      752      963      642      553      611      854      289      560      272      580      592      912      921      914      216      571      664      263      221      364      762      773      799      0        608      887      714      438      646      687      902      491      906      287      978      651      871      679      
27       9120     923      725      512      355      649      517      16       993      632      621      346      179      195      784      644      510      441      71       1108     613      615      252      868      449      750      608      0        621      1079     556      261      431      910      648      300      848      701      889      383      96       
28       3630     454      616      137      682      342      349      605      587      1082     405      672      796      437      214      34       199      865      682      979      685      1032     632      488      172      282      887      621      0        869      487      363      217      413      502      647      958      92       632      341      690      
29       6520     504      353      804      1363     540      616      1071     370      1000     508      794      1156     931      724      896      1028     894      1086     152      505      932      861      402      893      601      714      1079     869      0        527      923      812      556      442      1308     488      921      237      1098     1175     
30       5280     461      179      367      838      203      139      548      477      692      123      334      657      405      475      521      577      503      573      580      201      630      368      361      427      360      438      556      487      527      0        404      334      474      94       783      471      571      334      603      653      
31       6570     683      583      252      441      427      312      245      771      773      422      382      433      77       524      387      288      556      319      984      539      735      311      647      192      502      646      261      363      923      404      0        173      664      480      388      814      447      706      226      339      
32       4840     516      499      85       584      282      204      415      615      867      304      458      597      237      352      248      243      649      485      894      515      819      415      494      93       333      687      431      217      812      334      173      0        493      385      537      796      309      582      285      512      
33       960      53       473      431      1067     283      416      896      200      1166     352      796      1057     716      206      425      610      976      952      697      642      1103     805      169      526      161      902      910      413      556      474      664      493      0        411      1024     841      424      353      736      998      
34       4760     390      116      398      920      174      181      639      389      760      97       422      751      489      449      535      620      583      666      510      232      695      462      279      473      322      491      648      502      442      94       480      385      411      0        865      468      578      241      665      745      
35       9980     1051     961      593      57       812      700      295      1152     919      811      640      406      379      853      656      467      739      350      1360     883      908      545      1030     499      866      906      300      647      1308     783      388      537      1024     865      0        1136     699      1095     310      251      
36       9220     804      372      837      1194     642      610      848      733      541      563      503      852      780      916      992      1039     503      824      402      281      477      596      677      889      786      287      848      958      488      471      814      796      841      468      1136     0        1040     516      1036     931      
37       3560     471      691      230      728      411      435      685      613      1174     481      765      878      523      217      60       233      957      765      1038     771      1125     723      526      254      320      978      701      92       921      571      447      309      424      578      699      1040     0        685      389      765      
38       4460     306      202      568      1147     304      394      880      217      939      284      650      991      724      495      658      792      789      907      356      396      871      699      184      659      368      651      889      632      237      334      706      582      353      241      1095     516      685      0        867      986      
39       7000     769      777      313      341      566      485      367      885      979      589      604      559      282      552      347      157      766      454      1176     758      947      525      769      215      584      871      383      341      1098     603      226      285      736      665      310      1036     389      867      0        416      
40       9960     1014     821      591      301      743      611      106      1087     668      716      428      159      282      864      710      559      496      108      1202     704      660      337      962      519      838      679      96       690      1175     653      339      512      998      745      251      931      765      986      416      0        
;

