

sets
i        orders          /0*20/
k        routes          /1*20/
p        positions       /0*20/
;

alias(i,j)
alias(i,h)
alias(i,hh)
alias(i,jj)
alias(k,kk)
                            Parameters

rho(i)	Processing time
/
0	0
1	50
2	32
3	91
4	3
5	79
6	16
7	91
8	39
9	6
10	19
11	97
12	9
13	9
14	95
15	14
16	57
17	57
18	90
19	13
20	20
/

gamma(i)	Duedate
/
0	0
1	41
2	10
3	52
4	46
5	57
6	70
7	13
8	73
9	59
10	23
11	59
12	29
13	35
14	46
15	74
16	77
17	93
18	54
19	73
20	36
/

sigma(i)	Size
/
0	0
1	8
2	6
3	4
4	3
5	2
6	4
7	7
8	1
9	3
10	9
11	7
12	2
13	5
14	4
15	1
16	4
17	2
18	9
19	6
20	8
/

epsilon(i)	Priority
/
0	0
1	3
2	2
3	2
4	6
5	6
6	7
7	8
8	4
9	3
10	3
11	7
12	8
13	6
14	6
15	7
16	7
17	9
18	2
19	9
20	1
/

psi	Vehicle Capacity
/ 141 /
;

Table kappa(i,j)                 Setup
         0        1        2        3        4        5        6        7        8        9        10       11       12       13       14       15       16       17       18       19       20       
0        0        136      94       162      98       35       148      86       84       117      50       80       104      89       52       45       158      54       173      99       58       
1        136      0        81       112      153      103      20       171      72       60       114      61       225      195      128      113      21       149      54       74       155      
2        94       81       0        69       71       80       80       166      16       29       107      36       155      121      58       102      99       79       135      7        141      
3        162      112      69       0        101      149      99       236      83       61       176      100      200      164      117      171      120      133      163      67       210      
4        98       153      71       101      0        110      152      184      81       99       138      98       100      64       47       132      171      47       206      79       157      
5        35       103      80       149      110      0        117      86       66       96       29       54       138      118      63       23       125      75       138      82       61       
6        148      20       80       99       152      117      0        189      75       54       130      69       231      200      133      129      21       154      64       73       171      
7        86       171      166      236      184      86       189      0        152      180      61       138      168      166      138      65       190      140      185      168      27       
8        84       72       16       83       81       66       75       152      0        33       92       20       156      124      57       87       92       79       124      16       127      
9        117      60       29       61       99       96       54       180      33       0        119      42       185      151      87       115      74       108      114      21       157      
10       50       114      107      176      138      29       130      61       92       119      0        77       154      139      91       6        134      101      138      108      41       
11       80       61       36       100      98       54       69       138      20       42       77       0        164      135      67       73       82       88       109      34       115      
12       104      225      155      200      100      138      231      168      156      185      154      164      0        36       98       149      247      77       271      163      145      
13       89       195      121      164      64       118      200      166      124      151      139      135      36       0        67       134      216      46       244      129      140      
14       52       128      58       117      47       63       133      138      57       87       91       67       98       67       0        85       149      21       176      65       110      
15       45       113      102      171      132      23       129      65       87       115      6        73       149      134      85       0        133      95       139      104      42       
16       158      21       99       120      171      125      21       190      92       74       134      82       247      216      149      133      0        170      43       92       175      
17       54       149      79       133      47       75       154      140      79       108      101      88       77       46       21       95       170      0        197      86       112      
18       173      54       135      163      206      138      64       185      124      114      138      109      271      244      176      139      43       197      0        128      176      
19       99       74       7        67       79       82       73       168      16       21       108      34       163      129      65       104      92       86       128      0        143      
20       58       155      141      210      157      61       171      27       127      157      41       115      145      140      110      42       175      112      176      143      0        
;



Table delta(i,j)                 Distance
         0        1        2        3        4        5        6        7        8        9        10       11       12       13       14       15       16       17       18       19       20       
0        0        1850     1440     520      490      580      630      1090     700      2020     1060     1180     210      1740     1210     680      1760     1130     930      1400     1580     
1        1850     0        201      145      142      206      128      170      129      20       225      208      165      104      68       233      42       73       229      62       82       
2        1440     201      0        109      117      96       164      40       176      206      63       33       132      113      143      118      165      145      82       139      123      
3        520      145      109      0        8        62       55       69       68       159      95       93       31       122      77       88       129      71       91       92       106      
4        490      142      117      8        0        67       47       77       60       158      102      101      27       126      75       92       129      69       98       92       109      
5        580      206      96       62       67       0        108      72       119      219      48       66       59       162      137      30       185      132      35       149      154      
6        630      128      164      55       47       108      0        123      12       147      148      149      50       148      75       127      130      66       142      98       125      
7        1090     170      40       69       77       72       123      0        136      178      60       37       94       98       107      99       138      108      73       108      99       
8        700      129      176      68       60       119      12       136      0        148      160      161      60       157      81       136      135      72       153      104      133      
9        2020     20       206      159      158      219      147      178      148      0        235      216      181      102      82       247      41       88       241      71       83       
10       1060     225      63       95       102      48       148      60       160      235      0        30       103      159      158      59       197      156      19       164      159      
11       1180     208      33       93       101      66       149      37       161      216      30       0        110      133      144      85       176      143      49       145      136      
12       210      165      132      31       27       59       50       94       60       181      103      110      0        153      99       77       155      92       93       118      136      
13       1740     104      113      122      126      162      148      98       157      102      159      133      153      0        80       192      62       88       171      60       26       
14       1210     68       143      77       75       137      75       107      81       82       158      144      99       80       0        165      56       9        161      23       54       
15       680      233      118      88       92       30       127      99       136      247      59       85       77       192      165      0        214      160      39       178      184      
16       1760     42       165      129      129      185      130      138      135      41       197      176      155      62       56       214      0        64       204      36       42       
17       1130     73       145      71       69       132      66       108      72       88       156      143      92       88       9        160      64       0        158      32       63       
18       930      229      82       91       98       35       142      73       153      241      19       49       93       171      161      39       204      158      0        169      169      
19       1400     62       139      92       92       149      98       108      104      71       164      145      118      60       23       178      36       32       169      0        33       
20       1580     82       123      106      109      154      125      99       133      83       159      136      136      26       54       184      42       63       169      33       0        
;

