

sets
i        orders          /0*40/
k        routes          /1*40/
p        positions       /0*40/
;

alias(i,j)
alias(i,h)
alias(i,hh)
alias(i,jj)
alias(k,kk)
                            Parameters

rho(i)	Processing time
/
0	0
1	80
2	85
3	40
4	35
5	6
6	63
7	90
8	86
9	60
10	55
11	47
12	68
13	8
14	31
15	83
16	8
17	95
18	94
19	62
20	82
21	58
22	67
23	6
24	21
25	81
26	41
27	89
28	49
29	75
30	74
31	74
32	96
33	49
34	41
35	94
36	83
37	98
38	95
39	94
40	19
/

gamma(i)	Duedate
/
0	0
1	12
2	19
3	68
4	99
5	35
6	82
7	49
8	9
9	71
10	74
11	69
12	61
13	65
14	80
15	59
16	94
17	62
18	8
19	87
20	77
21	59
22	21
23	49
24	18
25	39
26	98
27	69
28	84
29	33
30	5
31	95
32	46
33	61
34	13
35	45
36	7
37	95
38	96
39	30
40	99
/

sigma(i)	Size
/
0	0
1	5
2	3
3	6
4	3
5	1
6	4
7	3
8	6
9	3
10	8
11	5
12	9
13	7
14	1
15	4
16	6
17	8
18	2
19	5
20	1
21	2
22	5
23	7
24	6
25	3
26	1
27	6
28	4
29	2
30	8
31	8
32	4
33	6
34	3
35	7
36	7
37	8
38	3
39	1
40	9
/

epsilon(i)	Priority
/
0	0
1	5
2	3
3	2
4	2
5	9
6	5
7	4
8	9
9	1
10	3
11	7
12	7
13	5
14	8
15	4
16	1
17	6
18	6
19	7
20	3
21	8
22	9
23	7
24	1
25	2
26	5
27	6
28	1
29	1
30	7
31	1
32	1
33	7
34	2
35	1
36	1
37	3
38	3
39	5
40	4
/

psi	Vehicle Capacity
/ 39 /
;

Table kappa(i,j)                 Setup
         0        1        2        3        4        5        6        7        8        9        10       11       12       13       14       15       16       17       18       19       20       21       22       23       24       25       26       27       28       29       30       31       32       33       34       35       36       37       38       39       40       
0        0        3054     4658     1394     3613     1491     4114     3725     4448     788      2967     4971     996      2964     1692     4060     3246     1749     2773     5483     3068     2406     4516     1325     3793     3563     1909     3052     1629     3450     332      3957     296      2180     3473     1945     5197     506      3695     1647     1159     
1        3054     0        1806     2158     658      1567     2056     1041     2968     2273     2358     2458     2101     1546     2496     1410     2768     1706     1246     2864     571      741      1552     2637     1135     554      2451     839      1428     618      2847     3182     2846     1046     435      2105     2450     2555     889      1501     2709     
2        4658     1806     0        3464     1692     3194     1343     2107     2288     3923     2725     904      3794     2021     3587     653      2975     3000     2015     1128     1594     2270     391      3870     875      1262     3442     2452     3113     1899     4394     2978     4406     2478     1397     3138     662      4190     1926     3011     3999     
3        1394     2158     3464     0        2807     887      2753     3083     3056     1017     1593     3654     1124     1604     515      2828     1913     473      1471     4176     1956     1417     3396     484      2589     2554     656      2520     1089     2709     1068     2618     1098     1115     2503     563      3937     1118     2985     718      557      
4        3613     658      1692     2807     0        2155     2360     495      3345     2825     2947     2507     2630     2111     3155     1537     3343     2362     1845     2818     1111     1395     1341     3289     1334     616      3109     797      1990     220      3433     3687     3428     1701     519      2763     2353     3108     299      2131     3355     
5        1491     1567     3194     887      2155     0        2839     2339     3404     729      2126     3598     617      1756     1391     2625     2521     722      1474     4090     1600     925      3031     1329     2347     2071     1484     1714     207      2013     1281     3175     1279     748      1982     1241     3764     1002     2275     313      1328     
6        4114     2056     1343     2753     2360     2839     0        2855     1014     3504     1554     980      3450     1151     2697     902      1709     2365     1369     1500     1530     2062     1599     3047     1030     1745     2505     2890     2846     2493     3804     1635     3828     2106     1860     2280     1432     3725     2657     2564     3207     
7        3725     1041     2107     3083     495      2339     2855     0        3841     2943     3392     2958     2728     2566     3476     2020     3797     2666     2281     3234     1565     1717     1732     3567     1827     1111     3454     685      2150     423      3584     4167     3572     2018     1010     3113     2756     3221     198      2377     3613     
8        4448     2968     2288     3056     3345     3404     1014     3841     0        3970     1506     1628     3972     1664     2826     1916     1384     2784     1989     2022     2406     2799     2588     3210     2032     2729     2606     3806     3465     3461     4119     905      4152     2748     2833     2503     2173     4143     3644     3097     3384     
9        788      2273     3923     1017     2825     729      3504     2943     3970     0        2571     4304     234      2378     1489     3348     2918     1186     2136     4803     2329     1655     3759     1239     3073     2792     1665     2276     845      2661     662      3614     641      1461     2697     1560     4488     283      2908     947      1142     
10       2967     2358     2725     1593     2947     2126     1554     3392     1506     2571     0        2534     2617     843      1320     2100     425      1422     1112     3049     1836     1847     2841     1704     2001     2419     1100     3095     2245     2968     2636     1052     2672     1657     2457     1030     2969     2707     3223     1814     1879     
11       4971     2458     904      3654     2507     3598     980      2958     1628     4304     2534     0        4216     2060     3648     1049     2663     3231     2199     526      2072     2722     1293     3985     1332     1976     3465     3210     3564     2696     4676     2461     4695     2850     2114     3218     546      4547     2768     3357     4138     
12       996      2101     3794     1124     2630     617      3450     2728     3972     234      2617     4216     0        2347     1623     3237     2983     1201     2082     4706     2203     1525     3612     1411     2957     2632     1781     2056     683      2460     895      3668     873      1366     2531     1634     4375     494      2701     889      1332     
13       2964     1546     2021     1604     2111     1756     1151     2566     1664     2378     843      2060     2347     0        1600     1369     1232     1217     341      2586     1002     1166     2072     1926     1213     1576     1434     2329     1804     2145     2653     1657     2677     1085     1616     1161     2392     2587     2392     1459     2077     
14       1692     2496     3587     515      3155     1391     2697     3476     2826     1489     1320     3648     1623     1600     0        2935     1558     813      1576     4175     2195     1765     3573     385      2729     2823     222      2956     1588     3082     1362     2268     1402     1460     2793     448      3993     1534     3360     1181     560      
15       4060     1410     653      2828     1537     2625     902      2020     1916     3348     2100     1049     3237     1369     2935     0        2381     2370     1368     1487     1046     1717     753      3224     287      955      2788     2183     2567     1703     3785     2475     3799     1888     1090     2487     1139     3607     1823     2416     3356     
16       3246     2768     2975     1913     3343     2521     1709     3797     1384     2918     425      2663     2983     1232     1558     2381     0        1806     1524     3158     2234     2273     3133     1938     2320     2797     1337     3517     2650     3374     2914     711      2953     2081     2844     1358     3141     3030     3624     2213     2113     
17       1749     1706     3000     473      2362     722      2365     2666     2784     1186     1422     3231     1201     1217     813      2370     1806     0        1032     3748     1482     966      2924     936      2125     2084     831      2145     877      2277     1445     2475     1467     660      2037     536      3490     1374     2555     430      1029     
18       2773     1246     2015     1471     1845     1474     1369     2281     1989     2136     1112     2199     2082     341      1576     1368     1524     1032     0        2716     740      825      2000     1856     1153     1359     1447     2003     1500     1857     2476     1992     2496     766      1375     1128     2466     2364     2115     1195     1990     
19       5483     2864     1128     4176     2818     4090     1500     3234     2022     4803     3049     526      4706     2586     4175     1487     3158     3748     2716     0        2532     3197     1504     4512     1775     2347     3992     3566     4045     3023     5191     2898     5210     3344     2486     3745     487      5052     3054     3859     4664     
20       3068     571      1594     1956     1111     1600     1530     1565     2406     2329     1836     2072     2203     1002     2195     1046     2234     1482     740      2532     0        678      1457     2407     760      635      2106     1402     1526     1145     2815     2617     2824     893      636      1765     2175     2596     1389     1425     2511     
21       2406     741      2270     1417     1395     925      2062     1717     2799     1655     1847     2722     1525     1166     1765     1717     2273     966      825      3197     678      0        2109     1896     1434     1173     1737     1275     849      1316     2168     2802     2173     306      1103     1396     2851     1926     1595     785      1970     
22       4516     1552     391      3396     1341     3031     1599     1732     2588     3759     2841     1293     3612     2072     3573     753      3133     2924     2000     1504     1457     2109     0        3827     859      998      3448     2122     2928     1555     4270     3213     4277     2349     1122     3127     1024     4034     1556     2879     3944     
23       1325     2637     3870     484      3289     1329     3047     3567     3210     1239     1704     3985     1411     1926     385      3224     1938     936      1856     4512     2407     1896     3827     0        3001     3018     607      2998     1536     3192     1000     2647     1044     1592     2973     768      4307     1229     3469     1197     175      
24       3793     1135     875      2589     1334     2347     1030     1827     2032     3073     2001     1332     2957     1213     2729     287      2320     2125     1153     1775     760      1434     859      3001     0        726      2596     1929     2284     1480     3524     2497     3537     1616     851      2282     1418     3334     1629     2147     3127     
25       3563     554      1262     2554     616      2071     1745     1111     2729     2792     2419     1976     2632     1576     2823     955      2797     2084     1359     2347     635      1173     998      3018     726      0        2740     1233     1951     754      3337     3095     3341     1450     138      2398     1915     3071     915      1959     3111     
26       1909     2451     3442     656      3109     1484     2505     3454     2606     1665     1100     3465     1781     1434     222      2788     1337     831      1447     3992     2106     1737     3448     607      2596     2740     0        2967     1670     3051     1578     2048     1618     1439     2721     345      3825     1731     3328     1239     783      
27       3052     839      2452     2520     797      1714     2890     685      3806     2276     3095     3210     2056     2329     2956     2183     3517     2145     2003     3566     1402     1275     2122     2998     1929     1233     2967     0        1516     577      2925     3983     2911     1542     1096     2638     3115     2550     713      1802     3025     
28       1629     1428     3113     1089     1990     207      2846     2150     3465     845      2245     3564     683      1804     1588     2567     2650     877      1500     4045     1526     849      2928     1536     2284     1951     1670     1516     0        1838     1444     3287     1438     740      1853     1410     3701     1127     2095     447      1535     
29       3450     618      1899     2709     220      2013     2493     423      3461     2661     2968     2696     2460     2145     3082     1703     3374     2277     1857     3023     1145     1316     1555     3192     1480     754      3051     577      1838     0        3283     3755     3275     1621     633      2707     2561     2943     278      2015     3249     
30       332      2847     4394     1068     3433     1281     3804     3584     4119     662      2636     4676     895      2653     1362     3785     2914     1445     2476     5191     2815     2168     4270     1000     3524     3337     1578     2925     1444     3283     0        3625     46       1922     3255     1615     4918     432      3538     1390     839      
31       3957     3182     2978     2618     3687     3175     1635     4167     905      3614     1052     2461     3668     1657     2268     2475     711      2475     1992     2898     2617     2802     3213     2647     2497     3095     2048     3983     3287     3755     3625     0        3664     2657     3170     2058     2989     3736     3981     2863     2822     
32       296      2846     4406     1098     3428     1279     3828     3572     4152     641      2672     4695     873      2677     1402     3799     2953     1467     2496     5210     2824     2173     4277     1044     3537     3341     1618     2911     1438     3275     46       3664     0        1931     3257     1649     4933     400      3529     1398     883      
33       2180     1046     2478     1115     1701     748      2106     2018     2748     1461     1657     2850     1366     1085     1460     1888     2081     660      766      3344     893      306      2349     1592     1616     1450     1439     1542     740      1621     1922     2657     1931     0        1391     1101     3028     1718     1900     533      1670     
34       3473     435      1397     2503     519      1982     1860     1010     2833     2697     2457     2114     2531     1616     2793     1090     2844     2037     1375     2486     636      1103     1122     2973     851      138      2721     1096     1853     633      3255     3170     3257     1391     0        2377     2052     2978     817      1886     3060     
35       1945     2105     3138     563      2763     1241     2280     3113     2503     1560     1030     3218     1634     1161     448      2487     1358     536      1128     3745     1765     1396     3127     768      2282     2398     345      2638     1410     2707     1615     2058     1649     1101     2377     0        3550     1680     2984     965      927      
36       5197     2450     662      3937     2353     3764     1432     2756     2173     4488     2969     546      4375     2392     3993     1139     3141     3490     2466     487      2175     2851     1024     4307     1418     1915     3825     3115     3701     2561     4918     2989     4933     3028     2052     3550     0        4746     2579     3555     4450     
37       506      2555     4190     1118     3108     1002     3725     3221     4143     283      2707     4547     494      2587     1534     3607     3030     1374     2364     5052     2596     1926     4034     1229     3334     3071     1731     2550     1127     2943     432      3736     400      1718     2978     1680     4746     0        3189     1193     1100     
38       3695     889      1926     2985     299      2275     2657     198      3644     2908     3223     2768     2701     2392     3360     1823     3624     2555     2115     3054     1389     1595     1556     3469     1629     915      3328     713      2095     278      3538     3981     3529     1900     817      2984     2579     3189     0        2288     3524     
39       1647     1501     3011     718      2131     313      2564     2377     3097     947      1814     3357     889      1459     1181     2416     2213     430      1195     3859     1425     785      2879     1197     2147     1959     1239     1802     447      2015     1390     2863     1398     533      1886     965      3555     1193     2288     0        1236     
40       1159     2709     3999     557      3355     1328     3207     3613     3384     1142     1879     4138     1332     2077     560      3356     2113     1029     1990     4664     2511     1970     3944     175      3127     3111     783      3025     1535     3249     839      2822     883      1670     3060     927      4450     1100     3524     1236     0        
;



Table delta(i,j)                 Distance
         0        1        2        3        4        5        6        7        8        9        10       11       12       13       14       15       16       17       18       19       20       21       22       23       24       25       26       27       28       29       30       31       32       33       34       35       36       37       38       39       40       
0        0        470      744      465      527      548      956      935      504      578      210      330      40       445      483      755      756      232      877      523      969      720      713      696      161      261      554      838      477      108      505      504      874      324      464      467      61       416      641      725      716      
1        470      0        1205     718      362      798      1311     1353     169      1044     432      796      510      846      952      1077     1188     702      1092     165      1335     760      645      980      540      730      970      1072     947      567      975      37       1124     792      878      86       455      75       1083     1153     728      
2        744      1205     0        688      1121     686      544      328      1193     339      890      414      708      649      276      558      193      523      829      1266     520      1024     1139     634      672      513      315      775      279      673      273      1240     757      469      612      1210     750      1158     171      209      1055     
3        465      718      688      0        486      86       601      699      627      745      671      451      467      806      565      361      578      480      414      849      629      351      451      262      305      522      374      379      559      513      605      755      422      562      804      767      411      709      519      541      375      
4        527      362      1121     486      0        545      1079     1183     201      1065     627      766      562      972      921      835      1048     716      783      527      1110     409      283      722      482      758      830      775      915      635      955      388      832      819      992      444      475      403      968      1010     373      
5        548      798      686      86       545      0        533      657      700      782      756      501      549      870      598      290      555      545      329      933      564      337      467      182      388      585      371      293      592      591      638      835      336      619      865      850      496      792      514      519      370      
6        956      1311     544      601      1079     533      0        266      1229     840      1159     719      938      1087     689      243      353      825      424      1429     43       792      959      360      811      844      429      388      687      945      715      1349     336      837      1061     1351     926      1293     444      350      837      
7        935      1353     328      699      1183     657      266      0        1302     660      1117     636      908      952      551      410      186      752      658      1446     230      970      1120     525      818      758      384      613      551      894      564      1390     573      732      919      1378     921      1321     308      212      1011     
8        504      169      1193     627      201      700      1229     1302     0        1079     533      802      544      926      961      988      1149     726      968      333      1256     610      482      882      522      761      929      954      956      611      990      190      1010     825      953      255      468      227      1055     1113     574      
9        578      1044     339      745      1065     782      840      660      1079     0        656      306      538      325      185      776      495      353      1024     1066     826      1096     1166     808      583      317      467      970      191      477      146      1075     970      254      284      1027     610      983      396      490      1115     
10       210      432      890      671      627      756      1159     1117     533      656      0        485      221      416      615      964      934      370      1085     414      1170     896      860      907      370      377      745      1047     611      223      626      455      1084     426      451      390      259      360      814      905      886      
11       330      796      414      451      766      501      719      636      802      306      485      0        294      389      159      576      451      116      784      852      720      796      860      570      286      126      289      734      153      263      189      831      748      127      374      797      342      746      329      424      812      
12       40       510      708      467      562      549      938      908      544      538      221      294      0        412      445      743      727      193      877      558      950      738      740      690      162      221      529      836      440      72       466      543      869      284      429      504      89       454      611      696      737      
13       445      846      649      806      972      870      1087     952      926      325      416      389      412      0        404      964      771      326      1170     826      1082     1124     1146     958      539      285      666      1121     404      340      387      870      1137     261      43       807      501      775      655      756      1130     
14       483      952      276      565      921      598      689      551      961      185      615      159      445      404      0        598      368      253      840      1000     681      917      997      624      444      238      288      787      6        402      39       986      790      193      374      949      499      899      251      352      938      
15       755      1077     558      361      835      290      243      410      988      776      964      576      743      964      598      0        377      665      271      1201     276      565      725      120      600      694      310      218      595      762      633      1114     199      703      946      1121     716      1063     403      351      608      
16       756      1188     193      578      1048     555      353      186      1149     495      934      451      727      771      368      377      0        567      648      1273     334      888      1022     468      648      572      220      596      368      710      385      1225     572      546      740      1207     747      1151     122      37       924      
17       232      702      523      480      716      545      825      752      726      353      370      116      193      326      253      665      567      0        850      747      829      807      847      642      240      44       396      803      248      149      273      736      824      102      323      696      258      647      446      540      816      
18       877      1092     829      414      783      329      424      658      968      1024     1085     784      877      1170     840      271      648      850      0        1238     467      414      590      216      716      887      559      54       835      915      878      1127     87       910      1159     1153     826      1097     669      622      461      
19       523      165      1266     849      527      933      1429     1446     333      1066     414      852      558      826      1000     1201     1273     747      1238     0        1449     921      810      1112     629      766      1061     1215     996      600      1018     144      1265     824      863      86       526      140      1161     1240     891      
20       969      1335     520      629      1110     564      43       230      1256     826      1170     720      950      1082     681      276      334      829      467      1449     0        831      996      395      828      846      432      430      679      953      705      1372     379      836      1055     1373     941      1315     433      335      876      
21       720      760      1024     351      409      337      792      970      610      1096     896      796      738      1124     917      565      888      807      414      921      831      0        176      445      587      851      708      424      911      800      956      790      484      898      1128     835      658      786      852      853      47       
22       713      645      1139     451      283      467      959      1120     482      1166     860      860      740      1146     997      725      1022     847      590      810      996      176      0        604      610      891      825      598      991      809      1035     670      659      946      1157     727      653      684      971      985      128      
23       696      980      634      262      722      182      360      525      882      808      907      570      690      958      624      120      468      642      216      1112     395      445      604      0        536      677      346      164      619      720      662      1017     182      697      945      1030     651      972      467      437      488      
24       161      540      672      305      482      388      811      818      522      583      370      286      162      539      444      600      648      240      716      629      828      587      610      536      0        284      433      677      438      215      476      577      713      342      548      560      116      503      543      614      591      
25       261      730      513      522      758      585      844      758      761      317      377      126      221      285      238      694      572      44       887      766      846      851      891      677      284      0        415      839      234      166      252      762      858      63       281      720      293      673      450      547      861      
26       554      970      315      374      830      371      429      384      929      467      745      289      529      666      288      310      220      396      559      1061     432      708      825      346      433      415      0        505      284      524      323      1007     503      410      643      993      537      936      145      184      739      
27       838      1072     775      379      775      293      388      613      954      970      1047     734      836      1121     787      218      596      803      54       1215     430      424      598      164      677      839      505      0        782      872      824      1107     60       860      1108     1130     788      1074     616      570      471      
28       477      947      279      559      915      592      687      551      956      191      611      153      440      404      6        595      368      248      835      996      679      911      991      619      438      234      284      782      0        397      45       981      785      190      375      944      494      894      250      351      932      
29       108      567      673      513      635      591      945      894      611      477      223      263      72       340      402      762      710      149      915      600      953      800      809      720      215      166      524      872      397      0        418      598      901      226      357      553      160      507      590      681      801      
30       505      975      273      605      955      638      715      564      990      146      626      189      466      387      39       633      385      273      878      1018     705      956      1035     662      476      252      323      824      45       418      0        1009     826      200      355      970      525      921      272      372      977      
31       504      37       1240     755      388      835      1349     1390     190      1075     455      831      543      870      986      1114     1225     736      1127     144      1372     790      670      1017     577      762      1007     1107     981      598      1009     0        1160     824      903      80       490      95       1120     1190     757      
32       874      1124     757      422      832      336      336      573      1010     970      1084     748      869      1137     790      199      572      824      87       1265     379      484      659      182      713      858      503      60       785      901      826      1160     0        876      1123     1181     826      1124     603      548      531      
33       324      792      469      562      819      619      837      732      825      254      426      127      284      261      193      703      546      102      910      824      836      898      946      697      342      63       410      860      190      226      200      824      876      0        248      779      357      733      424      525      911      
34       464      878      612      804      992      865      1061     919      953      284      451      374      429      43       374      946      740      323      1159     863      1055     1128     1157     945      548      281      643      1108     375      357      355      903      1123     248      0        842      518      808      625      726      1136     
35       467      86       1210     767      444      850      1351     1378     255      1027     390      797      504      807      949      1121     1207     696      1153     86       1373     835      727      1030     560      720      993      1130     944      553      970      80       1181     779      842      0        462      58       1098     1173     805      
36       61       455      750      411      475      496      926      921      468      610      259      342      89       501      499      716      747      258      826      526      941      658      653      651      116      293      537      788      494      160      525      490      826      357      518      462      0        408      636      713      654      
37       416      75       1158     709      403      792      1293     1321     227      983      360      746      454      775      899      1063     1151     647      1097     140      1315     786      684      972      503      673      936      1074     894      507      921      95       1124     733      808      58       408      0        1043     1117     758      
38       641      1083     171      519      968      514      444      308      1055     396      814      329      611      655      251      403      122      446      669      1161     433      852      971      467      543      450      145      616      250      590      272      1120     603      424      625      1098     636      1043     0        101      884      
39       725      1153     209      541      1010     519      350      212      1113     490      905      424      696      756      352      351      37       540      622      1240     335      853      985      437      614      547      184      570      351      681      372      1190     548      525      726      1173     713      1117     101      0        889      
40       716      728      1055     375      373      370      837      1011     574      1115     886      812      737      1130     938      608      924      816      461      891      876      47       128      488      591      861      739      471      932      801      977      757      531      911      1136     805      654      758      884      889      0        
;

