
sets
i        orders          /0*10/
k        routes          /1*10/
p        positions       /0*10/
;

alias(i,j)
alias(i,h)
alias(i,hh)
alias(i,jj)
alias(k,kk)
                
                    Parameters

rho(i)	Processing time
/
0	0
1	89
2	91
3	46
4	39
5	4
6	8
7	15
8	20
9	68
10	51
/

gamma(i)	Duedate
/
0	0
1	6
2	53
3	34
4	41
5	4
6	83
7	7
8	22
9	87
10	42
/

sigma(i)	Size
/
0	0
1	6
2	1
3	6
4	7
5	5
6	5
7	6
8	5
9	9
10	1
/

epsilon(i)	Priority
/
0	0
1	2
2	1
3	4
4	9
5	7
6	2
7	8
8	6
9	1
10	7
/

psi	Vehicle Capacity
/ 38 /
;

Table kappa(i,j)                 Setup
         0        1        2        3        4        5        6        7        8        9        10       
0        0        94       116      196      158      114      105      54       191      134      46       
1        94       0        50       161      186      178      111      49       140      44       88       
2        116      50       0        111      153      165      80       90       89       37       88       
3        196      161      111      0        116      176      97       193      34       138      152      
4        158      186      153      116      0        75       74       188      141      190      117      
5        114      178      165      176      75       0        92       160      191      200      90       
6        105      111      80       97       74       92       0        120      103      118      58       
7        54       49       90       193      188      160      120      0        178      94       73       
8        191      140      89       34       141      191      103      178      0        110      149      
9        134      44       37       138      190      200      118      94       110      0        116      
10       46       88       88       152      117      90       58       73       149      116      0        
;



Table delta(i,j)                 Distance
         0        1        2        3        4        5        6        7        8        9        10       
0        0        4620     4240     2920     2680     740      3440     4940     680      5620     2080     
1        4620     0        235      204      106      267      327      141      246      367      322      
2        4240     235      0        67       162      224      147      123      246      133      222      
3        2920     204      67       0        111      161      129      133      180      172      171      
4        2680     106      162      111      0        168      224      129      157      283      217      
5        740      267      224      161      168      0        158      274      45       276      71       
6        3440     327      147      129      224      158      0        257      200      126      111      
7        4940     141      123      133      129      274      257      0        276      253      301      
8        680      246      246      180      157      45       200      276      0        313      116      
9        5620     367      133      172      283      276      126      253      313      0        237      
10       2080     322      222      171      217      71       111      301      116      237      0        
;

