

sets
i        orders          /0*5/
k        routes          /1*5/
p        positions       /0*5/
;

alias(i,j)
alias(i,h)
alias(i,hh)
alias(i,jj)
alias(k,kk)
                            Parameters

rho(i)	Processing time
/
0	0
1	75
2	77
3	57
4	81
5	36
/

gamma(i)	Duedate
/
0	0
1	27
2	69
3	62
4	56
5	61
/

sigma(i)	Size
/
0	0
1	6
2	4
3	9
4	9
5	8
/

epsilon(i)	Priority
/
0	0
1	5
2	5
3	5
4	5
5	3
/

psi	Vehicle Capacity
/ 172 /
;

Table kappa(i,j)                 Setup
         0        1        2        3        4        5        
0        0        172      134      133      382      192      
1        172      0        140      262      537      362      
2        134      140      0        267      418      308      
3        133      262      267      0        413      144      
4        382      537      418      413      0        281      
5        192      362      308      144      281      0        
;



Table delta(i,j)                 Distance
         0        1        2        3        4        5        
0        0        190      220      220      90       230      
1        190      0        11       3        15       11       
2        220      11       0        11       13       23       
3        220      3        11       0        18       12       
4        90       15       13       18       0        24       
5        230      11       23       12       24       0        
;

