
sets
i        orders          /0*80/
k        routes          /1*80/
p        positions       /0*80/
;

alias(i,j)
alias(i,h)
alias(i,hh)
alias(i,jj)
alias(k,kk)
                
                    Parameters

rho(i)	Processing time
/
0	0
1	90
2	52
3	62
4	18
5	89
6	46
7	90
8	17
9	64
10	94
11	34
12	91
13	96
14	53
15	53
16	73
17	67
18	65
19	25
20	28
21	11
22	24
23	83
24	47
25	94
26	88
27	22
28	56
29	82
30	48
31	12
32	96
33	74
34	54
35	13
36	31
37	70
38	15
39	39
40	61
41	9
42	60
43	52
44	50
45	84
46	89
47	79
48	62
49	32
50	44
51	52
52	77
53	48
54	78
55	95
56	69
57	39
58	32
59	27
60	32
61	66
62	89
63	65
64	73
65	72
66	49
67	53
68	1
69	72
70	88
71	43
72	84
73	95
74	77
75	55
76	73
77	92
78	55
79	18
80	7
/

gamma(i)	Duedate
/
0	0
1	52
2	53
3	70
4	12
5	47
6	71
7	3
8	48
9	61
10	44
11	19
12	17
13	36
14	92
15	71
16	2
17	94
18	34
19	81
20	52
21	41
22	61
23	48
24	60
25	12
26	90
27	84
28	26
29	43
30	30
31	49
32	59
33	88
34	9
35	33
36	86
37	71
38	54
39	86
40	6
41	47
42	12
43	7
44	68
45	7
46	31
47	16
48	31
49	44
50	88
51	68
52	80
53	30
54	60
55	67
56	83
57	46
58	24
59	31
60	13
61	35
62	80
63	42
64	67
65	19
66	99
67	47
68	21
69	44
70	88
71	92
72	1
73	94
74	26
75	30
76	38
77	88
78	18
79	21
80	56
/

sigma(i)	Size
/
0	0
1	7
2	1
3	2
4	5
5	8
6	2
7	3
8	2
9	2
10	5
11	6
12	1
13	9
14	6
15	3
16	1
17	6
18	8
19	8
20	7
21	8
22	8
23	5
24	5
25	6
26	5
27	8
28	7
29	5
30	2
31	5
32	7
33	4
34	9
35	8
36	7
37	4
38	1
39	4
40	9
41	6
42	4
43	2
44	2
45	9
46	7
47	6
48	5
49	2
50	3
51	7
52	3
53	3
54	5
55	6
56	8
57	7
58	5
59	3
60	6
61	8
62	1
63	6
64	9
65	7
66	8
67	5
68	1
69	1
70	2
71	1
72	2
73	6
74	2
75	8
76	3
77	1
78	8
79	7
80	7
/

epsilon(i)	Priority
/
0	0
1	1
2	2
3	8
4	7
5	6
6	2
7	8
8	9
9	8
10	3
11	6
12	8
13	9
14	5
15	6
16	8
17	8
18	9
19	3
20	1
21	5
22	2
23	2
24	6
25	9
26	6
27	9
28	5
29	4
30	3
31	8
32	6
33	2
34	3
35	2
36	6
37	2
38	6
39	9
40	9
41	8
42	6
43	8
44	4
45	8
46	2
47	7
48	7
49	1
50	8
51	3
52	2
53	7
54	8
55	5
56	9
57	8
58	2
59	8
60	1
61	1
62	6
63	9
64	9
65	4
66	1
67	7
68	8
69	8
70	2
71	1
72	4
73	1
74	8
75	9
76	6
77	8
78	8
79	3
80	9
/

psi	Vehicle Capacity
/ 15 /
;

Table kappa(i,j)                 Setup
         0        1        2        3        4        5        6        7        8        9        10       11       12       13       14       15       16       17       18       19       20       21       22       23       24       25       26       27       28       29       30       31       32       33       34       35       36       37       38       39       40       41       42       43       44       45       46       47       48       49       50       51       52       53       54       55       56       57       58       59       60       61       62       63       64       65       66       67       68       69       70       71       72       73       74       75       76       77       78       79       80       
0        0        549      2190     756      2422     2512     1006     599      1892     1268     2246     970      662      1366     2475     1579     700      767      1951     2661     959      1159     426      1724     2590     1675     1707     1817     240      435      734      90       1508     1821     1634     1877     1893     1201     1938     803      1770     1695     1289     1541     1245     1058     2411     749      980      2520     1730     1307     965      542      2066     906      836      625      1631     562      731      1354     1686     2259     1343     644      589      820      2002     1216     1184     822      1286     1201     2121     1224     1179     1358     2391     1632     580      
1        549      0        2321     1286     2557     2659     1415     1069     2044     1154     1945     639      993      1710     2549     2103     1207     347      2202     2810     1390     1000     634      1792     2771     1932     1685     1566     312      323      256      567      1832     1692     1446     2067     2247     1349     1959     855      1431     1828     1709     1207     1513     1310     2550     1240     476      2663     2088     1240     713      612      2331     548      968      936      1817     510      184      943      2016     1938     1810     630      216      871      1797     802      1680     290      1193     1688     2175     1009     1567     1337     2051     1328     937      
2        2190     2321     0        1965     236      340      1435     1774     301      1289     1739     1873     1551     1084     358      2034     1854     2097     537      489      1516     1449     1786     552      488      675      786      1478     2201     2508     2197     2100     958      1067     1300     373      1002     994      525      1469     1791     498      1368     1762     1004     1151     229      1782     2255     342      1024     1167     1735     1734     586      1947     1378     1575     575      1813     2362     2002     911      1826     1578     1692     2524     1452     1315     2012     1740     2318     1234     1689     330      1529     1297     1038     1962     1665     1638     
3        756      1286     1965     0        2168     2234     531      309      1671     1524     2593     1508     606      917      2305     823      138      1412     1570     2371     451      1492     800      1650     2257     1320     1760     2140     975      1182     1418     720      1067     1996     1906     1599     1353     1135     1899     1043     2204     1532     707      1991     969      881      2152     191      1653     2249     1200     1498     1440     942      1651     1480     957      641      1398     1054     1459     1905     1210     2631     660      1048     1346     1053     2249     1786     462      1529     1514     494      2013     1601     690      1480     2780     2039     563      
4        2422     2557     236      2168     0        112      1637     1991     529      1515     1880     2103     1778     1269     285      2175     2062     2331     658      255      1717     1677     2020     781      297      855      995      1658     2436     2743     2432     2331     1132     1249     1498     570      1099     1229     717      1705     1979     733      1542     1967     1220     1376     21       1989     2486     108      1152     1395     1966     1970     661      2179     1613     1803     797      2050     2597     2218     1056     1970     1740     1929     2760     1688     1473     2234     1914     2552     1461     1863     489      1752     1489     1268     2098     1862     1864     
5        2512     2659     340      2234     112      0        1703     2068     621      1626     1983     2212     1863     1326     354      2203     2132     2438     694      150      1783     1787     2114     890      196      914      1107     1769     2532     2840     2538     2421     1184     1359     1611     644      1111     1324     829      1805     2091     832      1592     2079     1297     1460     112      2058     2595     24       1179     1505     2075     2068     674      2287     1710     1891     881      2151     2702     2330     1093     2073     1781     2030     2861     1789     1580     2346     1962     2658     1571     1910     600      1863     1549     1377     2199     1974     1949     
6        1006     1415     1435     531      1637     1703     0        422      1144     1210     2259     1398     435      397      1779     887      434      1411     1045     1841     80       1233     791      1159     1730     790      1313     1813     1148     1431     1456     930      549      1593     1564     1068     893      693      1410     823      1946     1020     294      1760     454      430      1621     358      1654     1717     732      1148     1290     875      1136     1404     686      495      875      1008     1554     1762     710      2310     439      942      1545     825      1872     1670     428      1587     1184     398      1502     1356     179      1092     2465     1774     478      
7        599      1069     1774     309      1991     2068     422      0        1474     1218     2286     1213     303      809      2099     1052     176      1144     1441     2212     364      1183     512      1404     2114     1173     1485     1834     774      1033     1163     533      960      1703     1602     1423     1316     872      1648     734      1895     1311     693      1683     771      638      1977     177      1389     2080     1154     1198     1138     646      1542     1191     653      333      1199     765      1229     1607     1128     2323     748      747      1168     744      1949     1492     611      1284     1210     619      1783     1292     601      1188     2471     1730     254      
8        1892     2044     301      1671     529      621      1144     1474     0        1072     1696     1633     1250     812      634      1797     1557     1839     407      772      1224     1223     1493     358      728      424      643      1371     1910     2218     1935     1801     701      974      1160     145      848      703      474      1189     1660     218      1102     1597     705      849      518      1486     2011     629      826      947      1493     1448     518      1701     1089     1274     274      1534     2096     1804     697      1778     1323     1414     2243     1173     1257     1798     1470     2059     1016     1420     414      1316     1015     813      1924     1517     1336     
9        1268     1154     1289     1524     1515     1626     1210     1218     1072     0        1069     597      917      1216     1446     2097     1386     860      1378     1769     1254     165      861      738      1775     1175     550      617      1158     1421     968      1191     1250     556      385      1155     1639     597      839      499      744      863      1412     590      925      804      1514     1352     978      1623     1521     125      468      727      1515     680      567      885      948      723      1141     736      1396     1111     1627     624      1370     485      746      726      1636     1072     55       1609     1071     244      1237     259      1263     572      966      
10       2246     1945     1739     2593     1880     1983     2259     2286     1696     1069     0        1314     1987     2185     1658     3139     2455     1598     2098     2082     2311     1114     1885     1365     2177     1999     1081     452      2077     2264     1695     2184     2173     736      696      1833     2488     1586     1234     1557     523      1574     2425     739      1904     1834     1890     2422     1546     1968     2410     1112     1284     1736     2214     1400     1637     1953     1736     1685     1841     1039     2273     91       2653     1622     2141     1544     440      1167     2688     1728     1084     2656     1410     1026     2258     1173     228      620      2033     
11       970      639      1873     1508     2103     2212     1398     1213     1633     597      1314     0        982      1559     2043     2241     1387     298      1887     2358     1409     431      708      1321     2352     1646     1146     927      774      952      405      925      1640     1085     821      1694     2059     1019     1436     589      812      1416     1667     582      1293     1109     2100     1385     383      2211     1917     710      140      567      2024     94       738      925      1462     456      573      399      1811     1314     1837     469      847      593      1162     279      1776     486      648      1765     1667     394      1495     835      1436     693      979      
12       662      993      1551     606      1778     1863     435      303      1250     917      1987     982      0        725      1857     1261     468      976      1289     2011     431      893      360      1134     1932     1012     1191     1534     750      1051     1021     574      858      1400     1300     1222     1262     595      1371     446      1611     1067     726      1406     583      402      1766     437      1219     1873     1101     894      887      440      1405     979      350      60       981      573      1123     1363     1040     2026     864      516      1140     455      1646     1259     793      1152     908      782      1523     1007     575      886      2176     1443     86       
13       1366     1710     1084     917      1269     1326     397      809      812      1216     2185     1559     725      0        1439     1012     830      1640     652      1459     472      1290     1076     924      1340     413      1144     1763     1475     1774     1704     1283     152      1468     1511     711      537      621      1165     972      1957     741      291      1804     291      449      1251     754      1870     1342     377      1122     1431     1118     738      1587     823      778      569      1245     1826     1877     321      2248     521      1152     1865     966      1765     1809     658      1838     1175     608      1206     1414     226      1026     2404     1786     796      
14       2475     2549     358      2305     285      354      1779     2099     634      1446     1658     2043     1857     1439     0        2392     2189     2294     886      425      1859     1612     2058     760      548      1032     899      1486     2461     2762     2399     2384     1315     1088     1360     728      1346     1275     608      1715     1815     790      1724     1832     1337     1464     304      2119     2425     333      1378     1335     1912     1988     915      2125     1644     1874     906      2052     2569     2108     1269     1749     1936     1932     2759     1697     1275     2141     2096     2511     1395     2045     376      1670     1647     1219     1868     1715     1943     
15       1579     2103     2034     823      2175     2203     887      1052     1797     2097     3139     2241     1261     1012     2392     0        898      2196     1517     2310     850      2118     1561     1936     2153     1373     2144     2697     1795     2002     2215     1540     1097     2451     2445     1674     1105     1555     2177     1693     2833     1753     731      2644     1254     1304     2155     875      2441     2224     1024     2032     2148     1683     1531     2231     1565     1316     1577     1810     2272     2623     1123     3193     496      1773     2169     1698     2739     2520     469      2334     2070     489      2205     2240     885      1966     3348     2661     1263     
16       700      1207     1854     138      2062     2132     434      176      1557     1386     2455     1387     468      830      2189     898      0        1307     1480     2272     357      1357     683      1522     2164     1222     1625     2002     902      1135     1320     650      982      1857     1768     1492     1298     1001     1769     907      2070     1410     654      1859     852      751      2047     76       1551     2146     1140     1360     1313     820      1569     1363     818      504      1283     937      1374     1782     1136     2493     654      923      1286     917      2111     1666     484      1437     1376     503      1889     1466     606      1342     2643     1904     428      
17       767      347      2097     1412     2331     2438     1411     1144     1839     860      1598     298      976      1640     2294     2196     1307     0        2050     2586     1405     697      636      1552     2566     1793     1407     1223     541      667      109      746      1742     1375     1117     1883     2164     1175     1691     688      1085     1620     1698     860      1402     1203     2327     1322     245      2439     2012     961      395      536      2184     204      829      916      1639     403      281      608      1921     1592     1838     488      549      699      1460     466      1744     220      906      1741     1917     684      1537     1074     1706     981      947      
18       1951     2202     537      1570     658      694      1045     1441     407      1378     2098     1887     1289     652      886      1517     1480     2050     0        817      1123     1511     1597     738      688      276      1029     1755     2018     2326     2135     1863     503      1370     1530     265      466      875      882      1365     2028     542      902      1941     707      903      639      1404     2249     713      494      1255     1746     1590     137      1942     1236     1329     431      1698     2283     2113     399      2178     1086     1584     2384     1353     1658     2086     1270     2266     1324     1218     792      1619     879      1124     2327     1875     1371     
19       2661     2810     489      2371     255      150      1841     2212     772      1769     2082     2358     2011     1459     425      2310     2272     2586     817      0        1921     1931     2265     1037     180      1051     1245     1889     2682     2991     2687     2571     1315     1482     1740     790      1209     1475     961      1956     2214     983      1719     2211     1442     1608     259      2197     2741     147      1289     1649     2221     2219     779      2434     1861     2039     1030     2301     2852     2468     1213     2173     1901     2180     3012     1940     1690     2487     2087     2807     1715     2035     727      2006     1684     1523     2294     2102     2097     
20       959      1390     1516     451      1717     1783     80       364      1224     1254     2311     1409     431      472      1859     850      357      1405     1123     1921     0        1268     776      1234     1808     869      1381     1862     1114     1388     1444     887      624      1654     1615     1148     954      757      1485     845      1984     1098     330      1793     532      493      1701     281      1649     1798     794      1198     1307     871      1211     1409     715      491      955      1003     1535     1781     780      2360     433      947      1510     848      1930     1684     383      1573     1231     361      1580     1389     248      1148     2514     1813     460      
21       1159     1000     1449     1492     1677     1787     1233     1183     1223     165      1114     431      893      1290     1612     2118     1357     697      1511     1931     1268     0        774      897      1933     1293     715      668      1029     1278     806      1088     1340     694      475      1298     1743     686      1004     449      719      1010     1460     527      1002     855      1675     1331     813      1785     1615     282      304      629      1648     515      555      852      1080     601      979      606      1496     1143     1663     518      1216     439      842      577      1651     907      217      1628     1236     125      1283     411      1289     550      929      
22       426      634      1786     800      2020     2114     791      512      1493     861      1885     708      360      1076     2058     1561     683      636      1597     2265     776      774      0        1303     2205     1322     1280     1442     422      731      668      341      1202     1407     1239     1492     1614     791      1512     378      1445     1288     1084     1222     894      693      2010     689      882      2121     1454     888      651      151      1721     680      414      302      1242     254      763      1107     1385     1908     1207     265      793      396      1605     986      1107     797      874      1105     1699     859      935      932      2049     1291     315      
23       1724     1792     552      1650     781      890      1159     1404     358      738      1365     1321     1134     924      760      1936     1522     1552     738      1037     1234     897      1303     0        1036     644      291      1018     1701     2002     1654     1634     863      632      802      477      1127     539      251      954      1303     210      1207     1241     709      771      778      1459     1704     890      1065     615      1184     1228     862      1397     889      1142     385      1293     1821     1459     927      1443     1442     1172     2001     937      925      1463     1548     1772     683      1503     396      979      1076     486      1594     1159     1217     
24       2590     2771     488      2257     297      196      1730     2114     728      1775     2177     2352     1932     1340     548      2153     2164     2566     688      180      1808     1933     2205     1036     0        942      1274     1952     2626     2936     2663     2499     1191     1541     1785     713      1049     1424     1004     1916     2271     947      1587     2249     1353     1531     288      2088     2733     215      1140     1652     2213     2171     629      2424     1810     1965     963      2261     2824     2491     1074     2267     1759     2141     2968     1900     1770     2499     1951     2787     1720     1899     783      2016     1566     1521     2394     2149     2017     
25       1675     1932     675      1320     855      914      790      1173     424      1175     1999     1646     1012     413      1032     1373     1222     1793     276      1051     869      1293     1322     644      942      0        919      1619     1742     2051     1875     1586     282      1263     1380     304      489      626      850      1105     1867     434      693      1756     430      628      838      1147     2000     930      422      1057     1507     1320     399      1695     971      1052     262      1431     2019     1899     285      2073     904      1320     2112     1093     1562     1861     1065     2007     1123     1014     837      1408     634      933      2226     1706     1095     
26       1707     1685     786      1760     995      1107     1313     1485     643      550      1081     1146     1191     1144     899      2144     1625     1407     1029     1245     1381     715      1280     291      1274     919      0        727      1644     1929     1514     1621     1109     345      520      768      1406     627      291      905      1020     494      1413     976      890      890      997      1570     1527     1102     1333     446      1018     1177     1153     1231     885      1185     656      1213     1686     1223     1195     1156     1648     1098     1899     887      643      1246     1727     1621     501      1686     527      770      1263     354      1308     883      1266     
27       1817     1566     1478     2140     1658     1769     1813     1834     1371     617      452      927      1534     1763     1486     2697     2002     1223     1755     1889     1862     668      1442     1018     1952     1619     727      0        1663     1875     1327     1750     1765     411      253      1495     2108     1151     952      1105     330      1214     1991     422      1477     1393     1665     1969     1221     1758     2016     665      871      1296     1881     1019     1184     1500     1360     1254     1488     751      1881     497      2215     1183     1773     1093     267      848      2242     1384     633      2212     1169     592      1821     739      651      279      1580     
28       240      312      2201     975      2436     2532     1148     774      1910     1158     2077     774      750      1475     2461     1795     902      541      2018     2682     1114     1029     422      1701     2626     1742     1644     1663     0        309      498      255      1608     1715     1502     1913     2012     1207     1896     748      1585     1702     1441     1355     1313     1114     2427     941      744      2538     1850     1218     794      473      2140     700      822      700      1663     436      492      1142     1791     2083     1522     545      396      766      1867     1001     1381     581      1186     1392     2095     1075     1311     1290     2209     1457     681      
29       435      323      2508     1182     2743     2840     1431     1033     2218     1421     2264     952      1051     1774     2762     2002     1135     667      2326     2991     1388     1278     731      2002     2936     2051     1929     1875     309      0        579      501      1910     1972     1740     2223     2308     1515     2189     1047     1752     2009     1719     1526     1621     1422     2734     1185     790      2846     2145     1493     1009     775      2448     863      1130     1004     1972     716      475      1267     2091     2259     1779     833      200      1064     2098     1125     1619     595      1454     1637     2394     1303     1599     1575     2373     1644     978      
30       734      256      2197     1418     2432     2538     1456     1163     1935     968      1695     405      1021     1704     2399     2215     1320     109      2135     2687     1444     806      668      1654     2663     1875     1514     1327     498      579      0        725      1812     1484     1226     1975     2233     1263     1797     770      1177     1716     1747     956      1475     1274     2427     1340     246      2539     2079     1068     504      588      2269     311      906      961      1729     459      172      687      1993     1686     1876     558      447      782      1567     545      1770     133      1014     1771     2022     794      1590     1179     1796     1080     984      
31       90       567      2100     720      2331     2421     930      533      1801     1191     2184     925      574      1283     2384     1540     650      746      1863     2571     887      1088     341      1634     2499     1586     1621     1750     255      501      725      0        1424     1742     1561     1787     1813     1110     1849     719      1717     1604     1217     1488     1156     968      2320     692      970      2430     1650     1226     909      464      1979     868      747      535      1541     499      744      1316     1603     2200     1281     570      637      736      1929     1181     1131     824      1208     1145     2031     1159     1101     1273     2334     1574     493      
32       1508     1832     958      1067     1132     1184     549      960      701      1250     2173     1640     858      152      1315     1097     982      1742     503      1315     624      1340     1202     863      1191     282      1109     1765     1608     1910     1812     1424     0        1444     1515     587      422      655      1092     1061     1980     665      411      1841     347      539      1114     906      1966     1201     277      1146     1508     1231     586      1675     914      908      486      1354     1941     1938     183      2240     622      1255     1994     1054     1744     1880     783      1946     1205     732      1107     1463     377      1038     2396     1811     933      
33       1821     1692     1067     1996     1249     1359     1593     1703     974      556      736      1085     1400     1468     1088     2451     1857     1375     1370     1482     1654     694      1407     632      1541     1263     345      411      1715     1972     1484     1742     1444     0        285      1106     1752     900      542      1032     731      839      1724     748      1199     1163     1255     1811     1441     1349     1676     520      982      1279     1490     1178     1060     1380     1000     1280     1656     1047     1538     811      1957     1180     1908     1016     299      1106     2017     1570     534      1980     759      691      1566     515      963      627      1463     
34       1634     1446     1300     1906     1498     1611     1564     1602     1160     385      696      821      1300     1511     1360     2445     1768     1117     1530     1740     1615     475      1239     802      1785     1380     520      253      1502     1740     1226     1561     1515     285      0        1276     1866     898      782      884      500      988      1738     471      1224     1141     1502     1731     1164     1603     1769     416      733      1099     1659     915      949      1269     1124     1076     1395     761      1636     747      1963     990      1660     870      367      822      1992     1303     391      1961     1013     437      1568     486      902      364      1351     
35       1877     2067     373      1599     570      644      1068     1423     145      1155     1833     1694     1222     711      728      1674     1492     1883     265      790      1148     1298     1492     477      713      304      768      1495     1913     2223     1975     1787     587      1106     1276     0        702      718      618      1214     1776     294      995      1700     652      820      555      1419     2067     657      687      1030     1553     1461     385      1757     1101     1253     250      1557     2131     1891     561      1913     1208     1438     2261     1199     1393     1875     1367     2102     1099     1316     553      1398     925      896      2061     1627     1308     
36       1893     2247     1002     1353     1099     1111     893      1316     848      1639     2488     2059     1262     537      1346     1105     1298     2164     466      1209     954      1743     1614     1127     1049     489      1406     2108     2012     2308     2233     1813     422      1752     1866     702      0        1057     1312     1483     2349     916      646      2227     767      961      1078     1224     2388     1134     162      1527     1925     1650     439      2096     1337     1315     751      1775     2360     2346     248      2562     751      1677     2402     1475     2049     2294     962      2367     1591     912      1252     1863     716      1409     2715     2185     1331     
37       1201     1349     994      1135     1229     1324     693      872      703      597      1586     1019     595      621      1275     1555     1001     1175     875      1475     757      686      791      539      1424     626      627      1151     1207     1515     1263     1110     655      900      898      718      1057     0        777      496      1335     496      840      1187     330      264      1219     944      1375     1331     929      500      881      746      1010     1069     386      604      469      839      1415     1288     810      1644     1067     720      1544     482      1184     1240     1117     1393     554      1080     930      808      672      413      1800     1165     678      
38       1938     1959     525      1899     717      829      1410     1648     474      839      1234     1436     1371     1165     608      2177     1769     1691     882      961      1485     1004     1512     251      1004     850      291      952      1896     2189     1797     1849     1092     542      782      618      1312     777      0        1148     1267     426      1452     1250     959      1018     720      1707     1817     821      1271     730      1306     1424     988      1519     1103     1375     606      1474     1968     1510     1135     1319     1685     1355     2171     1130     800      1537     1797     1907     788      1751     236      1062     1325     621      1461     1145     1452     
39       803      855      1469     1043     1705     1805     823      734      1189     499      1557     589      446      972      1715     1693     907      688      1365     1956     845      449      378      954      1916     1105     905      1105     748      1047     770      719      1061     1032     884      1214     1483     496      1148     0        1164     973      1081     959      717      524      1697     883      905      1810     1336     512      470      275      1498     615      149      403      965      345      919      939      1238     1590     1262     225      1055     18       1245     852      1224     902      504      1207     1347     560      907      555      1738     997      479      
40       1770     1431     1791     2204     1979     2091     1946     1895     1660     744      523      812      1611     1957     1815     2833     2070     1085     2028     2214     1984     719      1445     1303     2271     1867     1020     330      1585     1752     1177     1717     1980     731      500      1776     2349     1335     1267     1164     0        1487     2157     230      1665     1548     1985     2048     1022     2081     2243     835      807      1294     2159     892      1274     1567     1616     1221     1320     515      2112     508      2369     1179     1622     1155     580      643      2368     1205     781      2343     1490     603      1981     942      624      172      1641     
41       1695     1828     498      1532     733      832      1020     1311     218      863      1574     1416     1067     741      790      1753     1410     1620     542      983      1098     1010     1288     210      947      434      494      1214     1702     2009     1716     1604     665      839      988      294      916      496      426      973      1487     0        1031     1406     566      674      725      1343     1793     837      856      738      1275     1236     672      1483     879      1086     180      1319     1877     1598     718      1651     1263     1198     2029     957      1134     1586     1384     1840     807      1338     482      1107     915      604      1802     1335     1153     
42       1289     1709     1368     707      1542     1592     294      693      1102     1412     2425     1667     726      291      1724     731      654      1698     902      1719     330      1460     1084     1207     1587     693      1413     1991     1441     1719     1747     1217     411      1724     1738     995      646      840      1452     1081     2157     1031     0        1986     525      608      1524     582      1939     1610     493      1332     1552     1162     964      1679     936      786      860      1294     1847     2017     516      2484     235      1221     1837     1080     2016     1934     372      1878     1378     321      1497     1585     176      1253     2640     1984     772      
43       1541     1207     1762     1991     1967     2079     1760     1683     1597     590      739      582      1406     1804     1832     2644     1859     860      1941     2211     1793     527      1222     1241     2249     1756     976      422      1355     1526     956      1488     1841     748      471      1700     2227     1187     1250     959      230      1406     1986     0        1513     1379     1970     1840     817      2071     2111     700      578      1070     2075     664      1079     1359     1516     993      1104     329      1985     733      2191     956      1402     952      688      437      2176     993      637      2155     1483     404      1809     823      854      142      1431     
44       1245     1513     1004     969      1220     1297     454      771      705      925      1904     1293     583      291      1337     1254     852      1402     707      1442     532      1002     894      709      1353     430      890      1477     1313     1621     1475     1156     347      1199     1224     652      767      330      959      717      1665     566      525      1513     0        203      1206     782      1622     1309     624      831      1161     904      827      1329     572      621      431      1022     1611     1595     521      1966     759      917      1687     708      1492     1534     842      1609     884      799      1048     1126     373      738      2122     1495     667      
45       1058     1310     1151     881      1376     1460     430      638      849      804      1834     1109     402      449      1464     1304     751      1203     903      1608     493      855      693      771      1531     628      890      1393     1114     1422     1274     968      539      1163     1141     820      961      264      1018     524      1548     674      608      1379     203      0        1363     689      1427     1470     812      729      981      700      1027     1139     376      433      579      819      1408     1431     718      1888     824      716      1484     518      1442     1360     856      1408     771      822      1145     981      433      663      2044     1376     488      
46       2411     2550     229      2152     21       112      1621     1977     518      1514     1890     2100     1766     1251     304      2155     2047     2327     639      259      1701     1675     2010     778      288      838      997      1665     2427     2734     2427     2320     1114     1255     1502     555      1078     1219     720      1697     1985     725      1524     1970     1206     1363     0        1974     2483     112      1131     1393     1963     1961     640      2175     1604     1792     784      2042     2592     2219     1036     1980     1721     1921     2753     1681     1482     2234     1896     2547     1459     1844     495      1751     1472     1265     2109     1866     1852     
47       749      1240     1782     191      1989     2058     358      177      1486     1352     2422     1385     437      754      2119     875      76       1322     1404     2197     281      1331     689      1459     2088     1147     1570     1969     941      1185     1340     692      906      1811     1731     1419     1224     944      1707     883      2048     1343     582      1840     782      689      1974     0        1566     2072     1066     1320     1305     819      1493     1366     785      481      1212     941      1403     1777     1060     2462     595      917      1329     892      2069     1664     440      1460     1339     452      1823     1444     530      1296     2613     1881     411      
48       980      476      2255     1653     2486     2595     1654     1389     2011     978      1546     383      1219     1870     2425     2441     1551     245      2249     2741     1649     813      882      1704     2733     2000     1527     1221     744      790      246      970      1966     1441     1164     2067     2388     1375     1817     905      1022     1793     1939     817      1622     1427     2483     1566     0        2594     2239     1093     520      778      2385     310      1051     1159     1829     646      318      508      2143     1526     2083     721      625      914      1477     380      1989     196      1030     1987     2049     763      1775     1218     1624     954      1192     
49       2520     2663     342      2249     108      24       1717     2080     629      1623     1968     2211     1873     1342     333      2224     2146     2439     713      147      1798     1785     2121     890      215      930      1102     1758     2538     2846     2539     2430     1201     1349     1603     657      1134     1331     821      1810     2081     837      1610     2071     1309     1470     112      2072     2594     0        1199     1503     2074     2073     695      2287     1716     1900     891      2155     2704     2325     1112     2058     1800     2034     2866     1793     1567     2342     1980     2659     1569     1928     591      1860     1565     1376     2184     1966     1959     
