
sets
i        orders          /0*80/
k        routes          /1*80/
p        positions       /0*80/
;

alias(i,j)
alias(i,h)
alias(i,hh)
alias(i,jj)
alias(k,kk)
                
                    Parameters

rho(i)	Processing time
/
0	0
1	6
2	72
3	51
4	75
5	54
6	68
7	31
8	39
9	96
10	63
11	62
12	15
13	2
14	47
15	94
16	46
17	87
18	35
19	15
20	88
21	59
22	15
23	94
24	21
25	70
26	80
27	63
28	24
29	5
30	22
31	98
32	60
33	92
34	74
35	30
36	29
37	11
38	19
39	87
40	94
41	88
42	95
43	23
44	50
45	90
46	53
47	83
48	87
49	89
50	8
51	98
52	15
53	87
54	64
55	46
56	29
57	41
58	12
59	57
60	18
61	51
62	74
63	69
64	29
65	47
66	68
67	57
68	60
69	3
70	70
71	81
72	73
73	76
74	43
75	90
76	77
77	35
78	83
79	53
80	65
/

gamma(i)	Duedate
/
0	0
1	98
2	37
3	15
4	74
5	23
6	71
7	64
8	23
9	62
10	9
11	25
12	37
13	95
14	25
15	58
16	2
17	76
18	90
19	25
20	84
21	20
22	77
23	48
24	25
25	5
26	83
27	12
28	36
29	24
30	73
31	38
32	67
33	54
34	86
35	68
36	83
37	63
38	93
39	51
40	60
41	95
42	70
43	93
44	97
45	88
46	75
47	8
48	51
49	40
50	88
51	3
52	5
53	75
54	38
55	47
56	23
57	37
58	35
59	68
60	93
61	62
62	78
63	6
64	8
65	18
66	92
67	51
68	87
69	33
70	60
71	41
72	96
73	6
74	43
75	2
76	1
77	75
78	95
79	50
80	82
/

sigma(i)	Size
/
0	0
1	8
2	1
3	1
4	1
5	7
6	6
7	8
8	1
9	4
10	5
11	3
12	8
13	6
14	2
15	1
16	7
17	1
18	1
19	3
20	9
21	5
22	3
23	2
24	2
25	2
26	9
27	2
28	2
29	4
30	4
31	9
32	2
33	1
34	2
35	7
36	6
37	9
38	8
39	1
40	4
41	5
42	3
43	5
44	2
45	8
46	1
47	2
48	4
49	2
50	1
51	6
52	7
53	6
54	4
55	7
56	3
57	5
58	3
59	2
60	4
61	2
62	8
63	9
64	4
65	6
66	8
67	5
68	7
69	6
70	5
71	5
72	8
73	3
74	7
75	3
76	7
77	2
78	3
79	6
80	4
/

epsilon(i)	Priority
/
0	0
1	6
2	3
3	9
4	2
5	1
6	8
7	5
8	4
9	3
10	4
11	5
12	4
13	7
14	7
15	2
16	3
17	5
18	6
19	4
20	9
21	2
22	3
23	7
24	7
25	5
26	5
27	2
28	1
29	4
30	2
31	2
32	5
33	2
34	8
35	6
36	8
37	1
38	1
39	8
40	6
41	5
42	2
43	9
44	5
45	4
46	5
47	8
48	5
49	5
50	7
51	7
52	6
53	9
54	9
55	4
56	6
57	8
58	8
59	6
60	6
61	6
62	9
63	4
64	1
65	3
66	9
67	7
68	9
69	6
70	8
71	9
72	6
73	3
74	1
75	6
76	6
77	3
78	6
79	4
80	7
/

psi	Vehicle Capacity
/ 15 /
;

Table kappa(i,j)                 Setup
         0        1        2        3        4        5        6        7        8        9        10       11       12       13       14       15       16       17       18       19       20       21       22       23       24       25       26       27       28       29       30       31       32       33       34       35       36       37       38       39       40       41       42       43       44       45       46       47       48       49       50       51       52       53       54       55       56       57       58       59       60       61       62       63       64       65       66       67       68       69       70       71       72       73       74       75       76       77       78       79       80       
0        0        1471     760      1492     919      1344     453      653      1647     439      1192     1859     359      1676     425      1019     1499     699      606      617      467      245      673      1188     1414     41       1147     1248     572      1384     920      1842     1409     719      794      1264     1568     1909     1684     1021     1595     1432     1653     796      1299     1240     361      737      1646     660      1169     1635     1036     907      449      1049     1323     740      1319     1371     655      1294     898      1828     1235     1232     732      371      620      897      652      1371     864      771      728      473      571      37       2132     1182     933      
1        1471     0        1034     2701     2040     345      1809     1009     368      1231     611      400      1148     441      1895     1592     1490     1587     994      1012     1919     1398     1003     1137     1057     1439     393      1138     1564     2603     1380     1705     2107     1114     1030     256      543      1625     1454     1531     675      1497     1336     1556     1665     1326     1329     1063     1375     1844     718      1159     537      2206     1800     1839     778      2163     1240     2038     1828     1646     677      1528     1145     1249     1911     1357     907      625      1142     1777     1958     2134     1823     1866     1535     1437     1858     1050     1262     
2        760      1034     0        1673     1014     1097     1212     881      1055     885      523      1427     437      1059     1094     596      815      557      810      843      1206     873      896      445      654      754      641      502      557      1576     386      1150     1120     1036     1037     942      903      1185     956      547      893      767      908      522      767      552      906      32       908      1390     1162     875      882      1215     1208     1668     588      1251     590      1056     829      753      364      1097     491      516      905      445      303      764      133      874      1580     1179     805      963      1195     726      1422     425      1301     
3        1492     2701     1673     0        661      2702     1604     2132     2713     1931     2175     3098     1643     2705     1213     1221     1743     1115     2076     2093     1384     1725     2153     1776     2029     1532     2310     1822     1142     107      1391     1950     936      2211     2283     2572     2525     2114     1984     1288     2473     1664     2050     1163     1361     1649     1847     1642     2010     1863     2622     2175     2423     588      1610     2365     2155     860      1794     984      895      1376     2024     2096     1806     1713     808      1385     1821     2279     1559     1307     2039     748      881      1028     1979     1505     2210     1845     2417     
4        919      2040     1014     661      0        2045     1169     1521     2062     1348     1524     2438     1001     2058     788      639      1230     457      1459     1480     986      1164     1542     1169     1433     956      1650     1221     482      562      767      1506     645      1620     1680     1912     1884     1645     1473     700      1844     1147     1514     521      864      1074     1279     983      1480     1438     1988     1606     1773     310      1172     1913     1523     582      1215     645      266      874      1363     1605     1204     1125     187      738      1163     1631     898      857      1639     421      223      537      1468     923      1796     1227     1850     
5        1344     345      1097     2702     2045     0        1616     778      712      1023     813      578      1073     784      1767     1690     1702     1613     785      793      1757     1220     766      1318     1297     1307     531      1332     1563     2599     1477     1955     2215     849      755      173      863      1896     1705     1637     988      1695     1595     1608     1814     1502     1130     1120     1628     1609     384      1433     309      2167     1607     1540     1018     2074     1441     2149     1808     1797     739      1797     1336     1430     1895     1319     882      446      1176     1927     1698     2071     1822     1784     1291     1313     2136     1235     953      
6        453      1809     1212     1604     1169     1616     0        841      2033     592      1617     2173     793      2070     396      1431     1944     1090     831      823      226      412      856      1641     1867     458      1531     1701     962      1503     1358     2286     1753     818      917      1574     1982     2358     2135     1443     2021     1874     2106     1201     1718     1688     486      1190     2099     269      1350     2087     1310     1033     9        762      1764     747      1772     1726     939      1715     1311     2280     1689     1683     992      815      1042     1191     1105     1779     471      862      1035     632      423      486      2578     1635     920      
7        653      1009     881      2132     1521     778      841      0        1293     251      1019     1346     552      1345     1045     1402     1689     1179     71       42       1000     466      20       1298     1429     611      825      1343     1080     2025     1225     2016     1890     159      166      759      1312     2025     1800     1375     1390     1646     1727     1230     1630     1430     360      881      1739     837      525      1635     481      1554     832      885      1224     1389     1446     1836     1257     1618     727      1930     1337     1386     1342     806      579      387      864      1728     950      1424     1306     1126     526      632      2270     1248     421      
8        1647     368      1055     2713     2062     712      2033     1293     0        1486     538      515      1296     74       2056     1530     1293     1605     1264     1287     2111     1622     1291     1005     847      1620     502      986      1612     2621     1332     1452     2013     1418     1344     597      246      1347     1205     1464     372      1319     1082     1549     1538     1186     1574     1087     1127     2106     1077     890      857      2270     2025     2158     602      2280     1071     1943     1884     1519     760      1255     998      1106     1960     1454     1033     908      1182     1646     2240     2225     1858     1983     1811     1610     1565     919      1595     
9        439      1231     885      1931     1348     1023     592      251      1486     0        1143     1584     473      1532     804      1328     1698     1059     239      230      749      221      267      1327     1497     399      996      1380     945      1824     1176     2035     1781     281      362      989      1474     2067     1838     1312     1536     1644     1780     1130     1581     1433     108      876      1785     619      773      1713     719      1346     583      785      1328     1156     1473     1734     1082     1572     834      1976     1371     1401     1163     683      614      606      831      1671     763      1205     1145     909      337      428      2306     1292     504      
10       1192     611      523      2175     1524     813      1617     1019     538      1143     0        967      833      536      1576     1005     892      1068     967      998      1658     1223     1026     526      487      1172     286      529      1080     2082     801      1144     1507     1173     1129     640      385      1097     896      941      404      891      792      1011     1054     715      1208     555      821      1739     1044     651      747      1738     1610     1900     220      1767     635      1437     1351     1036     311      998      535      637      1426     945      575      706      654      1166     1903     1701     1322     1474     1481     1155     1343     438      1407     
11       1859     400      1427     3098     2438     578      2173     1346     515      1584     967      0        1545     576      2284     1969     1798     1983     1344     1357     2297     1767     1336     1481     1353     1825     788      1471     1963     3000     1760     1968     2474     1427     1333     599      761      1861     1721     1906     888      1818     1598     1947     2016     1667     1687     1457     1642     2182     944      1406     865      2607     2164     2113     1090     2560     1564     2405     2228     1996     1075     1770     1481     1588     2311     1757     1307     982      1539     2126     2276     2534     2221     2263     1866     1825     2075     1393     1525     
12       359      1148     437      1643     1001     1073     793      552      1296     473      833      1545     0        1322     760      861      1234     628      483      510      825      436      572      882      1084     340      801      939      536      1537     703      1575     1338     684      718      965      1209     1619     1391     841      1236     1177     1345     678      1108     969      476      421      1345     954      986      1305     782      1094     788      1243     970      1015     1023     1286     748      1098     540      1533     928      945      835      264      263      638      361      1199     1143     999      779      719      763      322      1854     861      946      
13       1676     441      1059     2705     2058     784      2070     1345     74       1532     536      576      1322     0        2081     1512     1249     1603     1313     1338     2142     1661     1344     978      804      1651     540      955      1616     2615     1319     1395     1987     1474     1402     664      200      1285     1151     1445     315      1278     1027     1542     1507     1154     1617     1091     1073     2151     1146     833      919      2275     2063     2215     573      2294     1034     1917     1888     1488     782      1195     967      1075     1963     1469     1058     963      1189     1613     2289     2235     1859     1999     1860     1639     1500     894      1656     
14       425      1895     1094     1213     788      1767     396      1045     2056     804      1576     2284     760      2081     0        1151     1716     805      1010     1014     198      582      1064     1473     1725     461      1561     1535     686      1110     1127     2048     1401     1077     1165     1689     1959     2144     1930     1178     1972     1639     1923     924      1438     1478     701      1065     1907     663      1570     1939     1459     637      401      1157     1681     368      1585     1381     584      1439     1298     2075     1520     1491     621      650      1022     1321     966      1482     857      467      685      256      772      459      2346     1488     1240     
15       1019     1592     596      1221     639      1690     1431     1402     1530     1328     1005     1969     861      1512     1151     0        602      346      1331     1361     1327     1228     1421     556      809      1037     1205     600      471      1142     213      911      525      1543     1568     1530     1322     1030     842      68       1259     520      875      230      288      437      1307     577      843      1671     1749     969      1477     934      1430     2059     946      1121     580      460      619      288      951      978      584      494      645      660      869      1353     551      351      1879     986      530      919      1574     999      1208     629      1807     
16       1499     1490     815      1743     1230     1702     1944     1689     1293     1698     892      1798     1234     1249     1716     602      0        923      1620     1654     1877     1662     1704     402      445      1505     1171     373      1031     1680     591      343      849      1846     1840     1528     1049     430      245      555      940      83       313      804      382      265      1711     821      268      2158     1885     476      1585     1532     1942     2477     714      1721     262      785      1219     367      1029     376      372      303      1247     1129     1110     1501     873      445      2358     1589     1133     1503     1997     1471     634      474      2111     
17       699      1587     557      1115     457      1613     1090     1179     1605     1059     1068     1983     628      1603     805      346      923      0        1110     1137     981      926      1199     757      1025     723      1195     815      129      1019     359      1247     722      1303     1345     1471     1433     1354     1150     374      1400     844      1162     120      635      708      1020     526      1138     1338     1596     1218     1356     687      1090     1748     1079     808      835      677      314      635      910      1293     798      740      371      377      733      1218     446      688      1546     694      258      580      1267     685      1546     802      1557     
18       606      994      810      2076     1459     785      831      71       1264     239      967      1344     483      1313     1010     1331     1620     1110     0        33       977      439      89       1230     1366     565      785      1277     1013     1969     1153     1948     1820     226      237      750      1270     1960     1734     1303     1344     1576     1663     1160     1558     1360     345      810      1674     850      563      1574     480      1500     822      934      1167     1346     1379     1766     1196     1546     669      1865     1270     1318     1282     739      510      369      793      1656     976      1375     1243     1077     547      583      2205     1182     491      
19       617      1012     843      2093     1480     793      823      42       1287     230      998      1357     510      1338     1014     1361     1654     1137     33       0        975      438      62       1264     1400     576      812      1310     1038     1986     1185     1981     1848     192      208      765      1298     1993     1767     1334     1373     1610     1696     1188     1590     1394     338      843      1708     832      556      1607     491      1516     814      903      1199     1354     1412     1795     1216     1578     701      1899     1304     1351     1302     764      543      387      825      1688     953      1387     1265     1089     525      595      2238     1215     457      
20       467      1919     1206     1384     986      1757     226      1000     2111     749      1658     2297     825      2142     198      1327     1877     981      977      975      0        538      1017     1609     1852     491      1610     1671     857      1283     1286     2213     1597     1003     1098     1697     2035     2301     2083     1349     2061     1802     2067     1098     1616     1631     641      1179     2055     479      1522     2070     1448     821      233      981      1782     524      1729     1576     779      1615     1365     2228     1657     1637     819      773      1088     1318     1085     1665     665      647      880      453      640      504      2510     1616     1131     
21       245      1398     873      1725     1164     1220     412      466      1622     221      1223     1767     436      1661     582      1228     1662     926      439      438      538      0        484      1318     1519     210      1121     1375     803      1618     1104     2004     1644     498      583      1167     1579     2054     1826     1222     1626     1600     1782     1013     1498     1397     122      857      1781     522      991      1739     911      1137     404      831      1386     936      1459     1603     900      1491     914      1969     1364     1378     977      568      655      785      790      1578     706      991      972      697      345      246      2287     1297     693      
22       673      1003     896      2153     1542     766      856      20       1291     267      1026     1336     572      1344     1064     1421     1704     1199     89       62       1017     484      0        1311     1439     632      826      1356     1101     2046     1243     2029     1910     148      147      751      1313     2037     1812     1393     1393     1661     1738     1249     1647     1445     376      897      1751     846      507      1644     472      1574     847      881      1231     1408     1459     1856     1278     1635     735      1942     1350     1401     1363     826      594      383      882      1746     955      1444     1327     1146     533      653      2283     1260     407      
23       1188     1137     445      1776     1169     1318     1641     1298     1005     1327     526      1481     882      978      1473     556      402      757      1230     1264     1609     1318     1311     0        267      1186     789      61       828      1696     404      718      1009     1456     1444     1145     781      740      511      488      707      380      465      658      535      188      1352     460      463      1831     1484     468      1185     1437     1637     2112     404      1556     148      938      1071     516      627      651      47       112      1125     836      722      1098     536      645      2024     1450     1009     1296     1641     1156     979      88       1718     
24       1414     1057     654      2029     1433     1297     1867     1429     847      1497     487      1353     1084     804      1725     809      445      1025     1366     1400     1852     1519     1439     267      0        1408     773      212      1093     1952     671      658      1216     1587     1560     1124     604      614      409      742      501      474      308      925      726      385      1537     676      334      2039     1526     220      1227     1705     1862     2281     281      1822     245      1147     1339     707      709      515      229      316      1393     1079     883      1168     766      824      2225     1718     1277     1557     1825     1380     862      236      1840     
25       41       1439     754      1532     956      1307     458      611      1620     399      1172     1825     340      1651     461      1037     1505     723      565      576      491      210      632      1186     1408     0        1119     1246     597      1425     930      1848     1437     679      753      1228     1546     1911     1685     1037     1576     1439     1652     816      1314     1244     323      732      1646     652      1129     1629     999      947      454      1026     1309     781      1320     1397     691      1308     875      1830     1234     1234     769      382      599      860      650      1388     854      812      762      514      545      38       2137     1177     895      
26       1147     393      641      2310     1650     531      1531     825      502      996      286      788      801      540      1561     1205     1171     1195     785      812      1610     1121     826      789      773      1119     0        802      1177     2212     992      1430     1724     966      906      357      487      1382     1182     1146     573      1165     1078     1163     1298     975      1078     670      1107     1613     766      930      476      1825     1524     1708     501      1803     910      1656     1444     1280     288      1283     806      901      1525     984      543      464      751      1411     1757     1762     1434     1504     1327     1111     1627     705      1178     
27       1248     1138     502      1822     1221     1332     1701     1343     986      1380     529      1471     939      955      1535     600      373      815      1277     1310     1671     1375     1356     61       212      1246     802      0        888      1742     459      674      1034     1502     1487     1159     756      687      459      533      674      363      406      713      552      199      1407     518      406      1889     1513     407      1213     1493     1698     2165     384      1616     110      964      1129     533      659      596      16       120      1182     898      772      1132     596      659      2081     1508     1065     1357     1696     1216     929      101      1763     
28       572      1564     557      1142     482      1563     962      1080     1612     945      1080     1963     536      1616     686      471      1031     129      1013     1038     857      803      1101     828      1093     597      1177     888      0        1040     448      1361     841      1198     1245     1430     1456     1460     1251     492      1434     953      1254     241      760      802      900      525      1234     1209     1519     1295     1293     658      961      1621     1117     729      920      799      271      758      888      1395     872      825      349      274      680      1152     431      816      1417     633      260      475      1142     559      1659     862      1447     
29       1384     2603     1576     107      562      2599     1503     2025     2621     1824     2082     3000     1537     2615     1110     1142     1680     1019     1969     1986     1283     1618     2046     1696     1952     1425     2212     1742     1040     0        1305     1901     896      2104     2175     2470     2436     2061     1924     1209     2388     1601     1985     1072     1298     1575     1740     1546     1946     1763     2516     2104     2318     482      1509     2264     2068     761      1719     938      791      1312     1925     2040     1726     1637     703      1281     1719     2175     1461     1251     1941     644      780      922      1874     1398     2167     1762     2310     
30       920      1380     386      1391     767      1477     1358     1225     1332     1176     801      1760     703      1319     1127     213      591      359      1153     1185     1286     1104     1243     404      671      930      992      459      448      1305     0        929      737      1372     1388     1317     1134     1016     803      161      1083     517      806      253      406      353      1169     370      785      1580     1546     860      1269     1033     1356     1933     763      1166     476      672      672      396      738      948      443      381      722      548      671      1149     361      503      1784     1052     605      924      1448     894      1224     460      1638     
31       1842     1705     1150     1950     1506     1955     2286     2016     1452     2035     1144     1968     1575     1395     2048     911      343      1247     1948     1981     2213     2004     2029     718      658      1848     1430     674      1361     1901     929      0        1017     2174     2162     1782     1207     178      251      873      1080     411      371      1127     644      606      2051     1159     330      2501     2174     562      1873     1816     2283     2817     938      2029     569      966      1530     636      1330     220      679      634      1549     1471     1439     1801     1214     657      2701     1889     1438     1827     2339     1814     298      774      2436     
32       1409     2107     1120     936      645      2215     1753     1890     2013     1781     1507     2474     1338     1987     1401     525      849      722      1820     1848     1597     1644     1910     1009     1216     1437     1724     1034     841      896      737      1017     0        2021     2056     2054     1789     1185     1078     579      1707     780      1162     660      491      837      1742     1100     1116     2016     2267     1315     1999     935      1755     2455     1413     1228     971      70       818      510      1475     1177     1021     914      782      1099     1384     1873     1066     404      2223     1066     719      1145     1981     1399     1273     1093     2278     
33       719      1114     1036     2211     1620     849      818      159      1418     281      1173     1427     684      1474     1077     1543     1846     1303     226      192      1003     498      148      1456     1587     679      966      1502     1198     2104     1372     2174     2021     0        100      859      1453     2184     1959     1519     1536     1802     1886     1362     1778     1586     376      1035     1898     764      536      1793     577      1626     809      742      1379     1434     1605     1970     1354     1766     884      2089     1496     1544     1437     926      736      511      1013     1874     849      1486     1411     1190     445      706      2429     1407     266      
34       794      1030     1037     2283     1680     755      917      166      1344     362      1129     1333     718      1402     1165     1568     1840     1345     237      208      1098     583      147      1444     1560     753      906      1487     1245     2175     1388     2162     2056     100      0        773      1390     2164     1940     1539     1479     1799     1862     1396     1792     1583     464      1040     1878     864      436      1760     492      1700     908      814      1340     1519     1592     2003     1415     1780     852      2068     1482     1536     1499     971      734      443      1027     1891     943      1564     1467     1267     545      777      2410     1390     280      
35       1264     256      942      2572     1912     173      1574     759      597      989      640      599      965      664      1689     1530     1528     1471     750      765      1697     1167     751      1145     1124     1228     357      1159     1430     2470     1317     1782     2054     859      773      0        715      1725     1533     1475     835      1522     1424     1459     1646     1330     1090     966      1456     1596     483      1264     282      2050     1566     1583     846      1978     1268     1988     1683     1628     579      1626     1163     1257     1769     1198     751      383      1029     1758     1705     1964     1690     1684     1284     1231     1967     1062     1007     
36       1568     543      903      2525     1884     863      1982     1312     246      1474     385      761      1209     200      1959     1322     1049     1433     1270     1298     2035     1579     1313     781      604      1546     487      756      1456     2436     1134     1207     1789     1453     1390     715      0        1106     959      1255     133      1078     836      1365     1308     955      1550     935      881      2085     1193     645      933      2112     1975     2195     377      2151     834      1719     1726     1289     672      1013     768      876      1798     1330     947      947      1035     1413     2237     2082     1691     1858     1808     1531     1329     698      1658     
37       1909     1625     1185     2114     1645     1896     2358     2025     1347     2067     1097     1861     1619     1285     2144     1030     430      1354     1960     1993     2301     2054     2037     740      614      1911     1382     687      1460     2061     1016     178      1185     2184     2164     1725     1106     0        228      984      975      511      306      1235     782      671      2092     1198     286      2562     2140     466      1841     1952     2355     2852     881      2150     596      1131     1648     771      1317     99       695      677      1674     1543     1458     1782     1265     810      2758     2016     1560     1933     2381     1878     247      778      2442     
38       1684     1454     956      1984     1473     1705     2135     1800     1205     1838     896      1721     1391     1151     1930     842      245      1150     1734     1767     2083     1826     1812     511      409      1685     1182     459      1251     1924     803      251      1078     1959     1940     1533     959      228      0        790      835      327      123      1033     626      452      1863     970      79       2335     1932     320      1632     1775     2131     2624     687      1955     367      1017     1453     612      1098     145      467      451      1485     1320     1231     1566     1038     680      2530     1826     1370     1726     2152     1653     470      552      2217     
39       1021     1531     547      1288     700      1637     1443     1375     1464     1312     941      1906     841      1445     1178     68       555      374      1303     1334     1349     1222     1393     488      742      1037     1146     533      492      1209     161      873      579      1519     1539     1475     1255     984      790      0        1191     473      817      254      277      373      1297     531      788      1678     1706     905      1430     991      1442     2054     878      1166     515      512      664      272      897      929      517      428      695      655      829      1309     515      358      1885     1036     579      953      1568     999      1171     561      1783     
40       1595     675      893      2473     1844     988      2021     1390     372      1536     404      888      1236     315      1972     1259     940      1400     1344     1373     2061     1626     1393     707      501      1576     573      674      1434     2388     1083     1080     1707     1536     1479     835      133      975      835      1191     0        975      712      1323     1220     870      1606     924      757      2140     1307     518      1037     2085     2015     2275     321      2144     740      1638     1701     1201     712      883      688      793      1769     1332     980      1038     1026     1322     2299     2066     1659     1856     1873     1558     1196     630      1752     
41       1432     1497     767      1664     1147     1695     1874     1646     1319     1644     891      1818     1177     1278     1639     520      83       844      1576     1610     1802     1600     1661     380      474      1439     1165     363      953      1601     517      411      780      1802     1799     1522     1078     511      327      473      975      0        386      724      303      216      1653     770      345      2091     1863     536      1564     1449     1872     2420     728      1639     257      715      1137     288      1004     459      359      271      1165     1061     1066     1474     815      376      2293     1506     1050     1423     1938     1404     707      460      2067     
42       1653     1336     908      2050     1514     1595     2106     1727     1082     1780     792      1598     1345     1027     1923     875      313      1162     1663     1696     2067     1782     1738     465      308      1652     1078     406      1254     1985     806      371      1162     1886     1862     1424     836      306      123      817      712      386      0        1048     690      454      1811     924      50       2296     1834     196      1535     1808     2102     2566     578      1970     338      1098     1471     674      1013     207      418      431      1511     1297     1167     1476     1001     758      2488     1849     1394     1730     2100     1621     553      487      2141     
43       796      1556     522      1163     521      1608     1201     1230     1549     1130     1011     1947     678      1542     924      230      804      120      1160     1188     1098     1013     1249     658      925      816      1163     713      241      1072     253      1127     660      1362     1396     1459     1365     1235     1033     254      1323     724      1048     0        518      594      1100     495      1023     1444     1620     1112     1366     779      1200     1841     1001     922      725      607      423      517      886      1175     697      631      469      449      742      1233     432      578      1651     802      352      699      1358     778      1425     710      1621     
44       1299     1665     767      1361     864      1814     1718     1630     1538     1581     1054     2016     1108     1507     1438     288      382      635      1558     1590     1616     1498     1647     535      726      1314     1298     552      760      1298     406      644      491      1778     1792     1646     1308     782      626      277      1220     303      690      518      0        353      1570     758      649      1955     1925     829      1638     1172     1717     2330     936      1389     481      422      894      19       1083     747      540      432      907      933      1066     1527     765      112      2162     1247     799      1204     1844     1277     937      623      2044     
45       1240     1326     552      1649     1074     1502     1688     1430     1186     1433     715      1667     969      1154     1478     437      265      708      1360     1394     1631     1397     1445     188      385      1244     975      199      802      1575     353      606      837      1586     1583     1330     955      671      452      373      870      216      454      594      353      0        1445     557      431      1896     1653     532      1357     1361     1685     2212     583      1516     144      767      1017     333      795      597      187      79       1059     872      850      1262     608      460      2095     1396     942      1278     1732     1211     892      276      1851     
46       361      1329     906      1847     1279     1130     486      360      1574     108      1208     1687     476      1617     701      1307     1711     1020     345      338      641      122      376      1352     1537     323      1078     1407     900      1740     1169     2051     1742     376      464      1090     1550     2092     1863     1297     1606     1653     1811     1100     1570     1445     0        894      1814     535      881      1755     824      1259     477      767      1383     1058     1496     1697     1014     1562     896      2003     1397     1420     1093     651      657      707      838      1655     696      1113     1083     820      289      357      2328     1323     572      
47       737      1063     32       1642     983      1120     1190     881      1087     876      555      1457     421      1091     1065     577      821      526      810      843      1179     857      897      460      676      732      670      518      525      1546     370      1159     1100     1035     1040     966      935      1198     970      531      924      770      924      495      758      557      894      0        923      1372     1176     897      900      1183     1186     1658     618      1219     602      1037     796      745      391      1111     507      526      873      416      308      778      101      863      1563     1147     773      932      1183     704      1434     445      1301     
48       1646     1375     908      2010     1480     1628     2099     1739     1127     1785     821      1642     1345     1073     1907     843      268      1138     1674     1708     2055     1781     1751     463      334      1646     1107     406      1234     1946     785      330      1116     1898     1878     1456     881      286      79       788      757      345      50       1023     649      431      1814     923      0        2293     1860     245      1560     1777     2095     2571     610      1946     326      1053     1445     633      1031     191      417      417      1482     1287     1175     1497     996      714      2487     1822     1366     1710     2103     1615     533      494      2155     
49       660      1844     1390     1863     1438     1609     269      837      2106     619      1739     2182     954      2151     663      1671     2158     1338     850      832      479      522      846      1831     2039     652      1613     1889     1209     1763     1580     2501     2016     764      864      1596     2085     2562     2335     1678     2140     2091     2296     1444     1955     1896     535      1372     2293     0        1297     2260     1318     1298     265      503      1907     1003     1968     1986     1205     1951     1428     2478     1878     1884     1260     1032     1176     1218     1297     2022     208      1126     1300     902      319      687      2789     1815     786      
