
sets
i        orders          /0*80/
k        routes          /1*80/
p        positions       /0*80/
;

alias(i,j)
alias(i,h)
alias(i,hh)
alias(i,jj)
alias(k,kk)
                
                    Parameters

rho(i)	Processing time
/
0	0
1	53
2	57
3	30
4	1
5	88
6	94
7	28
8	4
9	44
10	16
11	10
12	12
13	12
14	91
15	86
16	51
17	68
18	23
19	29
20	65
21	45
22	67
23	3
24	7
25	62
26	69
27	39
28	94
29	71
30	96
31	6
32	6
33	54
34	99
35	67
36	67
37	50
38	23
39	55
40	89
41	31
42	11
43	52
44	10
45	85
46	87
47	84
48	98
49	55
50	27
51	56
52	37
53	56
54	70
55	15
56	1
57	7
58	15
59	62
60	50
61	68
62	77
63	29
64	47
65	4
66	62
67	72
68	33
69	85
70	77
71	35
72	16
73	35
74	93
75	73
76	48
77	90
78	24
79	71
80	57
/

gamma(i)	Duedate
/
0	0
1	42
2	70
3	9
4	64
5	65
6	71
7	8
8	31
9	73
10	71
11	74
12	41
13	75
14	92
15	57
16	74
17	51
18	64
19	75
20	68
21	42
22	52
23	93
24	89
25	37
26	63
27	4
28	43
29	87
30	31
31	91
32	94
33	71
34	99
35	37
36	82
37	79
38	17
39	56
40	63
41	86
42	16
43	17
44	84
45	56
46	17
47	76
48	59
49	33
50	63
51	49
52	4
53	30
54	76
55	36
56	3
57	50
58	63
59	40
60	88
61	69
62	30
63	8
64	12
65	14
66	1
67	13
68	76
69	64
70	69
71	31
72	4
73	43
74	59
75	18
76	98
77	9
78	42
79	46
80	55
/

sigma(i)	Size
/
0	0
1	8
2	5
3	4
4	4
5	2
6	7
7	8
8	5
9	2
10	4
11	1
12	5
13	6
14	5
15	4
16	2
17	7
18	5
19	7
20	4
21	2
22	7
23	5
24	9
25	8
26	6
27	3
28	7
29	6
30	3
31	7
32	3
33	8
34	8
35	1
36	2
37	7
38	5
39	5
40	3
41	4
42	4
43	8
44	2
45	6
46	7
47	7
48	1
49	9
50	4
51	4
52	7
53	2
54	6
55	6
56	5
57	1
58	6
59	8
60	2
61	3
62	5
63	8
64	5
65	1
66	3
67	7
68	7
69	7
70	9
71	1
72	7
73	1
74	5
75	3
76	9
77	1
78	8
79	4
80	5
/

epsilon(i)	Priority
/
0	0
1	9
2	1
3	8
4	3
5	3
6	3
7	1
8	9
9	1
10	2
11	7
12	3
13	9
14	4
15	8
16	5
17	3
18	8
19	5
20	1
21	6
22	9
23	2
24	9
25	2
26	9
27	1
28	3
29	1
30	7
31	1
32	1
33	7
34	1
35	8
36	2
37	4
38	6
39	8
40	7
41	8
42	3
43	7
44	3
45	8
46	2
47	6
48	5
49	1
50	2
51	6
52	5
53	9
54	8
55	3
56	7
57	3
58	7
59	2
60	6
61	7
62	5
63	5
64	4
65	8
66	7
67	9
68	9
69	3
70	4
71	3
72	3
73	5
74	1
75	4
76	7
77	4
78	3
79	6
80	8
/

psi	Vehicle Capacity
/ 24 /
;

Table kappa(i,j)                 Setup
         0        1        2        3        4        5        6        7        8        9        10       11       12       13       14       15       16       17       18       19       20       21       22       23       24       25       26       27       28       29       30       31       32       33       34       35       36       37       38       39       40       41       42       43       44       45       46       47       48       49       50       51       52       53       54       55       56       57       58       59       60       61       62       63       64       65       66       67       68       69       70       71       72       73       74       75       76       77       78       79       80       
0        0        908      2123     1034     751      2290     1933     2039     2172     2795     2617     3234     1787     2334     1452     2421     2711     1927     1888     2247     1171     3122     1191     722      2543     2414     1671     2000     1409     1469     1560     896      2093     2925     2607     209      2425     1750     2153     1037     903      3100     1959     2307     2117     1320     3249     3312     2376     1761     2228     1649     2868     509      2302     1766     1819     164      1994     1895     419      2087     2671     2139     1592     948      1808     1719     2014     1669     1169     1466     517      1405     1835     505      108      688      1389     1802     1246     
1        908      0        1443     284      157      1462     1437     1390     1440     1903     1851     2350     892      1522     567      1575     1804     1264     1060     1462     738      2243     336      589      1655     1698     763      1124     872      667      711      766      1292     2026     1698     837      1546     948      1605     499      837      2212     1273     1450     1727     563      2370     2434     1699     1268     1337     1066     1970     730      1549     1495     957      769      1612     1564     501      1415     1763     1414     1237     759      1179     996      1663     1182     655      558      410      692      1082     692      808      270      598      1085     1025     
2        2123     1443     0        1620     1547     1932     2538     2303     163      1861     2385     2257     1364     2021     1391     1929     1359     196      1722     2070     2077     2208     1119     2032     1737     2395     1099     771      2094     1645     821      2199     407      1873     1423     2156     1739     1747     2607     1863     2272     2119     2164     694      2875     880      2310     2365     2476     2413     1542     2176     1842     2148     2206     2772     730      1959     2788     2788     1741     39       1387     135      2502     2182     322      1937     2856     2355     1973     1203     1655     756      388      2109     2016     1696     1647     359      2399     
3        1034     284      1620     0        362      1260     1153     1118     1592     1770     1617     2203     777      1310     445      1388     1758     1456     856      1234     476      2090     510      489      1515     1445     745      1169     588      439      823      597      1407     1906     1628     909      1394     725      1323     245      672      2071     1008     1508     1444     764      2216     2279     1436     983      1205     783      1848     708      1307     1226     1032     924      1331     1287     680      1596     1707     1571     963      570      1387     737      1382     898      383      533      608      901      1240     676      949      350      361      1261     786      
4        751      157      1547     362      0        1597     1492     1479     1556     2056     1972     2501     1045     1653     714      1715     1961     1362     1193     1586     751      2392     472      505      1806     1806     921      1274     920      787      851      707      1424     2180     1856     683      1695     1073     1674     519      772      2364     1370     1596     1763     670      2519     2583     1799     1318     1489     1133     2124     603      1665     1502     1102     614      1645     1585     347      1517     1921     1528     1255     712      1267     1099     1690     1229     683      715      260      791      1200     564      652      151      713      1193     1005     
5        2290     1462     1932     1260     1597     0        996      631      1805     671      459      1013     659      89       909      155      1046     1880     404      190      1254     890      1380     1637     462      491      942      1162     1039     822      1294     1592     1535     835      855      2146     333      540      909      1279     1645     907      556      1358     1285     1520     1008     1066     605      1000     411      869      783      1891     316      1431     1229     2185     1265     1344     1936     1935     969      1812     1252     1532     1903     630      1338     1021     1197     1014     1857     1606     1607     1869     2209     1611     901      1693     1456     
6        1933     1437     2538     1153     1492     996      0        367      2455     1662     981      1935     1208     958      1159     1141     2009     2420     889      817      776      1813     1582     1214     1458     711      1442     1848     571      906      1735     1045     2204     1826     1821     1737     1323     810      233      978      1056     1857     456      2143     339      1821     1912     1959     599      176      1312     381      1775     1432     745      454      1817     1895     277      348      1728     2527     1933     2448     387      988      2391     605      351      268      815      1348     1690     1950     2156     1430     1893     1410     926      2213     733      
7        2039     1390     2303     1118     1479     631      367      0        2204     1295     658      1578     941      591      984      774      1657     2205     590      450      876      1454     1456     1322     1093     402      1208     1575     633      757      1534     1201     1944     1459     1467     1859     960      560      312      1012     1233     1495     139      1845     662      1671     1558     1608     338      407      968      395      1408     1566     387      812      1573     1972     634      715      1767     2297     1580     2202     676      1140     2193     407      707      461      870      1161     1712     1790     1933     1555     1981     1433     806      2001     960      
8        2172     1440     163      1592     1556     1805     2455     2204     0        1705     2253     2097     1262     1894     1325     1794     1197     292      1617     1949     2036     2050     1107     2027     1590     2276     1012     645      2035     1575     773      2182     269      1714     1265     2190     1598     1653     2511     1831     2256     1959     2066     534      2793     886      2150     2205     2362     2337     1407     2101     1684     2160     2087     2709     637      2008     2711     2718     1778     191      1226     38       2442     2161     422      1850     2780     2284     1931     1140     1688     775      357      2121     2064     1701     1584     371      2361     
9        2795     1903     1861     1770     2056     671      1662     1295     1705     0        846      455      1011     704      1343     521      588      1878     971      845      1874     367      1716     2209     255      1047     1196     1155     1680     1363     1485     2201     1459     164      450      2679     388      1124     1548     1851     2261     311      1228     1176     1932     1766     488      551      1183     1672     567      1533     114      2456     931      2102     1308     2669     1924     2010     2404     1878     524      1726     1923     2144     1945     1270     1995     1692     1801     1362     2313     1806     1640     2429     2703     2108     1440     1736     2107     
10       2617     1851     2385     1617     1972     459      981      658      2253     846      0        991      1110     372      1325     464      1370     2338     806      389      1494     875      1810     1922     756      269      1397     1613     1253     1185     1750     1831     1984     991      1188     2453     684      902      800      1580     1871     943      681      1786     1173     1967     957      997      394      1062     846      1031     956      2174     315      1433     1688     2529     1198     1308     2296     2389     1294     2262     1331     1769     2363     897      1261     1119     1464     1452     2226     2058     2066     2158     2546     1962     1259     2152     1616     
11       3234     2350     2257     2203     2501     1013     1935     1578     2097     455      991      0        1458     1012     1786     859      909      2294     1374     1147     2263     123      2170     2625     695      1247     1651     1589     2052     1783     1937     2598     1866     386      837      3111     809      1525     1780     2265     2654     146      1542     1563     2160     2220     66       109      1380     1979     1013     1877     426      2876     1191     2388     1751     3112     2175     2277     2849     2277     871      2121     2243     2539     2369     1642     2242     2015     2200     1815     2760     2257     2068     2851     3144     2546     1862     2165     2468     
12       1787     892      1364     777      1045     659      1208     941      1262     1011     1110     1458     0        740      336      731      1001     1277     359      744      1008     1352     738      1248     762      1058     290      640      898      444      642      1289     1003     1137     857      1681     660      398      1249     908      1359     1319     803      941      1547     861      1479     1543     1123     1112     444      885      1080     1482     872      1523     633      1658     1476     1501     1393     1359     943      1260     1271     1241     1280     606      1547     1076     912      369      1302     948      1002     1451     1693     1102     502      1077     1309     
13       2334     1522     2021     1310     1653     89       958      591      1894     704      372      1012     740      0        976      186      1116     1969     461      141      1272     888      1452     1669     517      408      1025     1251     1049     870      1378     1612     1625     868      925      2185     398      584      853      1313     1663     915      533      1446     1233     1599     1002     1057     527      976      498      865      818      1923     243      1400     1317     2233     1220     1306     1988     2024     1038     1901     1235     1552     1991     647      1292     1005     1222     1089     1911     1688     1696     1902     2256     1660     949      1781     1458     
14       1452     567      1391     445      714      909      1159     984      1325     1343     1325     1786     336      976      0        1013     1315     1263     519      937      752      1677     490      926      1092     1212     344      793      712      254      577      992      1096     1473     1183     1345     980      445      1261     606      1065     1650     848      1129     1492     687      1804     1868     1243     1024     776      787      1415     1153     1042     1384     700      1325     1399     1396     1062     1377     1263     1313     1117     951      1231     581      1465     963      648      189      974      806      1004     1121     1359     766      260      1056     1073     
15       2421     1575     1929     1388     1715     155      1141     774      1794     521      464      859      731      186      1013     0        941      1893     533      325      1404     737      1466     1780     333      574      998      1159     1192     952      1344     1741     1526     685      752      2282     227      678      1038     1420     1796     751      708      1321     1419     1587     857      916      702      1153     387      1025     634      2033     425      1581     1249     2311     1406     1489     2058     1936     863      1804     1406     1682     1927     782      1478     1176     1345     1097     1976     1663     1624     2010     2337     1738     1032     1714     1611     
16       2711     1804     1359     1758     1961     1046     2009     1657     1197     588      1370     909      1001     1116     1315     941      0        1417     1161     1237     2002     880      1536     2242     615      1515     1040     786      1862     1440     1212     2291     985      540      190      2636     718      1294     1951     1909     2361     780      1553     667      2319     1501     967      1018     1642     1972     700      1782     526      2466     1358     2409     974      2565     2285     2348     2295     1383     77       1224     2187     2243     1507     1490     2359     1966     1910     1251     2199     1498     1221     2433     2608     2051     1503     1316     2288     
17       1927     1264     196      1456     1362     1880     2420     2205     292      1878     2338     2294     1277     1969     1263     1893     1417     0        1636     2005     1921     2236     949      1853     1731     2327     998      740      1954     1518     686      2026     432      1907     1456     1962     1717     1645     2503     1701     2099     2152     2066     753      2755     702      2343     2401     2400     2287     1507     2051     1872     1961     2139     2631     653      1763     2663     2656     1547     160      1434     254      2361     2012     131      1826     2728     2225     1819     1073     1463     572      275      1922     1820     1512     1512     206      2240     
18       1888     1060     1722     856      1193     404      889      590      1617     971      806      1374     359      461      519      533      1161     1636     0        418      902      1255     1005     1252     720      712      642      984      719      419      988      1229     1355     1126     983      1749     583      152      901      891      1290     1252     456      1259     1222     1175     1379     1440     767      822      468      621      1068     1503     532      1255     992      1781     1164     1208     1531     1718     1089     1616     1026     1173     1636     329      1238     807      830      653      1452     1276     1361     1479     1806     1207     499      1435     1151     
19       2247     1462     2070     1234     1586     190      817      450      1949     845      389      1147     744      141      937      325      1237     2005     418      0        1158     1023     1424     1567     650      326      1034     1304     928      799      1386     1498     1681     1009     1046     2090     524      514      719      1216     1546     1054     395      1524     1097     1589     1134     1188     425      836      585      733      958      1821     138      1259     1352     2152     1081     1165     1914     2070     1159     1954     1097     1437     2018     537      1153     867      1114     1070     1841     1686     1730     1802     2172     1582     874      1811     1328     
20       1171     738      2077     476      751      1254     776      876      2036     1874     1494     2263     1008     1272     752      1404     2002     1921     902      1158     0        2141     983      449      1623     1266     1097     1545     243      564      1263     340      1830     2028     1843     985      1485     750      986      239      391      2147     814      1882     1018     1239     2262     2320     1214     600      1352     481      1970     689      1182     756      1439     1121     897      834      954      2056     1939     2019     504      279      1858     625      939      507      105      913      922      1375     1692     679      1122     647      510      1722     325      
21       3122     2243     2208     2090     2392     890      1813     1454     2050     367      875      123      1352     888      1677     737      880      2236     1255     1023     2141     0        2072     2507     591      1128     1555     1519     1929     1666     1851     2477     1811     340      785      2996     697      1406     1660     2147     2533     110      1418     1517     2041     2131     127      190      1262     1856     909      1753     366      2758     1068     2265     1674     3002     2054     2155     2740     2227     833      2073     2119     2418     2306     1520     2121     1891     2079     1713     2652     2173     2002     2733     3033     2434     1746     2099     2344     
22       1191     336      1119     510      472      1380     1582     1456     1107     1716     1810     2170     738      1452     490      1466     1536     949      1005     1424     983      2072     0        919      1481     1702     522      810      1054     700      379      1080     955      1821     1452     1150     1392     934      1715     755      1153     2027     1325     1126     1898     255      2198     2262     1730     1426     1167     1201     1767     1066     1532     1719     633      1037     1793     1765     771      1094     1504     1082     1452     1063     877      1049     1852     1351     884      369      673      392      750      1027     1085     605      660      760      1296     
23       722      589      2032     489      505      1637     1214     1322     2027     2209     1922     2625     1248     1669     926      1780     2242     1853     1252     1567     449      2507     919      0        1954     1705     1235     1653     689      846      1278     221      1865     2354     2105     537      1824     1102     1431     360      274      2500     1251     1991     1420     1152     2631     2692     1660     1040     1656     929      2296     253      1607     1098     1506     683      1296     1210     561      2004     2188     2002     891      252      1765     1030     1325     948      458      1022     562      1281     1669     235      679      355      769      1674     570      
24       2543     1655     1737     1515     1806     462      1458     1093     1590     255      756      695      762      517      1092     333      615      1731     720      650      1623     591      1481     1954     0        904      967      993      1434     1107     1276     1948     1330     405      431      2425     141      873      1369     1596     2009     557      1011     1080     1747     1549     718      782      1034     1453     318      1299     347      2201     758      1887     1124     2418     1728     1805     2154     1749     539      1606     1695     1892     1785     1027     1801     1465     1549     1121     2065     1600     1478     2174     2451     1855     1185     1572     1864     
25       2414     1698     2395     1445     1806     491      711      402      2276     1047     269      1247     1058     408      1212     574      1515     2327     712      326      1266     1128     1702     1705     904      0        1347     1631     1023     1033     1698     1597     2007     1203     1326     2241     799      768      534      1377     1632     1186     454      1846     913      1885     1217     1260     136      798      901      790      1161     1953     189      1163     1675     2336     931      1039     2116     2396     1438     2280     1067     1536     2337     708      996      860      1248     1362     2052     1988     2052     1940     2349     1779     1099     2132     1362     
26       1671     763      1099     745      921      942      1442     1208     1012     1196     1397     1651     290      1025     344      998      1040     998      642      1034     1097     1555     522      1235     967      1347     0        448      1046     575      353      1324     768      1299     939      1596     890      648      1508     939      1398     1507     1068     785      1781     591      1680     1744     1409     1325     660      1090     1245     1442     1162     1710     376      1528     1699     1709     1258     1090     1000     1005     1446     1286     993      839      1768     1275     992      214      1162     665      725      1407     1570     1013     600      795      1418     
27       2000     1124     771      1169     1274     1162     1848     1575     645      1155     1613     1589     640      1251     793      1159     786      740      984      1304     1545     1519     810      1653     993      1631     448      0        1491     1018     446      1760     376      1205     765      1957     977      1038     1885     1379     1835     1444     1439     340      2187     725      1634     1694     1718     1747     772      1515     1163     1841     1442     2146     191      1845     2114     2135     1581     776      777      650      1885     1725     793      1245     2186     1704     1440     641      1483     712      486      1805     1894     1391     1047     582      1866     
28       1409     872      2094     588      920      1039     571      633      2035     1680     1253     2052     898      1049     712      1192     1862     1954     719      928      243      1929     1054     689      1434     1023     1046     1491     0        473      1273     577      1808     1838     1693     1226     1294     573      764      409      619      1942     572      1818     856      1304     2047     2104     971      398      1185     239      1781     932      943      677      1412     1351     744      711      1166     2078     1794     2022     408      515      1906     410      799      310      248      895      1123     1439     1706     921      1356     842      451      1749     431      
29       1469     667      1645     439      787      822      906      757      1575     1363     1185     1783     444      870      254      952      1440     1518     419      799      564      1666     700      846      1107     1033     575      1018     473      0        832      857      1341     1508     1285     1331     978      286      1018     489      924      1655     627      1346     1237     923      1792     1853     1044     769      812      532      1450     1094     882      1136     945      1363     1145     1143     1118     1632     1379     1564     871      805      1485     349      1210     709      470      444      1042     1048     1259     1068     1387     789      79       1311     867      
30       1560     711      821      823      851      1294     1735     1534     773      1485     1750     1937     642      1378     577      1344     1212     686      988      1386     1263     1851     379      1278     1276     1698     353      446      1273     832      0        1417     587      1567     1158     1529     1216     974      1825     1059     1493     1792     1395     748      2069     290      1973     2036     1755     1601     987      1365     1517     1441     1513     1951     259      1403     1977     1971     1141     804      1191     755      1682     1393     659      1145     2042     1539     1158     387      1044     324      432      1403     1453     981      828      479      1587     
31       896      766      2199     597      707      1592     1045     1201     2182     2201     1831     2598     1289     1612     992      1741     2291     2026     1229     1498     340      2477     1080     221      1948     1597     1324     1760     577      857      1417     0        2003     2352     2141     694      1812     1077     1271     386      75       2480     1149     2100     1223     1324     2598     2657     1537     877      1665     807      2294     388      1520     885      1628     881      1099     1005     781      2173     2232     2159     696      61       1945     965      1123     788      399      1119     784      1457     1826     390      869      563      788      1840     357      
32       2093     1292     407      1407     1424     1535     2204     1944     269      1459     1984     1866     1003     1625     1096     1526     985      432      1355     1681     1830     1811     955      1865     1330     2007     768      376      1808     1341     587      2003     0        1480     1028     2086     1332     1398     2252     1638     2078     1725     1807     323      2544     773      1916     1974     2094     2093     1139     1858     1446     2021     1818     2477     396      1931     2465     2478     1683     420      1003     278      2212     1977     527      1599     2535     2044     1724     919      1589     694      283      1983     1984     1560     1357     362      2155     
33       2925     2026     1873     1906     2180     835      1826     1459     1714     164      991      386      1137     868      1473     685      540      1907     1126     1009     2028     340      1821     2354     405      1203     1299     1205     1838     1508     1567     2352     1480     0        451      2815     544      1278     1710     1998     2414     245      1392     1180     2094     1853     436      494      1339     1836     701      1695     58       2599     1093     2266     1371     2794     2087     2174     2528     1893     493      1737     2086     2297     1983     1430     2158     1855     1954     1477     2436     1882     1682     2571     2830     2239     1584     1779     2267     
34       2607     1698     1423     1628     1856     855      1821     1467     1265     450      1188     837      857      925      1183     752      190      1456     983      1046     1843     785      1452     2105     431      1326     939      765      1693     1285     1158     2141     1028     451      0        2520     527      1121     1760     1764     2210     696      1365     732      2130     1448     888      945      1452     1788     517      1603     419      2336     1168     2226     941      2466     2097     2161     2196     1442     113      1288     2008     2091     1533     1313     2171     1785     1754     1140     2101     1462     1234     2304     2507     1936     1353     1331     2122     
35       209      837      2156     909      683      2146     1737     1859     2190     2679     2453     3111     1681     2185     1345     2282     2636     1962     1749     2090     985      2996     1150     537      2425     2241     1596     1957     1226     1331     1529     694      2086     2815     2520     0        2302     1606     1960     874      697      2980     1786     2277     1912     1315     3122     3184     2197     1566     2115     1466     2757     305      2138     1558     1783     273      1789     1689     415      2122     2591     2159     1389     748      1850     1557     1808     1475     993      1384     502      1415     1843     307      228      584      1251     1820     1040     
36       2425     1546     1739     1394     1695     333      1323     960      1598     388      684      809      660      398      980      227      718      1717     583      524      1485     697      1392     1824     141      799      890      977      1294     978      1216     1812     1332     544      527      2302     0        736      1242     1465     1873     678      874      1109     1618     1479     824      888      924      1314     230      1158     487      2072     641      1749     1089     2304     1595     1670     2042     1748     640      1611     1555     1756     1761     887      1668     1325     1413     1026     1955     1540     1455     2046     2335     1737     1056     1548     1723     
37       1750     948      1747     725      1073     540      810      560      1653     1124     902      1525     398      584      445      678      1294     1645     152      514      750      1406     934      1102     873      768      648      1038     573      286      974      1077     1398     1278     1121     1606     736      0        860      743      1137     1404     421      1335     1149     1128     1529     1590     798      719      611      501      1220     1355     605      1142     1018     1648     1078     1109     1404     1739     1225     1649     901      1020     1632     211      1151     691      677      608      1329     1240     1373     1332     1671     1075     364      1440     1004     
38       2153     1605     2607     1323     1674     909      233      312      2511     1548     800      1780     1249     853      1261     1038     1951     2503     901      719      986      1660     1715     1431     1369     534      1508     1885     764      1018     1825     1271     2252     1710     1760     1960     1242     860      0        1172     1286     1715     446      2157     384      1942     1751     1795     406      394      1271     541      1663     1656     617      648      1877     2108     398      512      1930     2599     1874     2508     621      1213     2485     680      462      484      1012     1445     1886     2066     2232     1652     2109     1605     1054     2297     966      
39       1037     499      1863     245      519      1279     978      1012     1831     1851     1580     2265     908      1313     606      1420     1909     1701     891      1216     239      2147     755      360      1596     1377     939      1379     409      489      1059     386      1638     1998     1764     874      1465     743      1172     0        460      2141     924      1719     1244     1010     2271     2332     1346     803      1302     637      1939     612      1265     996      1255     960      1126     1069     759      1840     1852     1812     741      346      1632     683      1172     713      164      737      714      1146     1481     589      972      433      415      1505     541      
40       903      837      2272     672      772      1645     1056     1233     2256     2261     1871     2654     1359     1663     1065     1796     2361     2099     1290     1546     391      2533     1153     274      2009     1632     1398     1835     619      924      1493     75       2078     2414     2210     697      1873     1137     1286     460      0        2538     1189     2175     1215     1397     2653     2712     1567     893      1730     842      2356     395      1563     864      1704     902      1091     991      823      2246     2301     2233     694      118      2017     1016     1110     807      461      1194     833      1529     1900     404      885      625      857      1913     342      
41       3100     2212     2119     2071     2364     907      1857     1495     1959     311      943      146      1319     915      1650     751      780      2152     1252     1054     2147     110      2027     2500     557      1186     1507     1444     1942     1655     1792     2480     1725     245      696      2980     678      1404     1715     2141     2538     0        1449     1425     2098     2075     191      250      1322     1891     875      1776     281      2750     1112     2308     1605     2976     2105     2202     2712     2138     737      1983     2151     2422     2226     1531     2174     1921     2081     1673     2622     2111     1924     2724     3009     2412     1734     2021     2363     
42       1959     1273     2164     1008     1370     556      456      139      2066     1228     681      1542     803      533      848      708      1553     2066     456      395      814      1418     1325     1251     1011     454      1068     1439     572      627      1395     1149     1807     1392     1365     1786     874      421      446      924      1189     1449     0        1714     776      1536     1528     1581     428      444      857      351      1339     1500     377      876      1434     1884     732      797      1669     2158     1477     2063     701      1088     2054     279      806      472      793      1023     1609     1653     1793     1486     1896     1333     682      1862     944      
43       2307     1450     694      1508     1596     1358     2143     1845     534      1176     1786     1563     941      1446     1129     1321     667      753      1259     1524     1882     1517     1126     1991     1080     1846     785      340      1818     1346     748      2100     323      1180     732      2277     1109     1335     2157     1719     2175     1425     1714     0        2479     998      1616     1671     1948     2053     947      1826     1151     2174     1662     2463     494      2149     2414     2443     1889     716      692      559      2207     2065     851      1546     2486     2017     1777     981      1792     950      588      2137     2199     1719     1380     677      2202     
44       2117     1727     2875     1444     1763     1285     339      662      2793     1932     1173     2160     1547     1233     1492     1419     2319     2755     1222     1097     1018     2041     1898     1420     1747     913      1781     2187     856      1237     2069     1223     2544     2094     2130     1912     1618     1149     384      1244     1215     2098     776      2479     0        2142     2129     2170     779      472      1630     705      2047     1608     1000     391      2156     2102     124      236      1965     2864     2243     2786     529      1175     2722     944      123      548      1080     1681     1939     2273     2492     1613     2092     1665     1252     2548     872      
45       1320     563      880      764      670      1520     1821     1671     886      1766     1967     2220     861      1599     687      1587     1501     702      1175     1589     1239     2131     255      1152     1549     1885     591      725      1304     923      290      1324     773      1853     1448     1315     1479     1128     1942     1010     1397     2075     1536     998      2142     0        2254     2317     1926     1670     1249     1440     1803     1274     1707     1973     534      1158     2040     2016     909      852      1481     858      1705     1312     623      1266     2100     1597     1140     522      815      136      531      1235     1211     817      894      523      1551     
46       3249     2370     2310     2216     2519     1008     1912     1558     2150     488      957      66       1479     1002     1804     857      967      2343     1379     1134     2262     127      2198     2631     718      1217     1680     1634     2047     1792     1973     2598     1916     436      888      3122     824      1529     1751     2271     2653     191      1528     1616     2129     2254     0        64       1349     1962     1035     1867     472      2883     1171     2366     1792     3128     2148     2252     2867     2330     927      2174     2227     2539     2417     1639     2214     2000     2201     1839     2779     2294     2114     2858     3160     2561     1871     2211     2460     
47       3312     2434     2365     2279     2583     1066     1959     1608     2205     551      997      109      1543     1057     1868     916      1018     2401     1440     1188     2320     190      2262     2692     782      1260     1744     1694     2104     1853     2036     2657     1974     494      945      3184     888      1590     1795     2332     2712     250      1581     1671     2170     2317     64       0        1391     2013     1099     1921     531      2944     1221     2413     1854     3192     2192     2297     2930     2386     980      2230     2279     2598     2476     1696     2257     2052     2261     1903     2843     2357     2174     2919     3223     2624     1933     2271     2515     
48       2376     1699     2476     1436     1799     605      599      338      2362     1183     394      1380     1123     527      1243     702      1642     2400     767      425      1214     1262     1730     1660     1034     136      1409     1718     971      1044     1755     1537     2094     1339     1452     2197     924      798      406      1346     1567     1322     428      1948     779      1926     1349     1391     0        705      1010     733      1297     1904     289      1045     1750     2307     804      916      2097     2475     1564     2364     969      1476     2403     702      867      775      1207     1404     2037     2035     2124     1893     2317     1761     1104     2201     1281     
49       1761     1268     2413     983      1318     1000     176      407      2337     1672     1062     1979     1112     976      1024     1153     1972     2287     822      836      600      1856     1426     1040     1453     798      1325     1747     398      769      1601     877      2093     1836     1788     1566     1314     719      394      803      893      1891     444      2053     472      1670     1962     2013     705      0        1272     236      1783     1262     792      437      1701     1720     375      390      1552     2400     1898     2328     269      819      2252     508      442      92       639      1214     1515     1801     2027     1259     1719     1235     780      2081     582      
