

sets
i        orders          /0*40/
k        routes          /1*40/
p        positions       /0*40/
;

alias(i,j)
alias(i,h)
alias(i,hh)
alias(i,jj)
alias(k,kk)
                            Parameters

rho(i)	Processing time
/
0	0
1	9
2	9
3	55
4	66
5	57
6	18
7	11
8	11
9	10
10	87
11	29
12	20
13	30
14	60
15	83
16	1
17	92
18	85
19	46
20	29
21	8
22	91
23	82
24	47
25	50
26	79
27	17
28	88
29	56
30	67
31	41
32	19
33	90
34	14
35	8
36	29
37	81
38	83
39	8
40	99
/

gamma(i)	Duedate
/
0	0
1	70
2	16
3	46
4	11
5	93
6	85
7	65
8	96
9	58
10	92
11	28
12	72
13	31
14	3
15	23
16	82
17	46
18	57
19	71
20	86
21	45
22	57
23	90
24	85
25	81
26	52
27	69
28	56
29	51
30	74
31	66
32	67
33	77
34	11
35	26
36	3
37	26
38	90
39	31
40	10
/

sigma(i)	Size
/
0	0
1	2
2	2
3	1
4	2
5	3
6	6
7	9
8	5
9	9
10	6
11	3
12	1
13	9
14	5
15	7
16	7
17	1
18	6
19	1
20	7
21	6
22	7
23	5
24	7
25	1
26	3
27	4
28	2
29	5
30	9
31	5
32	2
33	5
34	5
35	4
36	9
37	9
38	2
39	7
40	5
/

epsilon(i)	Priority
/
0	0
1	6
2	9
3	7
4	8
5	3
6	9
7	2
8	9
9	7
10	1
11	1
12	2
13	8
14	6
15	8
16	3
17	6
18	5
19	9
20	9
21	4
22	5
23	2
24	4
25	7
26	4
27	4
28	7
29	1
30	7
31	7
32	5
33	7
34	2
35	2
36	3
37	5
38	4
39	8
40	5
/

psi	Vehicle Capacity
/ 43 /
;

Table kappa(i,j)                 Setup
         0        1        2        3        4        5        6        7        8        9        10       11       12       13       14       15       16       17       18       19       20       21       22       23       24       25       26       27       28       29       30       31       32       33       34       35       36       37       38       39       40       
0        0        1316     418      251      1094     384      350      1624     923      861      1594     615      1235     608      1313     1350     587      1385     1847     182      369      477      1320     658      708      990      1725     1319     1246     1964     1271     1451     1260     1292     1404     673      139      697      1289     1247     1189     
1        1316     0        902      1448     225      1437     1447     2102     1091     1104     1449     1930     799      1924     446      958      1815     469      1457     1411     1609     1689     1441     1032     1925     1568     2166     1892     143      1482     1805     2021     864      1378     878      680      1255     1977     578      1201     1477     
2        418      902      0        596      678      586      583      1633     716      670      1377     1028     895      1026     910      1037     931      982      1577     543      716      807      1165     458      1048     988      1724     1348     828      1678     1279     1488     933      1120     1066     262      356      1080     903      1023     1082     
3        251      1448     596      0        1235     604      563      1850     1173     1112     1846     568      1464     533      1506     1587     682      1578     2094     69       499      604      1572     905      795      1228     1953     1544     1398     2209     1502     1672     1494     1543     1635     859      391      724      1497     1497     1438     
4        1094     225      678      1235     0        1214     1223     1941     917      921      1357     1707     705      1703     431      876      1590     484      1415     1195     1384     1464     1303     826      1701     1379     2011     1714     171      1462     1629     1847     771      1241     822      456      1031     1752     529      1073     1317     
5        384      1437     586      604      1214     0        45       1246     709      643      1332     635      1122     671      1309     1194     392      1376     1620     539      240      271      1025     504      492      629      1348     940      1335     1750     898      1069     1127     1009     1276     757      290      582      1245     1011     869      
6        350      1447     583      563      1223     45       0        1287     748      682      1376     597      1155     630      1332     1230     371      1400     1662     499      202      247      1070     536      478      673      1390     981      1349     1792     940      1109     1162     1054     1310     766      267      555      1272     1053     915      
7        1624     2102     1633     1850     1941     1246     1287     0        1026     1033     884      1683     1351     1748     1726     1248     1336     1755     1180     1786     1398     1326     689      1198     1306     649      104      306      1960     1315     357      191      1296     751      1369     1612     1503     1488     1591     932      625      
8        923      1091     716      1173     917      709      748      1026     0        65       676      1344     465      1379     775      494      1067     824      926      1104     949      964      452      272      1136     490      1101     800      952      1050     714      931      449      404      592      610      784      1268     662      324      409      
9        861      1104     670      1112     921      643      682      1033     65       0        734      1278     518      1313     809      557      1003     862      991      1043     884      899      494      217      1074     465      1111     793      968      1115     708      927      506      451      651      586      722      1204     703      386      428      
10       1594     1449     1377     1846     1357     1332     1376     884      676      734      0        1949     654      1995     1011     491      1631     1013     331      1777     1565     1553     333      948      1668     822      895      868      1308     476      798      924      588      327      584      1217     1455     1830     872      354      515      
11       615      1930     1028     568      1707     635      597      1683     1344     1278     1949     0        1747     72       1891     1827     348      1962     2248     568      394      398      1629     1128     389      1175     1787     1392     1855     2381     1382     1492     1757     1622     1906     1272     684      224      1846     1641     1459     
12       1235     799      895      1464     705      1122     1155     1351     465      518      654      1747     0        1771     379      173      1503     404      731      1402     1356     1390     665      619      1582     933      1401     1190     657      806      1102     1303     66       602      171      666      1110     1700     240      420      745      
13       608      1924     1026     533      1703     671      630      1748     1379     1313     1995     72       1771     0        1902     1857     412      1973     2289     540      431      449      1678     1155     459      1230     1852     1456     1854     2421     1443     1557     1784     1669     1932     1275     690      296      1862     1681     1510     
14       1313     446      910      1506     431      1309     1332     1726     775      809      1011     1891     379      1902     0        521      1701     72       1011     1453     1522     1579     1044     822      1797     1264     1779     1551     317      1044     1462     1670     440      980      432      647      1213     1887     140      798      1112     
15       1350     958      1037     1587     876      1194     1230     1248     494      557      491      1827     173      1857     521      0        1560     529      561      1522     1433     1455     560      705      1630     908      1289     1121     818      645      1034     1222     112      500      122      822      1219     1761     382      325      674      
16       587      1815     931      682      1590     392      371      1336     1067     1003     1631     348      1503     412      1701     1560     0        1768     1941     644      220      126      1305     891      121      836      1440     1044     1719     2078     1034     1146     1503     1304     1651     1135     580      201      1635     1342     1129     
17       1385     469      982      1578     484      1376     1400     1755     824      862      1013     1962     404      1973     72       529      1768     0        990      1525     1591     1647     1069     886      1863     1312     1804     1589     353      1013     1501     1705     460      1006     429      719      1284     1955     166      823      1147     
18       1847     1457     1577     2094     1415     1620     1662     1180     926      991      331      2248     731      2289     1011     561      1941     990      0        2027     1858     1855     660      1189     1984     1148     1174     1195     1328     145      1127     1241     673      645      593      1379     1709     2141     889      609      842      
19       182      1411     543      69       1195     539      499      1786     1104     1043     1777     568      1402     540      1453     1522     644      1525     2027     0        450      558      1502     837      761      1161     1888     1480     1356     2142     1436     1609     1430     1474     1572     806      322      705      1440     1429     1369     
20       369      1609     716      499      1384     240      202      1398     949      884      1565     394      1356     431      1522     1433     220      1591     1858     450      0        109      1252     737      341      823      1502     1094     1518     1989     1066     1212     1364     1240     1513     932      362      369      1467     1250     1089     
21       477      1689     807      604      1464     271      247      1326     964      899      1553     398      1390     449      1579     1455     126      1647     1855     558      109      0        1231     775      241      780      1430     1025     1593     1989     1005     1137     1393     1225     1542     1009     458      310      1516     1250     1061     
22       1320     1441     1165     1572     1303     1025     1070     689      452      494      333      1629     665      1678     1044     560      1305     1069     660      1502     1252     1231     0        710      1337     488      735      582      1298     805      501      669      608      63       682      1057     1181     1501     906      245      182      
23       658      1032     458      905      826      504      536      1198     272      217      948      1128     619      1155     822      705      891      886      1189     837      737      775      710      0        980      575      1284     930      908      1306     853      1070     629      668      777      422      521      1086     745      595      625      
24       708      1925     1048     795      1701     492      478      1306     1136     1074     1668     389      1582     459      1797     1630     121      1863     1984     761      341      241      1337     980      0        856      1409     1024     1827     2124     1025     1115     1578     1342     1725     1245     699      182      1725     1395     1158     
25       990      1568     988      1228     1379     629      673      649      490      465      822      1175     933      1230     1264     908      836      1312     1148     1161     823      780      488      575      856      0        745      360      1433     1291     292      500      901      504      1025     997      863      1027     1147     606      306      
26       1725     2166     1724     1953     2011     1348     1390     104      1101     1111     895      1787     1401     1852     1779     1289     1440     1804     1174     1888     1502     1430     735      1284     1409     745      0        409      2022     1304     455      294      1344     798      1408     1695     1603     1591     1642     981      694      
27       1319     1892     1348     1544     1714     940      981      306      800      793      868      1392     1190     1456     1551     1121     1044     1589     1195     1480     1094     1025     582      930      1024     360      409      0        1752     1339     88       140      1144     631      1244     1352     1200     1207     1422     795      447      
28       1246     143      828      1398     171      1335     1349     1960     952      968      1308     1855     657      1854     317      818      1719     353      1328     1356     1518     1593     1298     908      1827     1433     2022     1752     0        1361     1666     1881     722      1234     743      587      1173     1888     442      1057     1335     
29       1964     1482     1678     2209     1462     1750     1792     1315     1050     1115     476      2381     806      2421     1044     645      2078     1013     145      2142     1989     1989     805      1306     2124     1291     1304     1339     1361     0        1272     1382     754      787      651      1467     1828     2278     933      740      986      
30       1271     1805     1279     1502     1629     898      940      357      714      708      798      1382     1102     1443     1462     1034     1034     1501     1127     1436     1066     1005     501      853      1025     292      455      88       1666     1272     0        218      1056     548      1157     1273     1148     1205     1334     709      360      
31       1451     2021     1488     1672     1847     1069     1109     191      931      927      924      1492     1303     1557     1670     1222     1146     1705     1241     1609     1212     1137     669      1070     1115     500      294      140      1881     1382     218      0        1254     724      1345     1490     1335     1297     1539     897      558      
32       1260     864      933      1494     771      1127     1162     1296     449      506      588      1757     66       1784     440      112      1503     460      673      1430     1364     1393     608      629      1578     901      1344     1144     722      754      1056     1254     0        545      148      713      1132     1702     300      363      697      
33       1292     1378     1120     1543     1241     1009     1054     751      404      451      327      1622     602      1669     980      500      1304     1006     645      1474     1240     1225     63       668      1342     504      798      631      1234     787      548      724      545      0        622      1003     1152     1502     843      182      206      
34       1404     878      1066     1635     822      1276     1310     1369     592      651      584      1906     171      1932     432      122      1651     429      593      1572     1513     1542     682      777      1725     1025     1408     1244     743      651      1157     1345     148      622      0        834      1277     1850     300      448      797      
35       673      680      262      859      456      757      766      1612     610      586      1217     1272     666      1275     647      822      1135     719      1379     806      932      1009     1057     422      1245     997      1695     1352     587      1467     1273     1490     713      1003     834      0        588      1301     645      874      1014     
36       139      1255     356      391      1031     290      267      1503     784      722      1455     684      1110     690      1213     1219     580      1284     1709     322      362      458      1181     521      699      863      1603     1200     1173     1828     1148     1335     1132     1152     1277     588      0        724      1178     1108     1052     
37       697      1977     1080     724      1752     582      555      1488     1268     1204     1830     224      1700     296      1887     1761     201      1955     2141     705      369      310      1501     1086     182      1027     1591     1207     1888     2278     1205     1297     1702     1502     1850     1301     724      0        1826     1543     1324     
38       1289     578      903      1497     529      1245     1272     1591     662      703      872      1846     240      1862     140      382      1635     166      889      1440     1467     1516     906      745      1725     1147     1642     1422     442      933      1334     1539     300      843      300      645      1178     1826     0        660      980      
39       1247     1201     1023     1497     1073     1011     1053     932      324      386      354      1641     420      1681     798      325      1342     823      609      1429     1250     1250     245      595      1395     606      981      795      1057     740      709      897      363      182      448      874      1108     1543     660      0        349      
40       1189     1477     1082     1438     1317     869      915      625      409      428      515      1459     745      1510     1112     674      1129     1147     842      1369     1089     1061     182      625      1158     306      694      447      1335     986      360      558      697      206      797      1014     1052     1324     980      349      0        
;



Table delta(i,j)                 Distance
         0        1        2        3        4        5        6        7        8        9        10       11       12       13       14       15       16       17       18       19       20       21       22       23       24       25       26       27       28       29       30       31       32       33       34       35       36       37       38       39       40       
0        0        4020     4680     2400     4230     2910     1590     4170     750      1800     4080     3360     4200     4860     990      2040     5610     4560     5730     2940     4020     1560     4080     1680     120      780      5610     2010     2580     3120     5220     1620     4740     1680     1080     2910     4710     5220     3180     4860     2640     
1        4020     0        115      101      165      226      108      126      159      191      38       113      10       188      156      198      75       146      72       165      120      163      156      88       135      117      73       173      123      113      77       182      74       112      108      159      115      65       78       56       144      
2        4680     115      0        181      71       208      103      28       178      186      77       46       109      88       189      188      83       40       97       107      27       145      64       150      160      130      88       145      78       55       63       173      49       100      156      100      1        79       175      74       92       
3        2400     101      181      0        196      174      102      176      95       137      125      151      110      220      80       146      174      194      172      167      170      131      188      33       78       86       172      146      138      146      170      134      160      108      45       163      181      162      33       151      150      
4        4230     165      71       196      0        158      95       45       155      148      132      52       162      24       173      147      153      32       166      54       49       108      9        162      146      119      157      101      58       53       133      135      116      90       158      50       73       147      203      139      53       
5        2910     226      208      174      158      0        121      182      79       37       218      161      231      167      97       29       264      184      272      105      180      65       158      154      98       108      266      62       130      154      248      44       229      120      133      110      209      253      203      241      115      
6        1590     108      103      102      95       121      0        86       75       91       96       59       111      118      86       96       143      100      150      66       81       56       88       69       57       27       145      65       36       52       128      79       111      5        62       62       104      131      115      119      48       
7        4170     126      28       176      45       182      86       0        159      162      90       26       122      65       172      164      108      20       121      80       6        122      37       143      143      113      112      119      55       34       88       149      71       82       145      73       29       102      176      95       66       
8        750      159      178      95       155      79       75       159      0        42       161      133      166      174      21       51       212      170      217      107      155      52       151      78       24       49       213      67       104      125      200      41       183      77       56       108      179      200      125      187      102      
9        1800     191      186      137      148      37       91       162      42       0        186      139      196      161      61       9        235      169      241      94       160      41       146      117      61       74       236      47       108      131      219      13       202      90       95       98       187      223      166      210      97       
10       4080     38       77       125      132      218      96       90       161      186      0        82       32       154      163      192      51       110      55       142      84       152      123      103      138      114      51       160      99       84       45       175      37       98       118      135      76       39       109      26       121      
11       3360     113      46       151      52       161      59       26       133      139      82       0        110      76       145      142      112      43       123      66       22       99       43       118      116      86       115      99       31       8        92       126      74       56       118      58       48       103      153      93       48       
12       4200     10       109      110      162      231      111      122      166      196      32       110      0        185      164      203      65       142      62       166      116      167      153      96       142      122      63       176      123      112      68       186      66       114      115      159      109      55       88       46       144      
13       4860     188      88       220      24       167      118      65       174      161      154      76       185      0        192      159      171      47       185      68       70       124      33       186      166      141      176      114      82       77       151      149      136      112      180      66       89       166      227      160      73       
14       990      156      189      80       173      97       86       172      21       61       163      145      164      192      0        70       215      184      218      126      167      73       168      70       29       59       215      88       118      137      204      62       189      89       48       127      190      202      112      190      119      
15       2040     198      188      146      147      29       96       164      51       9        192      142      203      159      70       0        239      169      246      93       162      42       145      125      69       80       241      46       110      133      224      16       206      95       104      97       190      228      174      216      98       
16       5610     75       83       174      153      264      143      108      212      235      51       112      65       171      215      239      0        124      14       178      104      198      145      154      189      163      5        203      138      117      20       223      37       144      170      170      82       12       154      25       158      
17       4560     146      40       194      32       184      100      20       170      169      110      43       142      47       184      169      124      0        137      79       26       128      27       161      156      127      128      123      66       49       103      156      89       96       161      74       41       119      195      113      71       
18       5730     72       97       172      166      272      150      121      217      241      55       123      62       185      218      246      14       137      0        188      117      206      158      155      193      169      9        212      147      128      34       229      49       152      172      181      96       20       150      31       168      
19       2940     165      107      167      54       105      66       80       107      94       142      66       166      68       126      93       178      79       188      0        80       56       53       134      102      81       181      47       42       60       158      81       140      60       123      7        109      168      181      158      21       
20       4020     120      27       170      49       180      81       6        155      160      84       22       116      70       167      162      104      26       117      80       0        119      40       137      138      108      108      118      52       30       84       147      67       78       139      73       29       97       169      90       65       
21       1560     163      145      131      108      65       56       122      52       41       152      99       167      124      73       42       198      128      206      56       119      0        106      103      55       49       200      15       67       91       182      27       164      54       85       59       147      187      154      175      57       
22       4080     156      64       188      9        158      88       37       151      146      123      43       153      33       168      145      145      27       158      53       40       106      0        154      140      113      149      99       51       44       125      133      108      83       151      48       65       138      194      130      49       
23       1680     88       150      33       162      154      69       143      78       117      103      118      96       186      70       125      154      161      155      134      137      103      154      0        55       55       153      117      104      112      147      111      135      74       21       130      151      141      51       130      117      
24       120      135      160      78       146      98       57       143      24       61       138      116      142      166      29       69       189      156      193      102      138      55       140      55       0        30       190      71       90       109      177      56       161      60       34       102      161      177      105      164      93       
25       780      117      130      86       119      108      27       113      49       74       114      86       122      141      59       80       163      127      169      81       108      49       113      55       30       0        165      63       61       79       150      64       133      31       41       79       131      151      105      139      68       
26       5610     73       88       172      157      266      145      112      213      236      51       115      63       176      215      241      5        128      9        181      108      200      149      153      190      165      0        206      140      121      25       224      41       146      169      174      87       13       151      25       161      
27       2010     173      145      146      101      62       65       119      67       47       160      99       176      114      88       46       203      123      212      47       118      15       99       117      71       63       206      0        68       91       186      34       168      62       100      51       146      192      168      181      53       
28       2580     123      78       138      58       130      36       55       104      108      99       31       123      82       118      110      138      66       147      42       52       67       51       104      90       61       140      68       0        23       119      95       101      31       99       36       79       127      147      116      21       
29       3120     113      55       146      53       154      52       34       125      131      84       8        112      77       137      133      117      49       128      60       30       91       44       112      109      79       121      91       23       0        99       118      80       48       112      52       56       108      150      98       41       
30       5220     77       63       170      133      248      128      88       200      219      45       92       68       151      204      224      20       103      34       158      84       182      125      147      177      150      25       186      119      99       0        207      18       129      161      151      62       17       153      21       140      
31       1620     182      173      134      135      44       79       149      41       13       175      126      186      149      62       16       223      156      229      81       147      27       133      111      56       64       224      34       95       118      207      0        189      78       90       85       174      211      161      199      84       
32       4740     74       49       160      116      229      111      71       183      202      37       74       66       136      189      206      37       89       49       140      67       164      108      135      161      133      41       168      101      80       18       189      0        111      147      133      48       30       146      25       121      
33       1680     112      100      108      90       120      5        82       77       90       98       56       114      112      89       95       144      96       152      60       78       54       83       74       60       31       146      62       31       48       129      78       111      0        68       56       101      133      121      120      42       
34       1080     108      156      45       158      133      62       145      56       95       118      118      115      180      48       104      170      161      172      123      139      85       151      21       34       41       169      100      99       112      161      90       147      68       0        121      156      157      70       145      108      
35       2910     159      100      163      50       110      62       73       108      98       135      58       159      66       127      97       170      74       181      7        73       59       48       130      102      79       174      51       36       52       151      85       133      56       121      0        102      161      177      151      15       
36       4710     115      1        181      73       209      104      29       179      187      76       48       109      89       190      190      82       41       96       109      29       147      65       151      161      131      87       146      79       56       62       174      48       101      156      102      0        78       176      73       94       
37       5220     65       79       162      147      253      131      102      200      223      39       103      55       166      202      228      12       119      20       168      97       187      138      141      177      151      13       192      127      108      17       211      30       133      157      161      78       0        142      12       148      
38       3180     78       175      33       203      203      115      176      125      166      109      153      88       227      112      174      154      195      150      181      169      154      194      51       105      105      151      168      147      150      153      161      146      121      70       177      176      142      0        132      163      
39       4860     56       74       151      139      241      119      95       187      210      26       93       46       160      190      216      25       113      31       158      90       175      130      130      164      139      25       181      116      98       21       199      25       120      145      151      73       12       132      0        138      
40       2640     144      92       150      53       115      48       66       102      97       121      48       144      73       119      98       158      71       168      21       65       57       49       117      93       68       161      53       21       41       140      84       121      42       108      15       94       148      163      138      0        
;

