

sets
i        orders          /0*40/
k        routes          /1*40/
p        positions       /0*40/
;

alias(i,j)
alias(i,h)
alias(i,hh)
alias(i,jj)
alias(k,kk)
                            Parameters

rho(i)	Processing time
/
0	0
1	42
2	77
3	38
4	38
5	8
6	9
7	30
8	56
9	27
10	98
11	87
12	47
13	89
14	64
15	72
16	51
17	58
18	74
19	86
20	68
21	11
22	87
23	89
24	9
25	69
26	17
27	64
28	64
29	5
30	17
31	20
32	99
33	94
34	35
35	32
36	6
37	20
38	3
39	55
40	66
/

gamma(i)	Duedate
/
0	0
1	19
2	93
3	34
4	64
5	98
6	76
7	12
8	34
9	39
10	18
11	45
12	78
13	90
14	90
15	27
16	93
17	26
18	38
19	4
20	31
21	14
22	77
23	22
24	77
25	56
26	26
27	80
28	79
29	80
30	94
31	60
32	12
33	1
34	71
35	55
36	64
37	28
38	13
39	3
40	79
/

sigma(i)	Size
/
0	0
1	4
2	5
3	5
4	9
5	8
6	8
7	1
8	9
9	3
10	3
11	4
12	8
13	4
14	7
15	4
16	3
17	6
18	7
19	3
20	7
21	6
22	5
23	5
24	2
25	4
26	3
27	4
28	5
29	6
30	6
31	9
32	5
33	7
34	2
35	4
36	4
37	4
38	4
39	4
40	3
/

epsilon(i)	Priority
/
0	0
1	6
2	3
3	2
4	3
5	2
6	2
7	5
8	1
9	6
10	2
11	7
12	5
13	5
14	1
15	4
16	3
17	8
18	8
19	9
20	9
21	8
22	7
23	6
24	6
25	5
26	4
27	1
28	4
29	6
30	4
31	9
32	4
33	8
34	6
35	6
36	3
37	5
38	8
39	2
40	4
/

psi	Vehicle Capacity
/ 23 /
;

Table kappa(i,j)                 Setup
         0        1        2        3        4        5        6        7        8        9        10       11       12       13       14       15       16       17       18       19       20       21       22       23       24       25       26       27       28       29       30       31       32       33       34       35       36       37       38       39       40       
0        0        1032     1906     468      464      1106     1376     596      1867     1069     1561     1001     651      379      1431     1062     477      1069     1743     1130     1156     773      603      602      1350     751      407      1346     1227     344      1334     1395     1345     1698     1564     1403     456      589      494      1017     1918     
1        1032     0        905      575      1495     335      1384     554      851      794      941      1080     761      785      970      480      988      799      807      813      453      584      729      725      1358     291      1106     737      1096     752      1085     591      892      744      687      971      712      539      645      470      886      
2        1906     905      0        1471     2369     1052     1676     1341     543      1543     851      1890     1645     1593     1052     940      1731     1199     269      1532     1122     1449     1621     1618     1660     1159     2011     1290     1818     1653     1304     1035     1042     256      457      1083     1509     1444     1550     1240     301      
3        468      575      1471     0        924      646      1357     338      1399     736      1274     825      404      368      1201     736      611      880      1337     790      710      399      343      339      1328     318      565      935      977      187      1189     944      1111     1284     1177     1183     354      172      165      586      1459     
4        464      1495     2369     924      0        1544     1639     1044     2322     1414     1976     1242     1002     804      1822     1505     789      1458     2201     1475     1580     1170     972      972      1616     1215     590      1734     1498     772      1683     1818     1742     2158     2016     1790     889      1021     915      1432     2381     
5        1106     335      1052     646      1544     0        1705     781      806      504      1263     839      630      963      1304     814      1196     1125     1032     509      118      425      625      622      1678     502      1053     403      800      772      1418     307      1227     960      958      1306     910      522      629      188      933      
6        1376     1384     1676     1357     1639     1705     0        1027     2019     2044     847      2182     1761     1054     628      921      899      586      1409     2086     1820     1719     1699     1696     28       1240     1760     2106     2317     1463     372      1974     635      1425     1225     594      1022     1508     1520     1781     1893     
7        596      554      1341     338      1044     781      1027     0        1398     1026     981      1159     740      251      881      467      433      545      1158     1072     879      694      679      675      998      282      850      1148     1291     485      851      1086     791      1118     972      859      168      481      504      799      1398     
8        1867     851      543      1399     2322     806      2019     1398     0        1208     1276     1571     1436     1635     1437     1140     1829     1465     737      1180     822      1230     1431     1429     1998     1142     1859     884      1439     1555     1657     643      1399     679      842      1460     1561     1310     1421     972      252      
9        1069     794      1543     736      1414     504      2044     1026     1208     0        1733     362      420      1104     1741     1235     1346     1499     1536     61       420      337      466      467      2016     811      833      365      302      742      1810     567      1657     1465     1458     1736     1087     564      607      326      1386     
10       1561     941      851      1274     1976     1263     847      981      1276     1733     0        1994     1618     1183     223      540      1205     531      583      1754     1379     1483     1568     1564     835      994      1826     1648     2035     1451     484      1443     260      616      434      261      1104     1350     1421     1412     1102     
11       1001     1080     1890     825      1242     839      2182     1159     1571     362      1994     0        421      1159     1970     1468     1382     1685     1863     396      771      510      483      486      2154     1014     656      714      262      744      1998     929      1882     1793     1765     1959     1169     681      662      650      1745     
12       651      761      1645     404      1002     630      1761     740      1436     420      1618     421      0        744      1573     1081     975      1273     1569     481      623      205      62       65       1733     625      443      733      595      341      1585     850      1484     1505     1442     1559     749      271      241      469      1560     
13       379      785      1593     368      804      963      1054     251      1635     1104     1183     1159     744      0        1051     701      243      691      1406     1158     1046     767      682      679      1027     496      714      1291     1334     417      965      1270     966      1368     1217     1024     85       540      508      938      1646     
14       1431     970      1052     1201     1822     1304     628      881      1437     1741     223      1970     1573     1051     0        506      1037     364      783      1769     1422     1462     1519     1515     615      955      1731     1703     2039     1365     261      1520     89       806      609      39       979      1301     1358     1431     1285     
15       1062     480      940      736      1505     814      921      467      1140     1235     540      1468     1081     701      506      0        798      337      721      1264     933      958      1030     1026     896      457      1293     1218     1533     915      605      1061     422      695      523      501      615      811      881      929      1067     
16       477      988      1731     611      789      1196     899      433      1829     1346     1205     1382     975      243      1037     798      0        677      1520     1400     1283     1010     914      911      874      710      871      1534     1569     637      894      1503     961      1491     1320     1004     286      783      745      1180     1816     
17       1069     799      1199     880      1458     1125     586      545      1465     1499     531      1685     1273     691      364      337      677      0        948      1536     1242     1191     1214     1210     560      688      1384     1528     1787     1030     313      1389     284      943      745      334      622      1004     1044     1216     1369     
18       1743     807      269      1337     2201     1032     1409     1158     737      1536     583      1863     1569     1406     783      721      1520     948      0        1537     1124     1386     1536     1532     1393     1018     1896     1338     1828     1524     1036     1093     776      74       204      815      1321     1339     1439     1215     531      
19       1130     813      1532     790      1475     509      2086     1072     1180     61       1754     396      481      1158     1769     1264     1400     1536     1537     0        414      390      526      527      2058     850      893      319      291      801      1845     537      1686     1464     1467     1765     1139     618      665      342      1365     
20       1156     453      1122     710      1580     118      1820     879      822      420      1379     771      623      1046     1422     933      1283     1242     1124     414      0        423      629      628      1793     605      1061     286      704      815      1536     239      1346     1051     1062     1424     998      567      666      154      976      
21       773      584      1449     399      1170     425      1719     694      1230     337      1483     510      205      767      1462     958      1010     1191     1386     390      423      0        206      204      1690     508      637      572      599      431      1504     656      1375     1319     1271     1453     750      227      285      269      1355     
22       603      729      1621     343      972      625      1699     679      1431     466      1568     483      62       682      1519     1030     914      1214     1536     526      629      206      0        4        1671     574      431      762      655      283      1526     862      1429     1473     1403     1504     687      218      179      475      1546     
23       602      725      1618     339      972      622      1696     675      1429     467      1564     486      65       679      1515     1026     911      1210     1532     527      628      204      4        0        1667     570      433      761      657      281      1522     860      1425     1470     1399     1500     684      214      175      474      1543     
24       1350     1358     1660     1328     1616     1678     28       998      1998     2016     835      2154     1733     1027     615      896      874      560      1393     2058     1793     1690     1671     1667     0        1212     1733     2079     2289     1435     356      1948     617      1408     1207     580      994      1480     1492     1753     1874     
25       751      291      1159     318      1215     502      1240     282      1142     811      994      1014     625      496      955      457      710      688      1018     850      605      508      574      570      1212     0        881      882      1099     505      999      805      867      966      859      944      427      357      437      543      1170     
26       407      1106     2011     565      590      1053     1760     850      1859     833      1826     656      443      714      1731     1293     871      1384     1896     893      1061     637      431      433      1733     881      0        1172     908      379      1674     1292     1642     1839     1741     1708     767      568      460      907      1961     
27       1346     737      1290     935      1734     403      2106     1148     884      365      1648     714      733      1291     1703     1218     1534     1528     1338     319      286      572      762      761      2079     882      1172     0        555      1002     1822     255      1627     1264     1305     1706     1253     773      853      353      1089     
28       1227     1096     1818     977      1498     800      2317     1291     1439     302      2035     262      595      1334     2039     1533     1569     1787     1828     291      704      599      655      657      2289     1099     908      555      0        936      2099     801      1954     1755     1757     2033     1331     813      826      628      1638     
29       344      752      1653     187      772      772      1463     485      1555     742      1451     744      341      417      1365     915      637      1030     1524     801      815      431      283      281      1435     505      379      1002     936      0        1331     1054     1275     1470     1364     1345     441      250      150      673      1629     
30       1334     1085     1304     1189     1683     1418     372      851      1657     1810     484      1998     1585     965      261      605      894      313      1036     1845     1536     1504     1526     1522     356      999      1674     1822     2099     1331     0        1665     263      1053     852      225      907      1317     1354     1520     1522     
31       1395     591      1035     944      1818     307      1974     1086     643      567      1443     929      850      1270     1520     1061     1503     1389     1093     537      239      656      862      860      1948     805      1292     255      801      1054     1665     0        1451     1019     1075     1528     1217     806      905      387      837      
32       1345     892      1042     1111     1742     1227     635      791      1399     1657     260      1882     1484     966      89       422      961      284      776      1686     1346     1375     1429     1425     617      867      1642     1627     1954     1275     263      1451     0        790      589      79       892      1212     1268     1350     1260     
33       1698     744      256      1284     2158     960      1425     1118     679      1465     616      1793     1505     1368     806      695      1491     943      74       1464     1051     1319     1473     1470     1408     966      1839     1264     1755     1470     1053     1019     790      0        202      836      1283     1280     1381     1145     486      
34       1564     687      457      1177     2016     958      1225     972      842      1458     434      1765     1442     1217     609      523      1320     745      204      1467     1062     1271     1403     1399     1207     859      1741     1305     1757     1364     852      1075     589      202      0        637      1131     1197     1292     1132     675      
35       1403     971      1083     1183     1790     1306     594      859      1460     1736     261      1959     1559     1024     39       501      1004     334      815      1765     1424     1453     1504     1500     580      944      1708     1706     2033     1345     225      1528     79       836      637      0        953      1288     1342     1429     1312     
36       456      712      1509     354      889      910      1022     168      1561     1087     1104     1169     749      85       979      615      286      622      1321     1139     998      750      687      684      994      427      767      1253     1331     441      907      1217     892      1283     1131     953      0        523      509      899      1566     
37       589      539      1444     172      1021     522      1508     481      1310     564      1350     681      271      540      1301     811      783      1004     1339     618      567      227      218      214      1480     357      568      773      813      250      1317     806      1212     1280     1197     1288     523      0        111      430      1397     
38       494      645      1550     165      915      629      1520     504      1421     607      1421     662      241      508      1358     881      745      1044     1439     665      666      285      179      175      1492     437      460      853      826      150      1354     905      1268     1381     1292     1342     509      111      0        523      1508     
39       1017     470      1240     586      1432     188      1781     799      972      326      1412     650      469      938      1431     929      1180     1216     1215     342      154      269      475      474      1753     543      907      353      628      673      1520     387      1350     1145     1132     1429     899      430      523      0        1115     
40       1918     886      301      1459     2381     933      1893     1398     252      1386     1102     1745     1560     1646     1285     1067     1816     1369     531      1365     976      1355     1546     1543     1874     1170     1961     1089     1638     1629     1522     837      1260     486      675      1312     1566     1397     1508     1115     0        
;



Table delta(i,j)                 Distance
         0        1        2        3        4        5        6        7        8        9        10       11       12       13       14       15       16       17       18       19       20       21       22       23       24       25       26       27       28       29       30       31       32       33       34       35       36       37       38       39       40       
0        0        2040     4740     3270     1110     5730     3660     5190     2250     2820     2310     4410     3270     2640     4500     4230     1860     3000     4620     720      4710     5310     3120     2820     4530     1830     5190     3870     3180     6120     1740     1830     5610     4590     2430     1380     3330     5370     5490     4650     2850     
1        2040     0        94       67       55       138      56       130      96       36       48       104      48       25       83       80       101      138      85       75       89       112      48       98       95       95       119      86       48       160      60       28       131      89       69       66       96       115      114      92       97       
2        4740     94       0        66       130      146      38       160      146      97       128      142      48       89       64       95       194      230      54       169      60       91       55       132      29       188      131      132      96       179      151      97       133      90       106      159      168      21       47       8        180      
3        3270     67       66       0        75       181      51       183      80       94       115      159      35       81       103      121      160      199      99       127      105      137      25       66       46       156      163      143      101      209      126      50       170      123      41       128      162      84       109      59       164      
4        1110     55       130      75       0        192      98       181      47       90       87       154      82       80       136      136      97       136      138      59       142      167      75       60       119      95       173      135      102      211      79       34       185      145      44       72       130      151      162      126      120      
5        5730     138      146      181      192      0        132      34       234      102      114      48       146      113      82       60       179      193      92       182      86       57       156      234      173      172      19       64       90       34       139      166      14       58       203      156      105      153      112      153      131      
6        3660     56       38       51       98       132      0        138      122      61       91       116      17       52       52       73       156      191      47       131      53       85       28       113      48       150      114      103      63       161      112      63       120      73       83       121      133      59       65       38       143      
7        5190     130      160      183      181      34       138      0        225      94       96       27       149      107      96       65       152      162      107      161      102      80       158      229      183      145      33       45       84       30       117      159      43       71       199      133      76       171      134      166      102      
8        2250     96       146      80       47       234      122      225      0        132      133      198      105      120      169      175      138      175      168      100      173      202      94       23       126      137      215      180      144      255      126      68       226      182      40       118      177      165      186      139      167      
9        2820     36       97       94       90       102      61       94       132      0        32       67       65       13       60       47       105      136      67       91       68       83       71       135      109      98       83       50       12       123      59       65       95       59       105      72       72       116      101      99       82       
10       2310     48       128      115      87       114      91       96       133      32       0        70       91       39       91       71       74       104      99       68       100      109      94       141      137      67       97       51       39       127      28       73       111      84       114      43       47       148      134      130      51       
11       4410     104      142      159      154      48       116      27       198      67       70       0        125      80       80       47       131      146      91       136      87       73       134      202      162      124      35       18       58       57       93       132      50       56       172      109      57       154      122      147      83       
12       3270     48       48       35       82       146      17       149      105      65       91       125      0        53       69       86       149      186      65       121      71       102      11       96       47       144      128      111      69       174      108      49       135      88       66       114      136      69       82       45       142      
13       2640     25       89       81       80       113      52       107      120      13       39       80       53       0        62       55       107      141      67       89       69       89       58       122      98       101      94       63       23       135      62       52       105      65       92       73       83       109      99       90       91       
14       4500     83       64       103      136      82       52       96       169      60       91       80       69       62       0        32       166      195      11       151      8        33       80       164      90       159      66       74       51       114      119      103      69       25       133      132      118      75       44       71       136      
15       4230     80       95       121      136      60       73       65       175      47       71       47       86       55       32       0        145      170      44       137      40       38       96       174      117      137      41       42       35       88       99       106      51       13       143      114      88       107      76       100      109      
16       1860     101      194      160      97       179      156      152      138      105      74       131      149      107      166      145      0        39       173      38       174      183      148      156      196      7        164      115      114      181      46       110      179      158      140      35       77       215      207      194      52       
17       3000     138      230      199      136      193      191      162      175      136      104      146      186      141      195      170      39       0        203      76       203      208      186      194      233      43       181      134      143      189      79       149      196      184      179      72       88       250      238      229      62       
18       4620     85       54       99       138      92       47       107      168      67       99       91       65       67       11       44       173      203      0        157      6        38       76       161      81       166      76       85       60       124      127      104      78       36       130      139      128      64       34       61       146      
19       720      75       169      127      59       182      131      161      100      91       68       136      121      89       151      137      38       76       157      0        159      175      118      118      166      36       165      118      103      191      43       77       179      150      103      27       92       190      188      167      74       
20       4710     89       60       105      142      86       53       102      173      68       100      87       71       69       8        40       174      203      6        159      0        32       82       167      87       167      71       82       60       118      127      108      72       31       136      140      126      69       36       68       145      
21       5310     112      91       137      167      57       85       80       202      83       109      73       102      89       33       38       183      208      38       175      32       0        113      197      119      176      46       76       71       91       138      135      43       25       166      153      124      96       55       99       146      
22       3120     48       55       25       75       156      28       158      94       71       94       134      11       58       80       96       148      186      76       118      82       113      0        85       47       143      138      119      76       184      109      43       145      99       55       114      141      76       92       51       145      
23       2820     98       132      66       60       234      113      229      23       135      141      202      96       122      164      174      156      194      161      118      167      197      85       0        109      154      215      184      145      258      138      70       225      180      31       132      187      150      175      125      179      
24       4530     95       29       46       119      173      48       183      126      109      137      162      47       98       90       117      196      233      81       166      87       119      47       109      0        190      156      151      111      204      155      89       160      114      86       161      181      41       77       21       189      
25       1830     95       188      156      95       172      150      145      137      98       67       124      144      101      159      137      7        43       166      36       167      176      143      154      190      0        156      108      107      175      39       105      172      151      137      29       70       209      200      188      46       
26       5190     119      131      163      173      19       114      33       215      83       97       35       128      94       66       41       164      181      76       165      71       46       138      215      156      156      0        48       71       48       123      146      15       41       184      139      93       139      101      138      118      
27       3870     86       132      143      135      64       103      45       180      50       51       18       111      63       74       42       115      134      85       118      82       76       119      184      151      108      48       0        42       76       75       114      63       55       155      91       48       147      118      137      71       
28       3180     48       96       101      102      90       63       84       144      12       39       58       69       23       51       35       114      143      60       103      60       71       76       145      111      107      71       42       0        112      67       76       83       47       115      81       72       113      94       99       86       
29       6120     160      179      209      211      34       161      30       255      123      127      57       174      135      114      88       181      189      124      191      118      91       184      258      204      175      48       76       112      0        148      188      48       89       227      164      104      186      146      186      130      
30       1740     60       151      126      79       139      112      117      126      59       28       93       108      62       119      99       46       79       127      43       127      138      109      138      155      39       123      75       67       148      0        78       138      113      116      16       52       171      160      151      41       
31       1830     28       97       50       34       166      63       159      68       65       73       132      49       52       103      106      110      149      104      77       108      135      43       70       89       105      146      114      76       188      78       0        157      114      41       78       120      119      128      93       118      
32       5610     131      133      170      185      14       120      43       226      95       111      50       135      105      69       51       179      196      78       179      72       43       145      225      160      172      15       63       83       48       138      157      0        46       194      154      108      139      98       140      133      
33       4590     89       90       123      145      58       73       71       182      59       84       56       88       65       25       13       158      184      36       150      31       25       99       180      114      151      41       55       47       89       113      114      46       0        148      128      101      100      65       96       122      
34       2430     69       106      41       44       203      83       199      40       105      114      172      66       92       133      143      140      179      130      103      136      166      55       31       86       137      184      155      115      227      116      41       194      148      0        113      161      125      147      99       157      
35       1380     66       159      128      72       156      121      133      118      72       43       109      114      73       132      114      35       72       139      27       140      153      114      132      161      29       139      91       81       164      16       78       154      128      113      0        65       180      172      158      49       
36       3330     96       168      162      130      105      133      76       177      72       47       57       136      83       118      88       77       88       128      92       126      124      141      187      181      70       93       48       72       104      52       120      108      101      161      65       0        186      163      171      26       
37       5370     115      21       84       151      153      59       171      165      116      148      154      69       109      75       107      215      250      64       190      69       96       76       150      41       209      139      147      113      186      171      119      139      100      125      180      186      0        43       25       199      
38       5490     114      47       109      162      112      65       134      186      101      134      122      82       99       44       76       207      238      34       188      36       55       92       175      77       200      101      118      94       146      160      128      98       65       147      172      163      43       0        56       180      
39       4650     92       8        59       126      153      38       166      139      99       130      147      45       90       71       100      194      229      61       167      68       99       51       125      21       188      138      137      99       186      151      93       140      96       99       158      171      25       56       0        181      
40       2850     97       180      164      120      131      143      102      167      82       51       83       142      91       136      109      52       62       146      74       145      146      145      179      189      46       118      71       86       130      41       118      133      122      157      49       26       199      180      181      0        
;

