

sets
i        orders          /0*40/
k        routes          /1*40/
p        positions       /0*40/
;

alias(i,j)
alias(i,h)
alias(i,hh)
alias(i,jj)
alias(k,kk)
                            Parameters

rho(i)	Processing time
/
0	0
1	25
2	45
3	55
4	19
5	68
6	49
7	9
8	44
9	66
10	79
11	41
12	71
13	38
14	96
15	94
16	70
17	50
18	49
19	13
20	57
21	40
22	1
23	49
24	24
25	45
26	78
27	84
28	59
29	73
30	75
31	5
32	99
33	18
34	69
35	46
36	10
37	5
38	24
39	31
40	64
/

gamma(i)	Duedate
/
0	0
1	5
2	17
3	94
4	39
5	81
6	97
7	82
8	31
9	83
10	87
11	2
12	64
13	33
14	6
15	23
16	12
17	67
18	3
19	56
20	22
21	53
22	96
23	99
24	97
25	76
26	46
27	70
28	31
29	86
30	32
31	20
32	28
33	68
34	90
35	5
36	23
37	30
38	63
39	30
40	38
/

sigma(i)	Size
/
0	0
1	8
2	3
3	9
4	8
5	8
6	1
7	5
8	8
9	8
10	8
11	3
12	9
13	2
14	1
15	4
16	5
17	5
18	6
19	8
20	2
21	6
22	7
23	4
24	8
25	8
26	6
27	1
28	6
29	1
30	1
31	3
32	2
33	5
34	8
35	4
36	1
37	3
38	6
39	7
40	6
/

epsilon(i)	Priority
/
0	0
1	6
2	7
3	8
4	3
5	7
6	7
7	8
8	5
9	2
10	8
11	5
12	8
13	6
14	5
15	8
16	2
17	1
18	9
19	9
20	5
21	6
22	1
23	2
24	9
25	8
26	4
27	1
28	1
29	6
30	2
31	5
32	4
33	9
34	7
35	9
36	4
37	2
38	1
39	8
40	7
/

psi	Vehicle Capacity
/ 10 /
;

Table kappa(i,j)                 Setup
         0        1        2        3        4        5        6        7        8        9        10       11       12       13       14       15       16       17       18       19       20       21       22       23       24       25       26       27       28       29       30       31       32       33       34       35       36       37       38       39       40       
0        0        1359     1293     770      1620     1043     1577     955      402      223      896      1159     1184     1186     828      620      287      1488     171      583      359      1247     336      572      1192     1450     1336     299      1747     1092     1183     479      786      915      1344     633      749      591      1296     390      526      
1        1359     0        1162     1075     296      1058     631      538      1723     1144     596      430      548      1234     1977     1261     1614     301      1466     1877     1023     1114     1692     1588     873      1320     264      1220     1856     581      196      885      1917     1489     87       753      611      904      1854     1311     1409     
2        1293     1162     0        522      1186     252      758      732      1416     1123     1320     737      613      162      1353     716      1563     988      1465     1468     1017     57       1484     1034     290      184      915      995      697      598      1162     1122     1297     637      1229     900      990      771      814      945      1712     
3        770      1075     522      0        1227     274      975      537      924      608      982      684      626      425      980      239      1042     1039     942      1007     516      477      977      603      472      683      907      472      1056     544      986      665      919      417      1111     494      641      306      816      436      1208     
4        1620     296      1186     1227     0        1145     499      717      1966     1400     893      542      617      1291     2177     1439     1885     199      1738     2110     1271     1148     1947     1787     915      1318     320      1451     1854     686      492      1156     2116     1621     362      994      873      1115     1949     1525     1702     
5        1043     1058     252      274      1145     0        799      561      1188     870      1116     630      529      201      1182     487      1316     947      1214     1256     765      204      1247     832      258      425      840      746      872      478      1019     879      1123     504      1113     667      776      523      804      706      1461     
6        1577     631      758      975      499      799      0        633      1852     1356     1106     441      393      893      1954     1212     1862     342      1727     1963     1220     733      1869     1577     541      857      391      1337     1381     485      754      1188     1893     1304     719      963      919      994      1565     1367     1808     
7        955      538      732      537      717      561      633      0        1266     732      598      204      252      756      1460     728      1237     552      1098     1400     596      676      1263     1069     461      912      403      745      1419     180      462      557      1399     952      575      330      309      401      1331     809      1184     
8        402      1723     1416     924      1966     1188     1852     1266     0        585      1296     1467     1465     1277     487      701      353      1816     418      183      700      1381     140      428      1394     1540     1665     520      1717     1372     1557     866      463      879      1717     973      1114     867      1168     491      823      
9        223      1144     1123     608      1400     870      1356     732      585      0        723      935      964      1033     938      517      506      1265     372      752      136      1073     548      608      993      1290     1113     199      1637     873      973      283      887      843      1134     409      533      381      1253     339      603      
10       896      596      1320     982      893      1116     1106     598      1296     723      0        699      812      1318     1655     1066     1104     849      958      1471     648      1263     1229     1297     1059     1503     729      875      1988     768      402      442      1601     1375     541      492      344      692      1792     1004     823      
11       1159     430      737      684      542      630      441      204      1467     935      699      0        129      804      1641     898      1440     360      1300     1597     800      687      1467     1251     447      903      222      946      1434     153      433      748      1579     1084     492      531      478      599      1432     1003     1367     
12       1184     548      613      626      617      529      393      252      1465     964      812      129      0        690      1601     854      1470     421      1335     1584     828      565      1478     1215     324      775      312      947      1309     93       563      808      1539     1006     616      577      558      602      1334     986      1437     
13       1186     1234     162      425      1291     201      893      756      1277     1033     1318     804      690      0        1194     585      1447     1091     1358     1320     939      163      1354     884      375      266      1001     887      670      654      1209     1070     1138     476      1294     865      978      709      672      821      1633     
14       828      1977     1353     980      2177     1182     1954     1460     487      938      1655     1641     1601     1194     0        746      840      2001     893      342      1009     1336     626      390      1432     1426     1859     784      1448     1514     1840     1214     61       720      1991     1239     1402     1073     836      670      1305     
15       620      1261     716      239      1439     487      1212     728      701      517      1066     898      854      585      746      0        866      1258     788      772      476      680      769      364      709      851      1119     331      1129     768      1148     675      685      330      1287     581      747      383      750      238      1113     
16       287      1614     1563     1042     1885     1316     1862     1237     353      506      1104     1440     1470     1447     840      866      0        1761     148      518      642      1519     215      712      1476     1712     1610     570      1969     1378     1430     729      815      1124     1591     910      1011     878      1467     628      483      
17       1488     301      988      1039     199      947      342      552      1816     1265     849      360      421      1091     2001     1258     1761     0        1617     1952     1132     949      1807     1612     715      1124     152      1296     1661     495      459      1042     1940     1427     388      855      756      953      1750     1360     1624     
18       171      1466     1465     942      1738     1214     1727     1098     418      372      958      1300     1335     1358     893      788      148      1617     0        599      507      1418     302      697      1359     1621     1466     470      1911     1244     1282     582      859      1073     1442     769      865      752      1441     554      413      
19       583      1877     1468     1007     2110     1256     1963     1400     183      752      1471     1597     1584     1320     342      772      518      1952     599      0        858      1439     304      437      1480     1576     1802     658      1694     1492     1717     1036     336      883      1875     1123     1272     998      1112     597      998      
20       359      1023     1017     516      1271     765      1220     596      700      136      648      800      828      939      1009     476      642      1132     507      858      0        965      676      649      869      1189     980      226      1566     737      859      213      953      807      1018     277      414      255      1226     358      696      
21       1247     1114     57       477      1148     204      733      676      1381     1073     1263     687      565      163      1336     680      1519     949      1418     1439     965      0        1446     1007     241      241      870      950      748      545      1109     1067     1279     626      1180     844      933      717      832      905      1660     
22       336      1692     1484     977      1947     1247     1869     1263     140      548      1229     1467     1478     1354     626      769      215      1807     302      304      676      1446     0        542      1437     1619     1655     533      1827     1385     1518     815      603      982      1679     953      1081     875      1293     541      694      
23       572      1588     1034     603      1787     832      1577     1069     428      608      1297     1251     1215     884      390      364      712      1612     697      437      649      1007     542      0        1068     1139     1469     424      1289     1127     1455     862      329      454      1604     857      1023     684      755      293      1096     
24       1192     873      290      472      915      258      541      461      1394     993      1059     447      324      375      1432     709      1476     715      1359     1480     869      241      1437     1068     0        459      629      911      986      311      874      927      1371     763      940      690      747      613      1040     902      1547     
25       1450     1320     184      683      1318     425      857      912      1540     1290     1503     903      775      266      1426     851      1712     1124     1621     1576     1189     241      1619     1139     459      0        1065     1150     538      770      1333     1302     1373     707      1391     1083     1174     948      784      1087     1885     
26       1336     264      915      907      320      840      391      403      1665     1113     729      222      312      1001     1859     1119     1610     152      1466     1802     980      870      1655     1469     629      1065     0        1146     1603     370      363      892      1798     1305     346      703      607      804      1645     1213     1483     
27       299      1220     995      472      1451     746      1337     745      520      199      875      946      947      887      784      331      570      1296     470      658      226      950      533      424      911      1150     1146     0        1461     854      1067     437      728      648      1223     467      624      347      1054     140      781      
28       1747     1856     697      1056     1854     872      1381     1419     1717     1637     1988     1434     1309     670      1448     1129     1969     1661     1911     1694     1566     748      1827     1289     986      538      1603     1461     0        1294     1858     1721     1411     846      1925     1529     1648     1360     622      1357     2239     
29       1092     581      598      544      686      478      485      180      1372     873      768      153      93       654      1514     768      1378     495      1244     1492     737      545      1385     1127     311      770      370      854      1294     0        563      727      1452     935      640      492      489      509      1279     894      1357     
30       1183     196      1162     986      492      1019     754      462      1557     973      402      433      563      1209     1840     1148     1430     459      1282     1717     859      1109     1518     1455     874      1333     363      1067     1858     563      0        704      1780     1404     161      601      445      774      1791     1169     1212     
31       479      885      1122     665      1156     879      1188     557      866      283      442      748      808      1070     1214     675      729      1042     582      1036     213      1067     815      862      927      1302     892      437      1721     727      704      0        1160     1002     866      239      285      362      1424     571      630      
32       786      1917     1297     919      2116     1123     1893     1399     463      887      1601     1579     1539     1138     61       685      815      1940     859      336      953      1279     603      329      1371     1373     1798     728      1411     1452     1780     1160     0        666      1931     1180     1344     1012     805      611      1272     
33       915      1489     637      417      1621     504      1304     952      879      843      1375     1084     1006     476      720      330      1124     1427     1073     883      807      626      982      454      763      707      1305     648      846      935      1404     1002     666      0        1528     883      1043     683      421      526      1427     
34       1344     87       1229     1111     362      1113     719      575      1717     1134     541      492      616      1294     1991     1287     1591     388      1442     1875     1018     1180     1679     1604     940      1391     346      1223     1925     640      161      866      1931     1528     0        756      603      920      1903     1321     1362     
35       633      753      900      494      994      667      963      330      973      409      492      531      577      865      1239     581      910      855      769      1123     277      844      953      857      690      1083     703      467      1529     492      601      239      1180     883      756      0        168      201      1299     568      869      
36       749      611      990      641      873      776      919      309      1114     533      344      478      558      978      1402     747      1011     756      865      1272     414      933      1081     1023     747      1174     607      624      1648     489      445      285      1344     1043     603      168      0        365      1455     732      889      
37       591      904      771      306      1115     523      994      401      867      381      692      599      602      709      1073     383      878      953      752      998      255      717      875      684      613      948      804      347      1360     509      774      362      1012     683      920      201      365      0        1100     410      944      
38       1296     1854     814      816      1949     804      1565     1331     1168     1253     1792     1432     1334     672      836      750      1467     1750     1441     1112     1226     832      1293     755      1040     784      1645     1054     622      1279     1791     1424     805      421      1903     1299     1455     1100     0        922      1820     
39       390      1311     945      436      1525     706      1367     809      491      339      1004     1003     986      821      670      238      628      1360     554      597      358      905      541      293      902      1087     1213     140      1357     894      1169     571      611      526      1321     568      732      410      922      0        901      
40       526      1409     1712     1208     1702     1461     1808     1184     823      603      823      1367     1437     1633     1305     1113     483      1624     413      998      696      1660     694      1096     1547     1885     1483     781      2239     1357     1212     630      1272     1427     1362     869      889      944      1820     901      0        
;



Table delta(i,j)                 Distance
         0        1        2        3        4        5        6        7        8        9        10       11       12       13       14       15       16       17       18       19       20       21       22       23       24       25       26       27       28       29       30       31       32       33       34       35       36       37       38       39       40       
0        0        840      2880     780      2040     2880     2580     720      690      1320     1980     2190     3030     1680     2580     2910     3750     1740     3720     2790     2490     3240     2460     3780     2250     3840     1950     2940     3060     3000     3420     2580     1140     3300     1530     1020     3510     3840     1530     3570     3840     
1        840      0        117      54       57       114      106      9        51       65       94       93       108      81       104      105      97       86       131      81       97       104      55       98       93       139      91       74       116      77       113      60       29       112      39       57       120      135      51       95       156      
2        2880     117      0        87       102      155      141      118      85       115      71       23       182      106      145      52       205      93       202      189      32       93       169      208      139      199      40       155      169      194      89       176      135      75       148      62       202      207      79       212      88       
3        780      54       87       0        89       79       67       48       4        29       41       65       95       32       69       102      151      32       117      105      83       122      107      151      59       118      50       124      89       122      127      109      56       119      68       31       115      122      68       139      103      
4        2040     57       102      89       0        165      155      66       85       112      117      85       164      122      154      66       109      120      187      134      72       50       83       113      143      195      97       53       170      115      60       95       86       64       95       69       178      192      26       132      171      
5        2880     114      155      79       165      0        13       105      84       52       85       137      46       50       10       181      191      62       55       104      160      201      149      188      21       45       115      187      17       145      206      143      94       199      96       110      66       60       146      157      121      
6        2580     106      141      67       155      13       0        97       72       42       71       124      54       37       6        168      188      48       67       106      147      190      145      186      14       58       101      180      29       144      194      140      88       186      92       98       75       72       135      158      110      
7        720      9        118      48       66       105      97       0        46       56       89       95       98       73       95       110      102      79       121      75       101      113      59       102      84       130      89       83       106      76       121      62       21       119      32       57       111      125      58       95       152      
8        690      51       85       4        85       84       72       46       0        33       42       63       99       37       73       98       149      36       121      106      80       117      105      149      63       122      48       121      93       121      122      108      55       115      68       27       118      126      63       139      105      
9        1320     65       115      29       112      52       42       56       33       0        55       94       66       21       42       132      153      34       88       88       113      149      109      152      31       88       75       139      60       115      155      107      51       148      60       61       87       93       94       131      113      
10       1980     94       71       41       117      85       71       89       42       55       0        57       117      39       76       106      191      24       135      142      82       137      148      192      71       130      32       160      99       162      138      150      96       127      108      48       139      140      92       180      62       
11       2190     93       23       65       85       137      124      95       63       94       57       0        161      87       127      50       184      76       182      166      26       87       146      187      120      180      24       137      150      171      85       154      112      73       125      39       181      187      60       189      91       
12       3030     108      182      95       164      46       54       98       99       66       117      161      0        78       47       196      163      93       23       66       179      208      126      159      47       34       142      174      31       112      215      116      80       211      76       126      22       27       152      121      164      
13       1680     81       106      32       122      50       37       73       37       21       39       87       78       0        40       130      173      15       97       108      109      154      129      172      33       93       65       154      63       136      158      127      72       149      81       61       100      102      100      152      93       
14       2580     104      145      69       154      10       6        95       73       42       76       127      47       40       0        170      183      52       61       100      149      191      141      181      11       54       105      178      23       138      196      136      85       188      88       99       69       66       135      152      116      
15       2910     105      52       102      66       181      168      110      98       132      106      50       196      130      170      0        175      121      219      185      24       41       146      180      161      220      74       117      191      177      37       157      131      23       143      71       214      223      54       194      139      
16       3750     97       205      151      109      191      188      102      149      153      191      184      163      173      183      175      0        180      181      99       178      152      43       7        173      197      186      63       185      52       163      47       101      171      95       152      162      182      127      52       254      
17       1740     86       93       32       120      62       48       79       36       34       24       76       93       15       52       121      180      0        111      122      99       148      137      180      47       106      53       157      76       147      151      137      81       141      91       54       115      116      97       164      79       
18       3720     131      202      117      187      55       67       121      121      88       135      182      23       97       61       219      181      111      0        82       201      232      146      176      64       19       162      195      38       129      238      135      103      234      98       148      19       5        175      136      177      
19       2790     81       189      105      134      104      106      75       106      88       142      166      66       108      100      185      99       122      82       0        175      184      69       94       92       99       155      124      94       47       193      56       55       193      42       127      63       83       132      55       201      
20       2490     97       32       83       72       160      147      101      80       113      82       26       179      109      149      24       178      99       201      175      0        62       145      182      141      201      50       125      171      173      60       154      120      46       133      52       198      206      51       191      116      
21       3240     104      93       122      50       201      190      113      117      149      137      87       208      154      191      41       152      148      232      184      62       0        132      158      181      237      108      90       209      165      11       145      133      22       144      93       224      236      56       181      178      
22       2460     55       169      107      83       149      145      59       105      109      148      146      126      129      141      146      43       137      146      69       145      132      0        43       131      160      146      56       146      34       142      14       57       147      53       112      130      148      93       49       211      
23       3780     98       208      151      113      188      186      102      149      152      192      187      159      172      181      180      7        180      176      94       182      158      43       0        171      193      188      69       182      47       169      45       100      176      93       154      158      177      130      46       254      
24       2250     93       139      59       143      21       14       84       63       31       71       120      47       33       11       161      173      47       64       92       141      181      131      171      0        60       99       167      30       129      186      126      74       178      78       90       69       69       125      143      117      
25       3840     139      199      118      195      45       58       130      122      88       130      180      34       93       54       220      197      106      19       99       201      237      160      193      60       0        159      207      30       146      243      150      113      237      110      149      39       21       180      154      166      
26       1950     91       40       50       97       115      101      89       48       75       32       24       142      65       105      74       186      53       162      155      50       108      146      188      99       159      0        145      128      166      108      151      103      96       116      33       163      167      71       184      74       
27       2940     74       155      124      53       187      180      83       121      139      160      137      174      154      178      117      63       157      195      124      125      90       56       69       167      207      145      0        188      89       101      71       95       110      97       114      181      199      76       101      219      
28       3060     116      169      89       170      17       29       106      93       60       99       150      31       63       23       191      185      76       38       94       171      209      146      182      30       30       128      188      0        137      215      138      92       208      93       120      50       43       153      148      138      
29       3000     77       194      122      115      145      144      76       121      115      162      171      112      136      138      177      52       147      129      47       173      165      34       47       129      146      166      89       137      0        176      20       65       179      55       133      110      130      123      18       225      
30       3420     113      89       127      60       206      194      121      122      155      138      85       215      158      196      37       163      151      238      193      60       11       142      169      186      243      108      101      215      176      0        155      142      14       152      97       231      243      63       192      176      
31       2580     60       176      109      95       143      140      62       108      107      150      154      116      127      136      157      47       137      135      56       154      145      14       45       126      150      151      71       138      20       155      0        55       159      48       117      118      137      104      37       213      
32       1140     29       135      56       86       94       88       21       55       51       96       112      80       72       85       131      101      81       103      55       120      133      57       100      74       113      103      95       92       65       142      55       0        140      13       72       91       106      79       83       159      
33       3300     112      75       119      64       199      186      119      115      148      127      73       211      149      188      23       171      141      234      193      46       22       147      176      178      237      96       110      208      179      14       159      140      0        151      88       228      238      60       196      162      
34       1530     39       148      68       95       96       92       32       68       60       108      125      76       81       88       143      95       91       98       42       133      144      53       93       78       110      116      97       93       55       152      48       13       151      0        86       85       101      91       72       170      
35       1020     57       62       31       69       110      98       57       27       61       48       39       126      61       99       71       152      54       148      127      52       93       112      154      90       149      33       114      120      133      97       117      72       88       86       0        145      153      44       152      105      
36       3510     120      202      115      178      66       75       111      118      87       139      181      22       100      69       214      162      115      19       63       198      224      130      158      69       39       163      181      50       110      231      118      91       228      85       145      0        20       168      117      186      
37       3840     135      207      122      192      60       72       125      126      93       140      187      27       102      66       223      182      116      5        83       206      236      148      177      69       21       167      199      43       130      243      137      106      238      101      153      20       0        179      137      181      
38       1530     51       79       68       26       146      135      58       63       94       92       60       152      100      135      54       127      97       175      132      51       56       93       130      125      180      71       76       153      123      63       104      79       60       91       44       168      179      0        141      145      
39       3570     95       212      139      132      157      158      95       139      131      180      189      121      152      152      194      52       164      136      55       191      181      49       46       143      154      184      101      148      18       192      37       83       196      72       152      117      137      141      0        242      
40       3840     156      88       103      171      121      110      152      105      113      62       91       164      93       116      139      254      79       177      201      116      178      211      254      117      166      74       219      138      225      176      213      159      162      170      105      186      181      145      242      0        
;

