
sets
i        orders          /0*40/
k        routes          /1*40/
p        positions       /0*40/
;

alias(i,j)
alias(i,h)
alias(i,hh)
alias(i,jj)
alias(k,kk)
                
                    Parameters

rho(i)	Processing time
/
0	0
1	61
2	66
3	44
4	32
5	22
6	39
7	77
8	5
9	4
10	88
11	98
12	46
13	79
14	60
15	37
16	9
17	2
18	67
19	77
20	6
21	1
22	67
23	28
24	92
25	42
26	29
27	7
28	40
29	96
30	76
31	80
32	30
33	25
34	82
35	51
36	76
37	32
38	2
39	54
40	16
/

gamma(i)	Duedate
/
0	0
1	23
2	49
3	84
4	65
5	83
6	20
7	16
8	61
9	93
10	17
11	63
12	59
13	83
14	9
15	90
16	87
17	46
18	85
19	20
20	28
21	33
22	45
23	49
24	70
25	82
26	17
27	72
28	22
29	64
30	29
31	22
32	91
33	40
34	3
35	47
36	39
37	68
38	99
39	56
40	23
/

sigma(i)	Size
/
0	0
1	4
2	3
3	3
4	6
5	6
6	1
7	7
8	1
9	7
10	2
11	1
12	1
13	8
14	4
15	5
16	3
17	4
18	6
19	2
20	1
21	9
22	2
23	3
24	5
25	5
26	7
27	3
28	9
29	9
30	4
31	6
32	2
33	7
34	8
35	8
36	1
37	6
38	5
39	1
40	7
/

epsilon(i)	Priority
/
0	0
1	8
2	1
3	9
4	9
5	9
6	9
7	6
8	2
9	4
10	6
11	6
12	4
13	1
14	6
15	7
16	7
17	3
18	2
19	3
20	8
21	3
22	4
23	3
24	4
25	5
26	1
27	7
28	8
29	5
30	8
31	4
32	1
33	5
34	9
35	1
36	2
37	5
38	4
39	4
40	1
/

psi	Vehicle Capacity
/ 32 /
;

Table kappa(i,j)                 Setup
         0        1        2        3        4        5        6        7        8        9        10       11       12       13       14       15       16       17       18       19       20       21       22       23       24       25       26       27       28       29       30       31       32       33       34       35       36       37       38       39       40       
0        0        216      148      140      185      314      286      81       85       308      406      301      206      217      287      2        385      104      164      101      196      338      240      340      133      318      318      218      270      402      246      292      246      301      164      134      162      232      167      121      233      
1        216      0        81       187      48       160      325      147      133      380      425      136      218      77       386      218      257      192      76       282      312      335      45       244      290      321      280      141      232      432      91       412      384      386      348      145      99       56       112      95       73       
2        148      81       0        170      38       227      329      69       62       375      440      206      222      126      370      149      319      160      83       231      286      355      120      294      247      338      310      172      258      444      152      389      353      376      298      68       35       122      120      34       133      
3        140      187      170      0        188      206      162      155      137      204      279      203      66       139      201      142      258      36       111      128      124      203      182      206      117      183      178      101      130      280      159      224      197      205      181      210      204      166      79       138      156      
4        185      48       38       188      0        205      340      108      99       390      446      182      232      111      390      187      300      184      84       263      309      359      92       282      277      343      308      168      258      452      132      412      379      393      330      98       51       98       124      65       113      
5        314      160      227      206      205      0        259      273      253      323      322      26       183      102      348      316      97       235      156      334      306      235      115      102      321      228      169      104      145      337      75       384      376      338      386      295      255      106      146      221      94       
6        286      325      329      162      340      259      0        317      299      64       119      273      107      254      98       287      248      188      256      221      117      71       302      188      184      55       108      189      114      118      260      138      154      82       226      372      364      283      216      298      267      
7        81       147      69       155      108      273      317      0        21       353      434      256      218      171      340      83       358      130      117      175      251      356      179      323      199      337      321      196      270      435      199      353      311      350      241      59       80       176      139      54       182      
8        85       133      62       137      99       253      299      21       0        337      416      237      199      151      327      87       337      115      97       171      238      337      163      302      191      318      301      175      249      417      180      341      301      335      238      73       82       158      118      38       164      
9        308      380      375      204      390      323      64       353      337      0        119      337      162      313      47       309      311      222      307      226      115      119      361      251      187      110      170      249      178      107      320      84       118      23       212      411      408      342      269      342      327      
10       406      425      440      279      446      322      119      434      416      119      0        343      218      349      165      407      275      307      362      336      227      90       394      227      298      104      153      283      193      21       346      197      237      140      331      488      476      376      322      411      359      
11       301      136      206      203      182      26       273      256      237      337      343      0        189      85       358      304      122      229      140      329      310      254      91       126      320      246      189      103      159      356      56       393      382      350      384      274      233      84       137      203      73       
12       206      218      222      66       232      183      107      218      199      162      218      189      0        151      174      208      211      101      148      176      123      137      199      154      151      118      113      90       68       222      162      205      193      170      213      270      258      181      108      193      166      
13       217      77       126      139      111      102      254      171      151      313      349      85       151      0        324      220      192      157      55       256      259      259      48       171      253      245      202      66       156      358      29       354      333      322      316      194      157      29       60       118      17       
14       287      386      370      201      390      348      98       340      327      47       165      358      174      324      0        288      346      212      311      196      90       162      372      285      158      151      207      264      205      150      336      39       72       24       173      399      403      354      274      337      339      
15       2        218      149      142      187      316      287      83       87       309      407      304      208      220      288      0        387      106      166      101      197      340      242      342      133      320      320      221      272      404      248      293      246      302      163      134      163      234      169      123      235      
16       385      257      319      258      300      97       248      358      337      311      275      122      211      192      346      387      0        292      242      384      329      200      212      61       363      202      140      166      148      293      168      385      391      330      425      386      349      201      221      309      187      
17       104      192      160      36       184      235      188      130      115      222      307      229      101      157      212      106      292      0        118      100      126      235      196      242      98       215      214      131      166      306      181      229      194      220      159      188      191      181      96       125      174      
18       164      76       83       111      84       156      256      117      97       307      362      140      148      55       311      166      242      118      0        213      235      275      80       212      216      258      227      88       176      368      84       336      308      312      276      146      118      68       40       67       69       
19       101      282      231      128      263      334      221      175      171      226      336      329      176      256      196      101      384      100      213      0        111      285      293      329      39       265      284      229      245      329      281      195      146      214      67       232      253      279      196      198      274      
20       196      312      286      124      309      306      117      251      238      115      227      310      123      259      90       197      329      126      235      111      0        187      305      268      72       168      204      208      180      218      276      103      73       105      109      310      317      288      203      252      276      
21       338      335      355      203      359      235      71       356      337      119      90       254      137      259      162      340      200      235      275      285      187      0        304      145      250      20       65       193      102      102      256      202      224      141      296      407      391      286      235      328      268      
22       240      45       120      182      92       115      302      179      163      361      394      91       199      48       372      242      212      196      80       293      305      304      0        203      294      291      245      114      201      404      50       401      379      370      355      187      143      18       103      125      35       
23       340      244      294      206      282      102      188      323      302      251      227      126      154      171      285      342      61       242      212      329      268      145      203      0        306      144      81       127      88       243      153      324      330      270      367      359      327      188      184      278      171      
24       133      290      247      117      277      321      184      199      191      187      298      320      151      253      158      133      363      98       216      39       72       250      294      306      0        230      254      217      219      290      276      160      113      175      64       258      273      278      192      213      271      
25       318      321      338      183      343      228      55       337      318      110      104      246      118      245      151      320      202      215      258      265      168      20       291      144      230      0        62       179      90       112      244      190      209      131      278      389      373      273      219      310      256      
26       318      280      310      178      308      169      108      321      301      170      153      189      113      202      207      320      140      214      227      284      204      65       245      81       254      62       0        140      52       167      196      246      258      190      310      367      345      227      190      286      210      
27       218      141      172      101      168      104      189      196      175      249      283      103      90       66       264      221      166      131      88       229      208      193      114      127      217      179      140      0        91       291      72       295      280      259      281      234      207      95       57       152      78       
28       270      232      258      130      258      145      114      270      249      178      193      159      68       156      205      272      148      166      176      245      180      102      201      88       219      90       52       91       0        203      154      243      243      194      279      315      294      183      138      234      166      
29       402      432      444      280      452      337      118      435      417      107      21       356      222      358      150      404      293      306      368      329      218      102      404      243      290      112      167      291      203      0        357      180      223      126      319      490      480      385      328      415      368      
30       246      91       152      159      132      75       260      199      180      320      346      56       162      29       336      248      168      181      84       281      276      256      50       153      276      244      196      72       154      357      0        367      350      331      340      220      181      34       85       146      19       
31       292      412      389      224      412      384      138      353      341      84       197      393      205      354      39       293      385      229      336      195      103      202      401      324      160      190      246      295      243      180      367      0        52       61       159      412      420      383      300      355      370      
32       246      384      353      197      379      376      154      311      301      118      237      382      193      333      72       246      391      194      308      146      73       224      379      330      113      209      258      280      243      223      350      52       0        97       106      370      382      361      276      319      350      
33       301      386      376      205      393      338      82       350      335      23       140      350      170      322      24       302      330      220      312      214      105      141      370      270      175      131      190      259      194      126      331      61       97       0        195      409      409      351      274      343      336      
34       164      348      298      181      330      386      226      241      238      212      331      384      213      316      173      163      425      159      276      67       109      296      355      367      64       278      310      281      279      319      340      159      106      195      0        297      320      341      255      265      334      
35       134      145      68       210      98       295      372      59       73       411      488      274      270      194      399      134      386      188      146      232      310      407      187      359      258      389      367      234      315      490      220      412      370      409      297      0        48       190      178      81       201      
36       162      99       35       204      51       255      364      80       82       408      476      233      258      157      403      163      349      191      118      253      317      391      143      327      273      373      345      207      294      480      181      420      382      409      320      48       0        149      155      66       162      
37       232      56       122      166      98       106      283      176      158      342      376      84       181      29       354      234      201      181      68       279      288      286      18       188      278      273      227      95       183      385      34       383      361      351      341      190      149      0        86       122      17       
38       167      112      120      79       124      146      216      139      118      269      322      137      108      60       274      169      221      96       40       196      203      235      103      184      192      219      190      57       138      328      85       300      276      274      255      178      155      86       0        97       78       
39       121      95       34       138      65       221      298      54       38       342      411      203      193      118      337      123      309      125      67       198      252      328      125      278      213      310      286      152      234      415      146      355      319      343      265      81       66       122      97       0        129      
40       233      73       133      156      113      94       267      182      164      327      359      73       166      17       339      235      187      174      69       274      276      268      35       171      271      256      210      78       166      368      19       370      350      336      334      201      162      17       78       129      0        
;



Table delta(i,j)                 Distance
         0        1        2        3        4        5        6        7        8        9        10       11       12       13       14       15       16       17       18       19       20       21       22       23       24       25       26       27       28       29       30       31       32       33       34       35       36       37       38       39       40       
0        0        10410    18780    26100    17400    12810    20460    23370    26550    18600    18360    22440    23700    5970     23730    32520    240      22200    21900    23760    4650     3930     4620     21540    18390    27540    10110    20910    23490    1470     16770    26760    25920    26970    17250    18090    15900    17790    29820    18600    26850    
1        10410    0        663      622      448      85       337      627      652      301      326      613      493      164      460      859      351      567      707      649      211      227      214      376      284      769      216      350      486      320      238      675      619      730      229      374      276      267      802      457      661      
2        18780    663      0        613      314      725      888      375      589      667      587      333      686      569      797      707      619      400      140      366      561      573      555      806      692      449      447      848      681      582      650      558      601      472      797      476      518      674      577      363      596      
3        26100    622      613      0        343      609      567      250      50       356      298      287      187      685      333      241      870      212      522      270      720      745      719      418      390      295      533      496      190      823      406      101      11       233      550      267      352      392      230      286      54       
4        17400    448      314      343      0        484      594      199      338      361      277      173      376      431      483      517      577      163      289      214      450      472      447      497      390      341      265      546      371      531      356      329      334      319      517      163      222      375      415      58       347      
5        12810    85       725      609      484      0        255      649      644      264      310      640      461      249      405      850      432      584      758      672      295      311      300      312      239      787      282      274      455      403      205      674      607      742      149      383      284      227      805      483      653      
6        20460    337      888      567      594      255      0        701      614      241      328      708      382      500      256      798      687      632      884      727      548      565      551      151      208      818      485      72       378      657      238      657      570      762      109      444      373      220      794      568      620      
7        23370    627      375      250      199      649      701      0        218      460      375      43       380      628      521      342      776      69       273      25       649      671      646      574      495      143      462      640      379      729      481      183      239      121      647      269      365      487      224      171      223      
8        26550    652      589      50       338      644      614      218      0        397      333      257      236      705      383      207      884      191      491      235      738      762      737      466      431      246      548      544      239      838      443      51       44       185      593      286      378      433      181      283      9        
9        18600    301      667      356      361      264      241      460      397      0        87       467      197      420      173      597      622      391      649      486      466      489      467      140      35       582      329      186      190      582      63       435      357      528      196      204      152      37       571      329      405      
10       18360    326      587      298      277      310      328      375      333      87       0        380      178      415      220      539      613      306      563      400      457      481      457      220      120      500      293      273      170      570      112      365      297      448      274      117      92       112      499      243      342      
11       22440    613      333      287      173      640      708      43       257      467      380      0        404      604      541      384      745      85       235      44       622      644      619      587      500      170      438      650      402      699      482      225      276      159      648      268      359      491      264      157      264      
12       23700    493      686      187      376      461      382      380      236      197      178      404      0        593      148      416      791      318      627      405      635      659      635      232      225      465      468      311      7        748      257      284      192      405      377      229      264      234      417      322      242      
13       5970     164      569      685      431      249      500      628      705      420      415      604      593      0        592      909      202      580      642      645      48       68       51       522      413      772      166      507      586      163      359      718      680      744      391      419      337      394      831      460      715      
14       23730    460      797      333      483      405      256      521      383      173      220      541      148      592      0        550      794      456      754      547      638      661      640      108      178      613      501      185      147      754      232      431      339      553      285      321      310      197      563      437      387      
15       32520    859      707      241      517      850      798      342      207      597      539      384      416      909      550      0        1082     354      583      344      940      964      938      647      630      268      749      726      421      1036     647      191      242      234      789      492      585      634      133      467      198      
16       240      351      619      870      577      432      687      776      884      622      613      745      791      202      794      1082     0        738      724      788      156      133      156      722      615      915      336      701      784      46       561      891      863      896      580      602      530      596      991      618      894      
17       22200    567      400      212      163      584      632      69       191      391      306      85       318      580      456      354      738      0        316      95       604      627      601      506      425      202      414      571      316      691      413      171      200      164      578      202      300      418      253      120      199      
18       21900    707      140      522      289      758      884      273      491      649      563      235      627      642      754      583      724      316      0        256      643      659      638      783      679      318      497      835      624      684      646      453      511      350      805      446      512      664      451      321      496      
19       23760    649      366      270      214      672      727      25       235      486      400      44       405      645      547      344      788      95       256      0        665      686      662      600      520      127      479      666      404      742      506      196      259      115      672      293      389      512      221      192      240      
20       4650     211      561      720      450      295      548      649      738      466      457      622      635      48       638      940      156      604      643      665      0        24       5        570      460      792      191      555      628      116      406      749      715      767      438      453      376      440      857      484      748      
21       3930     227      573      745      472      311      565      671      762      489      481      644      659      68       661      964      133      627      659      686      24       0        25       591      482      814      215      574      652      94       428      772      739      789      456      477      400      463      880      506      772      
22       4620     214      555      719      447      300      551      646      737      467      457      619      635      51       640      938      156      601      638      662      5        25       0        572      462      789      189      558      628      114      407      747      713      764      442      452      375      442      854      481      746      
23       21540    376      806      418      497      312      151      574      466      140      220      587      232      522      108      647      722      506      783      600      570      591      572      0        123      681      457      79       228      685      177      512      422      623      180      336      292      143      648      461      472      
24       18390    284      692      390      390      239      208      495      431      35       120      500      225      413      178      630      615      425      679      520      460      482      462      123      0        617      335      157      218      576      56       469      390      563      161      235      174      21       606      360      439      
25       27540    769      449      295      341      787      818      143      246      582      500      170      465      772      613      268      915      202      318      127      792      814      789      681      617      0        605      753      466      869      610      195      285      61       774      404      502      611      135      315      246      
26       10110    216      447      533      265      282      485      462      548      329      293      438      468      166      501      749      336      414      497      479      191      215      189      457      335      605      0        468      461      290      280      557      527      577      381      266      203      314      666      293      558      
27       20910    350      848      496      546      274      72       640      544      186      273      650      311      507      185      726      701      571      835      666      555      574      558      79       157      753      468      0        307      668      199      588      500      696      127      390      330      173      725      516      550      
28       23490    486      681      190      371      455      378      379      239      190      170      402      7        586      147      421      784      316      624      404      628      652      628      228      218      466      461      307      0        741      250      286      195      406      371      223      257      227      420      318      244      
29       1470     320      582      823      531      403      657      729      838      582      570      699      748      163      754      1036     46       691      684      742      116      94       114      685      576      869      290      668      741      0        522      844      817      850      549      556      486      556      945      571      847      
30       16770    238      650      406      356      205      238      481      443      63       112      482      257      359      232      647      561      413      646      506      406      428      407      177      56       610      280      199      250      522      0        477      405      560      166      213      134      35       612      334      452      
31       26760    675      558      101      329      674      657      183      51       435      365      225      284      718      431      191      891      171      453      196      749      772      747      512      469      195      557      588      286      844      477      0        93       134      631      303      400      469      137      278      50       
32       25920    619      601      11       334      607      570      239      44       357      297      276      192      680      339      242      863      200      511      259      715      739      713      422      390      285      527      500      195      817      405      93       0        223      551      261      348      393      225      276      50       
33       26970    730      472      233      319      742      762      121      185      528      448      159      405      744      553      234      896      164      350      115      767      789      764      623      563      61       577      696      406      850      560      134      223      0        722      359      458      559      106      284      185      
34       17250    229      797      550      517      149      109      647      593      196      274      648      377      391      285      789      580      578      805      672      438      456      442      180      161      774      381      127      371      549      166      631      551      722      0        379      295      163      767      499      600      
35       18090    374      476      267      163      383      444      269      286      204      117      268      229      419      321      492      602      202      446      293      453      477      452      336      235      404      266      390      223      556      213      303      261      359      379      0        99       224      427      125      296      
36       15900    276      518      352      222      284      373      365      378      152      92       359      264      337      310      585      530      300      512      389      376      400      375      292      174      502      203      330      257      486      134      400      348      458      295      99       0        156      526      206      387      
37       17790    267      674      392      375      227      220      487      433      37       112      491      234      394      197      634      596      418      664      512      440      463      442      143      21       611      314      173      227      556      35       469      393      559      163      224      156      0        605      348      441      
38       29820    802      577      230      415      805      794      224      181      571      499      264      417      831      563      133      991      253      451      221      857      880      854      648      606      135      666      725      420      945      612      137      225      106      767      427      526      605      0        373      176      
39       18600    457      363      286      58       483      568      171      283      329      243      157      322      460      437      467      618      120      321      192      484      506      481      461      360      315      293      516      318      571      334      278      276      284      499      125      206      348      373      0        292      
40       26850    661      596      54       347      653      620      223      9        405      342      264      242      715      387      198      894      199      496      240      748      772      746      472      439      246      558      550      244      847      452      50       50       185      600      296      387      441      176      292      0        
;

