
sets
i        orders          /0*40/
k        routes          /1*40/
p        positions       /0*40/
;

alias(i,j)
alias(i,h)
alias(i,hh)
alias(i,jj)
alias(k,kk)
                
                    Parameters

rho(i)	Processing time
/
0	0
1	17
2	70
3	64
4	37
5	88
6	41
7	69
8	47
9	3
10	45
11	88
12	29
13	90
14	41
15	56
16	44
17	50
18	65
19	16
20	71
21	52
22	9
23	86
24	19
25	86
26	87
27	34
28	58
29	46
30	5
31	93
32	32
33	5
34	32
35	5
36	7
37	97
38	71
39	66
40	62
/

gamma(i)	Duedate
/
0	0
1	31
2	52
3	61
4	73
5	52
6	68
7	89
8	94
9	87
10	8
11	41
12	97
13	9
14	69
15	27
16	75
17	21
18	85
19	77
20	70
21	8
22	36
23	59
24	72
25	48
26	33
27	16
28	59
29	57
30	1
31	96
32	30
33	82
34	30
35	36
36	31
37	8
38	61
39	93
40	96
/

sigma(i)	Size
/
0	0
1	1
2	9
3	4
4	2
5	5
6	2
7	7
8	4
9	6
10	9
11	5
12	3
13	6
14	8
15	2
16	9
17	6
18	8
19	5
20	6
21	6
22	5
23	3
24	7
25	5
26	5
27	1
28	9
29	8
30	1
31	6
32	1
33	5
34	1
35	5
36	1
37	3
38	4
39	4
40	3
/

epsilon(i)	Priority
/
0	0
1	2
2	8
3	8
4	5
5	6
6	4
7	1
8	6
9	7
10	4
11	1
12	8
13	9
14	3
15	3
16	9
17	6
18	3
19	8
20	3
21	1
22	1
23	3
24	4
25	7
26	5
27	6
28	9
29	1
30	3
31	8
32	4
33	5
34	7
35	5
36	3
37	2
38	1
39	2
40	6
/

psi	Vehicle Capacity
/ 38 /
;

Table kappa(i,j)                 Setup
         0        1        2        3        4        5        6        7        8        9        10       11       12       13       14       15       16       17       18       19       20       21       22       23       24       25       26       27       28       29       30       31       32       33       34       35       36       37       38       39       40       
0        0        291      380      371      350      334      129      187      312      291      280      186      106      436      350      312      395      212      23       354      378      404      372      235      17       50       254      397      115      257      332      77       277      260      381      303      368      303      324      482      92       
1        291      0        236      170      61       279      286      322      156      131      339      232      242      242      128      60       395      124      267      79       160      319      203      209      298      266      165      140      177      63       48       283      119      108      307      48       352      238      69       227      224      
2        380      236      0        79       260      98       286      275      85       114      217      205      278      74       117      178      200      186      361      294      99       92       37       149      375      332      128      154      287      191      210      322      352      337      91       284      162      92       174      176      288      
3        371      170      79       0        184      163      300      305      61       80       270      220      280      74       42       110      275      160      350      219      20       172      42       166      370      328      124      76       264      140      136      326      289      276      168      215      234      139      102      122      281      
4        350      61       260      184      0        319      347      382      190      170      392      290      304      248      143      88       437      182      327      34       169      349      224      261      358      327      214      130      238      119      51       344      135      132      340      58       394      280      88       205      285      
5        334      279      98       163      319      0        220      193      129      149      121      148      228      172      188      231      117      185      320      350      183      70       125      105      326      284      122      238      265      220      268      265      381      363      46       327      75       42       231      273      247      
6        129      286      286      300      347      220      0        61       239      227      150      81       50       353      293      280      267      168      124      363      313      289      288      137      116      83       176      348      135      230      311      52       323      303      265      317      241      197      290      422      81       
7        187      322      275      305      382      193      61       0        246      241      99       93       107      347      306      307      217      199      184      401      321      259      285      139      172      144      187      363      191      262      341      111      374      354      235      359      198      182      315      428      139      
8        312      156      85       61       190      129      239      246      0        29       220      159      219      124      64       103      246      106      292      222      75       163      62       106      311      268      63       121      210      106      139      265      269      252      151      205      204      93       102      183      221      
9        291      131      114      80       170      149      227      241      29       0        227      150      202      149      65       82       266      81       270      201      87       189      90       104      290      248      54       122      185      77       120      249      241      224      176      179      223      110      85       195      201      
10       280      339      217      270      392      121      150      99       220      227      0        123      184      292      284      307      117      219      273      418      289      175      239      130      267      232      178      340      254      275      344      203      417      397      154      383      102      131      311      388      213      
11       186      232      205      220      290      148      81       93       159      150      123      0        79       271      216      214      222      108      171      311      234      218      207      56       177      135      97       273      132      170      248      118      296      276      195      271      188      119      222      343      101      
12       106      242      278      280      304      228      50       107      219      202      184      79       0        340      266      244      294      132      93       318      290      298      274      131      98       55       157      319      85       191      272      46       273      253      274      270      264      197      255      398      31       
13       436      242      74       74       248      172      353      347      124      149      292      271      340      0        114      182      265      229      416      282      81       149      65       215      434      391      183      121      334      214      203      385      361      349      157      285      231      166      173      108      345      
14       350      128      117      42       143      188      293      306      64       65       284      216      266      114      0        68       304      137      327      178      33       207      80       167      350      309      119      57       238      104      94       312      248      235      201      173      262      156      60       132      262      
15       312      60       178      110      88       231      280      307      103      82       307      214      244      182      68       0        348      112      288      119      101      264      144      178      316      278      129      90       196      54       37       288      179      167      254      106      306      192      12       179      232      
16       395      395      200      275      437      117      267      217      246      266      117      222      294      265      304      348      0        292      386      467      295      117      234      201      383      346      233      351      353      334      385      319      492      473      109      443      42       157      349      373      321      
17       212      124      186      160      182      185      168      199      106      81       219      108      132      229      137      112      292      0        190      203      166      243      168      92       213      172      64       188      104      63       143      177      201      181      224      164      251      142      122      270      125      
18       23       267      361      350      327      320      124      184      292      270      273      171      93       416      327      288      386      190      0        331      356      389      352      218      34       41       234      374      92       234      308      74       256      239      366      280      357      286      301      459      73       
19       354      79       294      219      34       350      363      401      222      201      418      311      318      282      178      119      467      203      331      0        203      383      258      287      364      335      241      163      245      142      84       355      114      116      373      50       425      311      121      236      296      
20       378      160      99       20       169      183      313      321      75       87       289      234      290      81       33       101      295      166      356      203      0        191      61       181      378      336      137      56       268      137      122      336      280      268      188      204      255      158      91       108      289      
21       404      319      92       172      349      70       289      259      163      189      175      218      298      149      207      264      117      243      389      383      191      0        130      172      396      354      178      247      331      266      298      335      430      413      24       368      87       105      261      258      316      
22       372      203      37       42       224      125      288      285      62       90       239      207      274      65       80       144      234      168      352      258      61       130      0        150      369      326      118      118      272      163      174      320      321      306      127      250      195      108      138      149      280      
23       235      209      149      166      261      105      137      139      106      104      130      56       131      215      167      178      201      92       218      287      181      172      150      0        229      186      50       225      160      145      215      173      293      274      150      253      161      68       184      289      145      
24       17       298      375      370      358      326      116      172      311      290      267      177      98       434      350      316      383      213      34       364      378      396      369      229      0        43       251      400      121      261      337      64       290      273      372      313      356      296      328      483      89       
25       50       266      332      328      327      284      83       144      268      248      232      135      55       391      309      278      346      172      41       335      336      354      326      186      43       0        207      360      89       224      302      34       272      254      330      286      318      253      290      442      47       
26       254      165      128      124      214      122      176      187      63       54       178      97       157      183      119      129      233      64       234      241      137      178      118      50       251      207      0        176      159      102      166      202      260      241      159      211      191      79       134      246      162      
27       397      140      154      76       130      238      348      363      121      122      340      273      319      121      57       90       351      188      374      163      56       247      118      225      400      360      176      0        283      142      94       365      256      247      245      176      311      211      78       88       313      
28       115      177      287      264      238      265      135      191      210      185      254      132      85       334      238      196      353      104      92       245      268      331      272      160      121      89       159      283      0        142      216      112      189      169      309      196      317      226      209      369      55       
29       257      63       191      140      119      220      230      262      106      77       275      170      191      214      104      54       334      63       234      142      137      266      163      145      261      224      102      142      142      0        81       234      163      146      251      109      292      178      67       230      178      
30       332      48       210      136      51       268      311      341      139      120      344      248      272      203      94       37       385      143      308      84       122      298      174      215      337      302      166      94       216      81       0        315      162      153      289      83       343      230      36       179      257      
31       77       283      322      326      344      265      52       111      265      249      203      118      46       385      312      288      319      177      74       355      336      335      320      173      64       34       202      365      112      234      315      0        300      281      311      307      292      238      299      444      59       
32       277      119      352      289      135      381      323      374      269      241      417      296      273      361      248      179      492      201      256      114      280      430      321      293      290      272      260      256      189      163      162      300      0        20       415      80       451      338      188      338      245      
33       260      108      337      276      132      363      303      354      252      224      397      276      253      349      235      167      473      181      239      116      268      413      306      274      273      254      241      247      169      146      153      281      20       0        397      75       432      320      177      332      225      
34       381      307      91       168      340      46       265      235      151      176      154      195      274      157      201      254      109      224      366      373      188      24       127      150      372      330      159      245      309      251      289      311      415      397      0        355      74       83       252      264      293      
35       303      48       284      215      58       327      317      359      205      179      383      271      270      285      173      106      443      164      280      50       204      368      250      253      313      286      211      176      196      109      83       307      80       75       355      0        400      286      113      258      248      
36       368      352      162      234      394      75       241      198      204      223      102      188      264      231      262      306      42       251      357      425      255      87       195      161      356      318      191      311      317      292      343      292      451      432      74       400      0        114      306      337      289      
37       303      238      92       139      280      42       197      182      93       110      131      119      197      166      156      192      157      142      286      311      158      105      108      68       296      253      79       211      226      178      230      238      338      320      83       286      114      0        194      257      213      
38       324      69       174      102      88       231      290      315      102      85       311      222      255      173      60       12       349      122      301      121      91       261      138      184      328      290      134      78       209      67       36       299      188      177      252      113      306      194      0        166      244      
39       482      227      176      122      205      273      422      428      183      195      388      343      398      108      132      179      373      270      459      236      108      258      149      289      483      442      246      88       369      230      179      444      338      332      264      258      337      257      166      0        395      
40       92       224      288      281      285      247      81       139      221      201      213      101      31       345      262      232      321      125      73       296      289      316      280      145      89       47       162      313      55       178      257      59       245      225      293      248      289      213      244      395      0        
;



Table delta(i,j)                 Distance
         0        1        2        3        4        5        6        7        8        9        10       11       12       13       14       15       16       17       18       19       20       21       22       23       24       25       26       27       28       29       30       31       32       33       34       35       36       37       38       39       40       
0        0        1380     12360    16860    19170    4110     11520    10260    12300    12540    18330    14760    7650     6360     7680     17430    22230    11430    18570    7590     13410    8430     22860    7410     6210     2970     2250     17670    3270     17130    12120    13500    17310    17250    12840    6960     6930     15450    17130    12600    8880     
1        1380     0        437      558      610      145      341      359      369      372      600      482      256      247      297      555      719      335      573      208      427      239      750      234      240      100      91       543      88       542      430      453      537      560      387      275      249      469      527      410      331      
2        12360    437      0        345      638      535      752      100      600      741      440      352      245      216      227      564      644      716      872      607      421      526      569      657      212      344      476      860      520      583      13       214      718      451      618      267      192      788      793      328      154      
3        16860    558      345      0        353      698      753      299      476      693      99       96       307      468      520      287      309      687      731      625      215      483      228      787      452      462      637      738      642      322      357      138      517      134      488      549      366      682      640      160      458      
4        19170    610      638      353      0        748      625      555      305      528      272      294      462      663      732      74       165      543      459      552      225      405      314      785      644      554      701      485      667      68       647      434      225      219      301      745      556      456      372      311      694      
5        4110     145      535      698      748      0        358      473      487      426      744      625      392      322      346      696      862      385      649      267      571      358      895      129      323      235      62       611      86       681      526      587      654      705      503      311      364      542      619      553      402      
6        11520    341      752      753      625      358      0        660      322      110      752      658      522      586      639      607      781      82       330      145      552      269      879      282      576      412      369      285      294      574      748      697      441      693      324      616      560      235      339      594      668      
7        10260    359      100      299      555      473      660      0        500      644      385      282      145      180      222      481      579      620      772      515      332      427      527      589      168      261      412      760      446      496      102      160      621      384      518      254      110      688      693      244      159      
8        12300    369      600      476      305      487      322      500      0        232      452      381      358      521      591      285      459      241      273      253      262      130      566      496      504      357      453      269      401      252      602      466      168      389      19       589      440      206      193      333      584      
9        12540    372      741      693      528      426      110      644      232      0        680      597      499      600      661      517      688      41       229      165      483      221      798      374      587      420      422      187      349      482      739      656      333      619      230      644      555      127      229      539      678      
10       18330    600      440      99       272      744      752      385      452      680      0        120      365      545      602      215      210      680      687      636      199      485      151      822      528      512      685      700      680      255      452      228      461      64       460      628      438      651      595      190      544      
11       14760    482      352      96       294      625      658      282      381      597      120      0        245      430      490      222      297      591      639      533      120      389      272      707      412      392      566      645      564      250      362      141      432      102      393      513      321      587      548      72       437      
12       7650     256      245      307      462      392      522      145      358      499      365      245      0        201      269      392      524      478      628      378      240      281      517      491      182      157      331      615      344      397      246      197      491      339      377      284      94       543      551      180      238      
13       6360     247      216      468      663      322      586      180      521      600      545      430      201      0        71       593      720      568      773      445      441      413      693      449      19       180      267      751      321      598      205      333      672      530      541      84       109      676      708      373      83       
14       7680     297      227      520      732      346      639      222      591      661      602      490      269      71       0        661      783      627      840      502      508      481      747      476      89       244      297      816      360      667      215      382      743      591      611      40       176      741      777      437      73       
15       17430    555      564      287      74       696      607      481      285      517      215      222      392      593      661      0        176      527      482      519      152      366      289      743      574      492      646      501      618      41       572      361      250      156      286      676      485      462      391      236      622      
16       22230    719      644      309      165      862      781      579      459      688      210      297      524      720      783      176      0        700      624      695      294      542      171      916      702      647      809      651      787      207      655      430      390      195      458      804      610      622      537      347      733      
17       11430    335      716      687      543      385      82       620      241      41       680      591      478      568      627      527      700      0        270      127      481      207      803      333      556      389      382      229      309      493      714      641      359      620      242      609      527      167      264      530      647      
18       18570    573      872      731      459      649      330      772      273      229      687      639      628      773      840      482      624      270      0        382      518      359      769      604      757      596      637      48       568      441      873      737      234      623      256      830      704      106      91       600      843      
19       7590     208      607      625      552      267      145      515      253      165      636      533      378      445      502      519      695      127      382      0        437      154      772      246      434      269      257      345      186      492      603      559      409      581      264      482      415      275      353      465      526      
20       13410    427      421      215      225      571      552      332      262      483      199      120      240      441      508      152      294      481      518      437      0        286      336      635      422      352      516      524      500      163      428      233      317      143      273      524      332      467      428      95       469      
21       8430     239      526      483      405      358      269      427      130      221      485      389      281      413      481      366      542      207      359      154      286      0        619      380      397      238      323      340      273      342      526      435      298      429      147      473      347      265      297      324      483      
22       22860    750      569      228      314      895      879      527      566      798      151      272      517      693      747      289      171      803      769      772      336      619      0        969      676      663      836      790      829      330      582      366      535      193      570      775      588      751      679      342      686      
23       7410     234      657      787      785      129      282      589      496      374      822      707      491      449      476      743      916      333      604      246      635      380      969      0        448      335      182      561      146      721      649      688      655      776      509      441      478      500      592      634      530      
24       6210     240      212      452      644      323      576      168      504      587      528      412      182      19       89       574      702      556      757      434      422      397      676      448      0        167      265      736      316      578      202      318      654      512      524      102      91       661      692      355      92       
25       2970     100      344      462      554      235      412      261      357      420      512      392      157      180      244      492      647      389      596      269      352      238      663      335      167      0        174      572      189      486      339      354      518      477      376      234      153      497      536      321      258      
26       2250     91       476      637      701      62       369      412      453      422      685      566      331      267      297      646      809      382      637      257      516      323      836      182      265      174      0        602      74       633      467      525      621      647      470      266      302      530      599      494      348      
27       17670    543      860      738      485      611      285      760      269      187      700      645      615      751      816      501      651      229      48       345      524      340      790      561      736      572      602      0        532      460      861      735      260      636      254      805      687      75       113      601      823      
28       3270     88       520      642      667      86       294      446      401      349      680      564      344      321      360      618      787      309      568      186      500      273      829      146      316      189      74       532      0        601      513      541      568      637      417      332      336      461      535      491      404      
29       17130    542      583      322      68       681      574      496      252      482      255      250      397      598      667      41       207      493      441      492      163      342      330      721      578      486      633      460      601      0        591      385      209      194      251      679      491      423      350      254      631      
30       12120    430      13       357      647      526      748      102      602      739      452      362      246      205      215      572      655      714      873      603      428      526      582      649      202      339      467      861      513      591      0        225      723      461      621      254      187      789      795      336      141      
31       13500    453      214      138      434      587      697      160      466      656      228      141      197      333      382      361      430      641      737      559      233      435      366      688      318      354      525      735      541      385      225      0        549      237      481      412      236      670      650      140      319      
32       17310    537      718      517      225      654      441      621      168      333      461      432      491      672      743      250      390      359      234      409      317      298      535      655      654      518      621      260      568      209      723      549      0        398      151      745      581      239      147      409      727      
33       17250    560      451      134      219      705      693      384      389      619      64       102      339      530      591      156      195      620      623      581      143      429      193      776      512      477      647      636      637      194      461      237      398      0        397      614      421      587      531      159      539      
34       12840    387      618      488      301      503      324      518      19       230      460      393      377      541      611      286      458      242      256      264      273      147      570      509      524      376      470      254      417      251      621      481      151      397      0        608      459      194      174      347      603      
35       6960     275      267      549      745      311      616      254      589      644      628      513      284      84       40       676      804      609      830      482      524      473      775      441      102      234      266      805      332      679      254      412      745      614      608      0        193      729      771      457      112      
36       6930     249      192      366      556      364      560      110      440      555      438      321      94       109      176      485      610      527      704      415      332      347      588      478      91       153      302      687      336      491      187      236      581      421      459      193      0        613      632      263      146      
37       15450    469      788      682      456      542      235      688      206      127      651      587      543      676      741      462      622      167      106      275      467      265      751      500      661      497      530      75       461      423      789      670      239      587      194      729      613      0        108      540      748      
38       17130    527      793      640      372      619      339      693      193      229      595      548      551      708      777      391      537      264      91       353      428      297      679      592      692      536      599      113      535      350      795      650      147      531      174      771      632      108      0        512      774      
39       12600    410      328      160      311      553      594      244      333      539      190      72       180      373      437      236      347      530      600      465      95       324      342      634      355      321      494      601      491      254      336      140      409      159      347      457      263      540      512      0        390      
40       8880     331      154      458      694      402      668      159      584      678      544      437      238      83       73       622      733      647      843      526      469      483      686      530      92       258      348      823      404      631      141      319      727      539      603      112      146      748      774      390      0        
;

