
sets
i        orders          /0*40/
k        routes          /1*40/
p        positions       /0*40/
;

alias(i,j)
alias(i,h)
alias(i,hh)
alias(i,jj)
alias(k,kk)
                
                    Parameters

rho(i)	Processing time
/
0	0
1	61
2	26
3	61
4	44
5	6
6	6
7	28
8	76
9	7
10	64
11	38
12	8
13	90
14	22
15	9
16	27
17	73
18	31
19	85
20	97
21	56
22	55
23	8
24	63
25	2
26	66
27	40
28	87
29	31
30	89
31	18
32	1
33	14
34	40
35	10
36	23
37	97
38	68
39	90
40	45
/

gamma(i)	Duedate
/
0	0
1	39
2	50
3	66
4	97
5	22
6	62
7	20
8	88
9	16
10	75
11	33
12	87
13	54
14	26
15	2
16	2
17	21
18	47
19	45
20	53
21	61
22	45
23	94
24	16
25	50
26	92
27	14
28	33
29	39
30	36
31	94
32	45
33	82
34	36
35	93
36	74
37	58
38	93
39	25
40	80
/

sigma(i)	Size
/
0	0
1	1
2	1
3	8
4	8
5	2
6	1
7	3
8	7
9	7
10	7
11	9
12	8
13	6
14	3
15	8
16	9
17	4
18	7
19	9
20	7
21	1
22	2
23	7
24	1
25	3
26	4
27	9
28	3
29	1
30	4
31	9
32	5
33	4
34	6
35	5
36	6
37	9
38	6
39	3
40	9
/

epsilon(i)	Priority
/
0	0
1	4
2	6
3	2
4	7
5	9
6	7
7	3
8	8
9	5
10	2
11	6
12	3
13	1
14	4
15	9
16	9
17	9
18	8
19	5
20	8
21	6
22	9
23	5
24	2
25	8
26	3
27	6
28	9
29	8
30	5
31	2
32	6
33	9
34	7
35	3
36	7
37	9
38	4
39	7
40	3
/

psi	Vehicle Capacity
/ 30 /
;

Table kappa(i,j)                 Setup
         0        1        2        3        4        5        6        7        8        9        10       11       12       13       14       15       16       17       18       19       20       21       22       23       24       25       26       27       28       29       30       31       32       33       34       35       36       37       38       39       40       
0        0        472      361      178      34       251      372      194      121      66       124      263      206      206      350      333      350      253      135      343      316      250      245      408      375      139      371      228      389      392      293      210      241      199      498      144      193      61       298      208      325      
1        472      0        165      299      464      305      175      279      367      414      372      318      284      291      204      231      164      263      345      281      204      301      263      65       201      373      331      316      179      243      386      321      346      274      77       336      348      410      279      264      308      
2        361      165      0        183      364      146      232      174      285      317      295      156      228      156      40       65       14       114      262      317      47       143      119      134      260      237      373      288      249      308      388      171      186      170      234      216      305      304      114      164      332      
3        178      299      183      0        180      112      240      26       112      134      125      133      105      42       178      166      172      87       91       261      141      109      76       238      255      81       310      171      260      289      277      81       132      30       337      36       166      120      147      40       260      
4        34       464      364      180      0        265      353      192      102      50       101      278      189      213      357      341      352      261      120      317      321      264      252      399      355      155      342      203      370      368      262      224      259      196      485      149      166      60       311      204      298      
5        251      305      146      112      265      0        309      127      221      229      234      21       212      70       118      92       143      49       202      357      101      5        56       258      331      112      410      280      329      373      388      41       41       128      364      124      278      207      47       131      361      
6        372      175      232      240      353      309      0        213      251      306      252      329      166      258      266      281      219      259      236      106      238      303      253      126      29       321      157      165      21       78       213      301      346      209      151      269      203      313      309      200      134      
7        194      279      174      26       192      127      213      0        112      143      123      148      85       57       175      166      161      93       89       238      136      123      81       216      229      107      288      153      234      263      260      101      152      5        314      58       153      134      155      15       237      
8        121      367      285      112      102      221      251      112      0        55       13       240      87       154      287      277      271      200      23       224      248      218      189      301      254      139      258      110      268      271      195      184      232      115      384      99       81       69       259      120      210      
9        66       414      317      134      50       229      306      143      55       0        58       244      141      171      313      299      305      219      70       278      275      227      209      349      309      127      308      163      323      326      236      188      229      148      436      107      130      26       272      156      261      
10       124      372      295      125      101      234      252      123      13       58       0        253      90       167      298      289      282      212      34       219      259      231      201      307      253      152      251      104      268      267      185      197      245      126      387      112      73       76       272      131      203      
11       263      318      156      133      278      21       329      148      240      244      253      0        233      91       123      96       154      69       222      378      113      26       77       274      351      124      432      302      349      394      409      56       31       149      379      142      299      222      46       153      382      
12       206      284      228      105      189      212      166      85       87       141      90       233      0        143      240      238      213      174      70       159      200      208      163      218      171      174      205      68       184      196      176      185      237      84       297      120      77       147      237      81       155      
13       206      291      156      42       213      70       258      57       154      171      167      91       143      0        144      128      147      48       134      293      110      66       39       234      276      82       344      211      279      315      318      44       95       59       338      64       208      153      104      64       294      
14       350      204      40       178      357      118      266      175      287      313      298      123      240      144      0        27       48       97       264      345      40       115      105      174      293      219      402      304      284      341      408      149      155      172      274      208      317      297      78       168      358      
15       333      231      65       166      341      92       281      166      277      299      289      96       238      128      27       0        70       80       255      354      43       90       90       197      308      198      410      305      300      355      410      127      128      164      299      192      314      281      51       162      365      
16       350      164      14       172      352      143      219      161      271      305      282      154      213      147      48       70       0        107      248      302      42       139      111      127      247      228      359      273      237      296      373      165      184      158      229      205      290      292      115      151      318      
17       253      263      114      87       261      49       259      93       200      219      212      69       174      48       97       80       107      0        178      311      67       44       11       212      282      123      365      242      280      325      350      58       89       92       318      112      246      201      63       93       317      
18       135      345      262      91       120      202      236      89       23       70       34       222      70       134      264      255      248      178      0        219      225      199      167      280      241      129      257      108      254      262      202      166      216      92       365      82       86       77       239      97       207      
19       343      281      317      261      317      357      106      238      224      278      219      378      159      293      345      354      302      311      219      0        311      352      302      230      82       334      56       114      105      59       113      338      388      235      251      280      150      293      370      228      30       
20       316      204      47       141      321      101      238      136      248      275      259      113      200      110      40       43       42       67       225      311      0        97       72       163      265      189      367      265      258      312      370      124      142      133      267      172      277      261      77       128      323      
21       250      301      143      109      264      5        303      123      218      227      231      26       208      66       115      90       139      44       199      352      97       0        51       254      326      112      405      276      324      368      383      40       46       123      359      122      275      205      47       127      356      
22       245      263      119      76       252      56       253      81       189      209      201      77       163      39       105      90       111      11       167      302      72       51       0        211      274      117      356      232      273      316      339      57       94       81       316      102      234      192      74       82       307      
23       408      65       134      238      399      258      126      216      301      349      307      274      218      234      174      197      127      212      280      230      163      254      211      0        155      314      283      252      136      202      328      268      300      211      105      274      284      346      240      201      255      
24       375      201      260      255      355      331      29       229      254      309      253      351      171      276      293      308      247      282      241      82       265      326      274      155      0        335      130      158      23       48       193      321      367      225      169      281      197      318      333      216      111      
25       139      373      237      81       155      112      321      107      139      127      152      124      174      82       219      198      228      123      129      334      189      112      117      314      335      0        379      232      341      367      331      72       104      112      416      54       215      101      160      122      328      
26       371      331      373      310      342      410      157      288      258      308      251      432      205      344      402      410      359      365      257      56       367      405      356      283      130      379      0        149      151      90       98       389      440      285      292      325      178      327      425      280      50       
27       228      316      288      171      203      280      165      153      110      163      104      302      68       211      304      305      273      242      108      114      265      276      232      252      158      232      149      0        177      165      107      252      304      152      312      180      39       179      305      150      100      
28       389      179      249      260      370      329      21       234      268      323      268      349      184      279      284      300      237      280      254      105      258      324      273      136      23       341      151      177      0        65       216      322      367      230      146      289      216      331      329      220      134      
29       392      243      308      289      368      373      78       263      271      326      267      394      196      315      341      355      296      325      262      59       312      368      316      202      48       367      90       165      65       0        170      360      408      260      202      313      203      338      378      252      88       
30       293      386      388      277      262      388      213      260      195      236      185      409      176      318      408      410      373      350      202      113      370      383      339      328      193      331      98       107      216      170      0        359      410      260      362      282      115      259      413      257      82       
31       210      321      171      81       224      41       301      101      184      188      197      56       185      44       149      127      165      58       166      338      124      40       57       268      321      72       389      252      322      360      359      0        51       103      373      85       246      166      87       109      338      
32       241      346      186      132      259      41       346      152      232      229      245      31       237      95       155      128      184      89       216      388      142      46       94       300      367      104      440      304      367      408      410      51       0        154      405      133      297      205      77       160      390      
33       199      274      170      30       196      128      209      5        115      148      126      149      84       59       172      164      158      92       92       235      133      123      81       211      225      112      285      152      230      260      260      103      154      0        309      63       153      138      155      10       235      
34       498      77       234      337      485      364      151      314      384      436      387      379      297      338      274      299      229      318      365      251      267      359      316      105      169      416      292      312      146      202      362      373      405      309      0        372      349      437      343      298      280      
35       144      336      216      36       149      124      269      58       99       107      112      142      120      64       208      192      205      112      82       280      172      122      102      274      281      54       325      180      289      313      282      85       133      63       372      0        167      89       166      73       275      
36       193      348      305      166      166      278      203      153      81       130      73       299      77       208      317      314      290      246      86       150      277      275      234      284      197      215      178      39       216      203      115      246      297      153      349      167      0        149      309      153      132      
37       61       410      304      120      60       207      313      134      69       26       76       222      147      153      297      281      292      201      77       293      261      205      192      346      318      101      327      179      331      338      259      166      205      138      437      89       149      0        252      147      279      
38       298      279      114      147      311      47       309      155      259      272      272      46       237      104      78       51       115      63       239      370      77       47       74       240      333      160      425      305      329      378      413      87       77       155      343      166      309      252      0        156      377      
39       208      264      164      40       204      131      200      15       120      156      131      153      81       64       168      162      151      93       97       228      128      127      82       201      216      122      280      150      220      252      257      109      160      10       298      73       153      147      156      0        230      
40       325      308      332      260      298      361      134      237      210      261      203      382      155      294      358      365      318      317      207      30       323      356      307      255      111      328      50       100      134      88       82       338      390      235      280      275      132      279      377      230      0        
;



Table delta(i,j)                 Distance
         0        1        2        3        4        5        6        7        8        9        10       11       12       13       14       15       16       17       18       19       20       21       22       23       24       25       26       27       28       29       30       31       32       33       34       35       36       37       38       39       40       
0        0        15990    22530    11400    12090    15840    7170     26010    8790     13440    17070    5100     25170    20190    19530    9480     21060    23760    8580     12630    4350     18870    16440    15480    23490    14190    21000    14040    17910    27840    9780     8190     16560    17310    4020     15180    8790     6690     14520    11340    18420    
1        15990    0        651      193      479      382      366      618      292      91       305      451      491      772      131      676      702      418      545      620      677      238      670      549      575      122      203      110      635      561      534      579      723      166      604      62       499      317      192      162      709      
2        22530    651      0        539      348      282      537      216      532      608      346      582      349      267      624      571      131      384      488      394      821      445      290      241      146      540      582      723      193      403      443      523      348      817      689      591      464      619      813      597      251      
3        11400    193      539      0        298      257      177      569      102      105      233      266      492      608      282      484      560      433      351      432      517      255      496      385      504      95       322      205      477      578      342      386      543      323      426      143      305      157      286      59       542      
4        12090    479      348      298      0        188      209      488      236      400      283      235      510      320      527      275      308      489      154      147      477      399      200      116      399      359      530      502      207      596      111      195      245      621      346      419      118      304      578      353      253      
5        15840    382      282      257      188      0        292      339      265      329      105      362      326      400      387      463      319      300      335      325      631      228      319      189      260      264      370      444      260      414      296      378      382      545      507      320      290      355      533      316      341      
6        7170     366      537      177      209      292      0        632      75       275      331      91       600      525      459      313      515      555      190      301      358      401      399      323      551      271      493      347      416      689      196      217      430      470      253      320      153      97       405      207      459      
7        26010    618      216      569      488      339      632      0        601      605      337      699      174      484      549      747      348      238      641      576      961      380      493      409      90       534      486      712      394      197      597      682      556      780      833      568      605      691      803      620      464      
8        8790     292      532      102      236      265      75       601      0        201      281      164      551      556      384      385      529      500      256      353      423      337      435      341      525      196      420      281      435      639      254      288      474      404      325      245      214      89       348      135      489      
9        13440    91       608      105      400      329      275      605      201      0        273      360      499      704      203      586      644      431      455      537      591      244      596      479      551      71       260      115      569      578      447      489      645      222      514      60       410      228      205      72       639      
10       17070    305      346      233      283      105      331      337      281      273      0        414      270      502      288      552      409      225      418      426      687      123      424      295      278      202      265      385      362      358      384      461      488      472      570      247      370      368      477      283      444      
11       5100     451      582      266      235      362      91       699      164      360      414      0        681      526      549      244      540      639      148      281      272      491      398      350      614      361      584      419      436      770      175      159      415      541      162      408      135      147      466      289      463      
12       25170    491      349      492      510      326      600      174      551      499      270      681      0        602      400      784      472      75       661      630      953      256      578      466      204      432      330      595      486      89       621      704      645      644      832      451      617      637      683      532      567      
13       20190    772      267      608      320      400      525      484      556      704      502      526      602      0        788      405      135      622      387      252      696      623      127      224      407      650      766      813      140      665      351      403      132      927      572      710      390      622      894      667      66       
14       19530    131      624      282      527      387      459      549      384      203      288      549      400      788      0        757      698      325      620      674      793      179      700      572      524      188      78       238      647      459      602      659      760      248      708      144      572      428      309      273      728      
15       9480     676      571      484      275      463      313      747      385      586      552      244      784      405      757      0        478      764      137      177      297      658      298      338      656      571      777      659      382      870      167      98       273      781      187      626      186      390      710      520      361      
16       21060    702      131      560      308      319      515      348      529      644      409      540      472      135      698      478      0        498      422      304      751      524      182      192      274      583      667      758      104      532      378      449      229      864      621      639      409      607      844      619      128      
17       23760    418      384      433      489      300      555      238      500      431      225      639      75       622      325      764      498      0        635      619      912      187      582      462      247      366      255      523      496      146      597      678      649      569      795      381      588      583      611      469      580      
18       8580     545      488      351      154      335      190      641      256      455      418      148      661      387      620      137      422      635      0        136      332      521      261      247      552      436      639      536      317      748      45       43       269      659      200      492      49       280      595      392      328      
19       12630    620      394      432      147      325      301      576      353      537      426      281      630      252      674      177      304      619      136      0        449      544      130      167      486      501      677      632      205      712      107      151      133      753      322      561      150      398      701      483      197      
20       4350     677      821      517      477      631      358      961      423      591      687      272      953      696      793      297      751      912      332      449      0        759      579      579      873      612      839      614      648      1042     377      301      566      721      131      648      358      364      627      520      646      
21       18870    238      445      255      399      228      401      380      337      244      123      491      256      623      179      658      524      187      521      544      759      0        547      418      347      180      144      339      483      333      493      564      611      399      653      195      472      411      429      284      567      
22       16440    670      290      496      200      319      399      493      435      596      424      398      578      127      700      298      182      582      261      130      579      547      0        129      406      548      689      701      98       652      224      280      67       818      452      608      263      497      778      553      67       
23       15480    549      241      385      116      189      323      409      341      479      295      350      466      224      572      338      192      462      247      167      579      418      129      0        318      426      560      589      94       546      201      282      193      702      447      486      224      415      671      443      160      
24       23490    575      146      504      399      260      551      90       525      551      278      614      204      407      524      656      274      247      552      486      873      347      406      318      0        480      470      662      308      258      507      592      470      741      744      521      517      615      754      558      381      
25       14190    122      540      95       359      264      271      534      196      71       202      361      432      650      188      571      583      366      436      501      612      180      548      426      480      0        226      183      513      512      421      473      601      280      522      60       388      250      275      106      586      
26       21000    203      582      322      530      370      493      486      420      260      265      584      330      766      78       777      667      255      639      677      839      144      689      560      470      226      0        312      627      383      616      680      752      326      746      199      590      476      386      325      710      
27       14040    110      723      205      502      444      347      712      281      115      385      419      595      813      238      659      758      523      536      632      614      339      701      589      662      183      312      0        680      668      535      565      747      123      558      145      495      273      91       149      747      
28       17910    635      193      477      207      260      416      394      435      569      362      436      486      140      647      382      104      496      317      205      648      483      98       94       308      513      627      680      0        557      274      346      162      791      517      572      304      509      763      536      84       
29       27840    561      403      578      596      414      689      197      639      578      358      770      89       665      459      870      532      146      748      712      1042     333      652      546      258      512      383      668      557      0        707      791      718      707      921      527      705      724      754      615      635      
30       9780     534      443      342      111      296      196      597      254      447      384      175      621      351      602      167      378      597      45       107      377      493      224      201      507      421      616      535      274      707      0        84       240      658      246      479      43       292      600      388      290      
31       8190     579      523      386      195      378      217      682      288      489      461      159      704      403      659      98       449      678      43       151      301      564      280      282      592      473      680      565      346      791      84       0        278      688      172      527      91       301      619      423      347      
32       16560    723      348      543      245      382      430      556      474      645      488      415      645      132      760      273      229      649      269      133      566      611      67       193      470      601      752      747      162      718      240      278      0        866      444      662      283      528      821      598      100      
33       17310    166      817      323      621      545      470      780      404      222      472      541      644      927      248      781      864      569      659      753      721      399      818      702      741      280      326      123      791      707      658      688      866      0        675      226      618      394      101      270      861      
34       4020     604      689      426      346      507      253      833      325      514      570      162      832      572      708      187      621      795      200      322      131      653      452      447      744      522      746      558      517      921      246      172      444      675      0        565      228      288      589      442      519      
35       15180    62       591      143      419      320      320      568      245      60       247      408      451      710      144      626      639      381      492      561      648      195      608      486      521      60       199      145      572      527      479      527      662      226      565      0        444      284      235      128      646      
36       8790     499      464      305      118      290      153      605      214      410      370      135      617      390      572      186      409      588      49       150      358      472      263      224      517      388      590      495      304      705      43       91       283      618      228      444      0        249      558      349      328      
37       6690     317      619      157      304      355      97       691      89       228      368      147      637      622      428      390      607      583      280      398      364      411      497      415      615      250      476      273      509      724      292      301      528      394      288      284      249      0        319      156      556      
38       14520    192      813      286      578      533      405      803      348      205      477      466      683      894      309      710      844      611      595      701      627      429      778      671      754      275      386      91       763      754      600      619      821      101      589      235      558      319      0        227      828      
39       11340    162      597      59       353      316      207      620      135      72       283      289      532      667      273      520      619      469      392      483      520      284      553      443      558      106      325      149      536      615      388      423      598      270      442      128      349      156      227      0        601      
40       18420    709      251      542      253      341      459      464      489      639      444      463      567      66       728      361      128      580      328      197      646      567      67       160      381      586      710      747      84       635      290      347      100      861      519      646      328      556      828      601      0        
;

