
sets
i        orders          /0*40/
k        routes          /1*40/
p        positions       /0*40/
;

alias(i,j)
alias(i,h)
alias(i,hh)
alias(i,jj)
alias(k,kk)
                
                    Parameters

rho(i)	Processing time
/
0	0
1	63
2	24
3	50
4	9
5	44
6	28
7	39
8	56
9	96
10	13
11	62
12	47
13	87
14	72
15	49
16	51
17	55
18	64
19	49
20	39
21	17
22	16
23	10
24	5
25	75
26	13
27	11
28	20
29	55
30	50
31	57
32	54
33	48
34	37
35	57
36	90
37	35
38	58
39	24
40	20
/

gamma(i)	Duedate
/
0	0
1	55
2	91
3	72
4	94
5	37
6	22
7	49
8	51
9	76
10	21
11	41
12	83
13	70
14	28
15	91
16	95
17	45
18	24
19	6
20	67
21	33
22	17
23	52
24	40
25	6
26	84
27	7
28	8
29	87
30	47
31	39
32	94
33	8
34	49
35	20
36	4
37	5
38	56
39	46
40	42
/

sigma(i)	Size
/
0	0
1	9
2	2
3	6
4	3
5	7
6	9
7	2
8	6
9	6
10	8
11	4
12	7
13	1
14	9
15	9
16	4
17	2
18	7
19	4
20	9
21	5
22	2
23	4
24	5
25	4
26	6
27	6
28	7
29	7
30	4
31	2
32	2
33	2
34	4
35	7
36	7
37	7
38	2
39	1
40	7
/

epsilon(i)	Priority
/
0	0
1	6
2	7
3	1
4	2
5	8
6	8
7	9
8	4
9	3
10	3
11	6
12	8
13	6
14	7
15	2
16	3
17	4
18	9
19	8
20	7
21	8
22	8
23	9
24	4
25	2
26	6
27	2
28	1
29	9
30	9
31	2
32	5
33	7
34	1
35	9
36	9
37	1
38	2
39	8
40	5
/

psi	Vehicle Capacity
/ 35 /
;

Table kappa(i,j)                 Setup
         0        1        2        3        4        5        6        7        8        9        10       11       12       13       14       15       16       17       18       19       20       21       22       23       24       25       26       27       28       29       30       31       32       33       34       35       36       37       38       39       40       
0        0        1046     1155     481      211      563      952      1023     790      403      1315     660      1157     1075     158      385      963      276      1294     937      1026     472      737      241      774      987      227      506      924      264      346      669      1155     617      705      658      100      500      566      808      1057     
1        1046     0        1127     571      852      955      874      38       518      1187     503      576      424      903      924      1082     235      1054     511      151      1032     713      592      1008     293      243      921      689      1163     821      987      903      291      617      373      405      1055     576      968      424      66       
2        1155     1127     0        961      1005     593      270      1089     650      879      868      1342     788      228      1013     815      892      906      832      1176     132      1295     610      920      945      885      932      741      299      1179     815      487      926      1342     902      1112     1070     1142     592      1331     1073     
3        481      571      961      0        280      513      700      545      389      647      857      395      702      799      353      551      487      499      840      479      832      338      376      448      293      512      356      236      845      301      453      532      681      386      226      229      483      181      525      449      577      
4        211      852      1005     280      0        438      779      826      582      421      1104     549      946      898      73       350      755      262      1083     754      873      392      533      206      571      778      117      305      810      198      266      519      946      517      498      484      203      349      446      668      857      
5        563      955      593      513      438      0        423      919      473      332      991      902      842      548      430      240      763      315      959      923      468      794      390      327      674      775      346      288      371      632      222      124      911      885      598      731      477      682      13       960      930      
6        952      874      270      700      779      423      0        836      381      750      696      1074     583      125      800      663      639      733      660      912      158      1037     340      734      676      637      724      492      333      938      634      299      704      1076     632      842      878      878      427      1061     824      
7        1023     38       1089     545      826      919      836      0        479      1155     484      575      396      865      898      1049     197      1023     489      159      994      703      554      978      261      206      892      655      1124     803      955      865      269      615      341      391      1029     561      932      431      47       
8        790      518      650      389      582      473      381      479      0        766      543      717      385      448      634      658      299      672      516      534      537      718      82       644      295      307      586      291      645      679      581      395      438      727      256      474      751      547      485      684      478      
9        403      1187     879      647      421      332      750      1155     766      0        1304     970      1149     873      362      108      1030     158      1274     1120     767      809      688      214      894      1047     307      503      601      602      200      455      1199     938      814      875      304      763      325      1079     1176     
10       1315     503      868      857      1104     991      696      484      543      1304     0        1032     159      651      1164     1197     387      1215     36       641      825      1121     617      1187     593      360      1125     831      1029     1157     1123     887      216      1064     637      806      1287     953      1001     909      439      
11       660      576      1342     395      549      902      1074     575      717      970      1032     0        905      1161     614      892      652      812      1028     425      1216     194      735      756      465      678      663      632      1241     396      799      927      819      49       466      247      718      220      914      178      622      
12       1157     424      788      702      946      842      583      396      385      1149     159      905      0        562      1005     1042     253      1058     137      543      725      978      461      1028     450      227      965      672      913      1003     966      743      148      933      486      669      1128     808      853      796      358      
13       1075     903      228      799      898      548      125      865      448      873      651      1161     562      0        922      787      667      858      615      959      178      1138     427      859      738      660      847      605      403      1051     760      424      698      1167     705      922      1003     975      551      1132     847      
14       158      924      1013     353      73       430      800      898      634      362      1164     614      1005     922      0        303      821      205      1141     828      883      447      579      151      642      844      84       348      800      241      232      525      1011     579      567      557      131      419      436      738      928      
15       385      1082     815      551      350      240      663      1049     658      108      1197     892      1042     787      303      0        921      109      1168     1019     697      742      580      154      789      939      233      396      555      543      98       364      1090     863      709      780      286      679      236      991      1069     
16       963      235      892      487      755      763      639      197      299      1030     387      652      253      667      821      921      0        913      379      310      797      733      379      875      207      26       798      527      936      780      834      694      193      681      261      419      950      567      775      547      185      
17       276      1054     906      499      262      315      733      1023     672      158      1215     812      1058     858      205      109      913      0        1188     977      782      652      600      55       761      933      149      389      656      446      99       435      1091     779      682      723      178      606      315      923      1047     
18       1294     511      832      840      1083     959      660      489      516      1274     36       1028     137      615      1141     1168     379      1188     0        645      789      1110     588      1161     582      352      1100     806      993      1140     1095     854      220      1059     622      798      1263     942      970      909      446      
19       937      151      1176     479      754      923      912      159      534      1120     641      425      543      959      828      1019     310      977      645      0        1069     571      597      927      253      328      836      641      1173     698      921      889      425      468      325      280      957      448      936      273      206      
20       1026     1032     132      832      873      468      158      994      537      767      825      1216     725      178      883      697      797      782      789      1069     0        1164     490      795      831      794      802      610      232      1047     690      358      854      1214     784      989      944      1013     467      1212     981      
21       472      713      1295     338      392      794      1037     703      718      809      1121     194      978      1138     447      742      733      652      1110     571      1164     0        714      596      528      760      509      556      1154     213      656      842      918      148      498      318      538      174      804      364      748      
22       737      592      610      376      533      390      340      554      82       688      617      735      461      427      579      580      379      600      588      597      490      714      0        576      348      389      525      231      576      651      507      314      520      740      294      501      691      548      402      721      556      
23       241      1008     920      448      206      327      734      978      644      214      1187     756      1028     859      151      154      875      55       1161     927      795      596      576      0        717      895      95       356      682      392      105      440      1056     723      638      671      150      551      329      868      1003     
24       774      293      945      293      571      674      676      261      295      894      593      465      450      738      642      789      207      761      582      253      831      528      348      717      0        233      631      399      922      576      694      636      398      488      80       221      773      360      687      397      287      
25       987      243      885      512      778      775      637      206      307      1047     360      678      227      660      844      939      26       933      352      328      794      760      389      895      233      0        819      545      938      806      852      703      168      707      286      445      973      593      787      571      187      
26       227      921      932      356      117      346      724      892      586      307      1125     663      965      847      84       233      798      149      1100     836      802      509      525      95       631      819      0        295      716      312      152      444      983      632      554      576      165      456      352      773      919      
27       506      689      741      236      305      288      492      655      291      503      831      632      672      605      348      396      527      389      806      641      610      556      231      356      399      545      295      0        609      446      306      295      702      621      319      444      461      415      301      674      673      
28       924      1163     299      845      810      371      333      1124     645      601      1029     1241     913      403      800      555      936      656      993      1173     232      1154     576      682      922      938      716      609      0        1002     578      314      1027     1230     860      1039     831      1024     364      1270     1120     
29       264      821      1179     301      198      632      938      803      679      602      1157     396      1003     1051     241      543      780      446      1140     698      1047     213      651      392      576      806      312      446      1002     0        463      702      973      355      520      418      325      249      640      546      842      
30       346      987      815      453      266      222      634      955      581      200      1123     799      966      760      232      98       834      99       1095     921      690      656      507      105      694      852      152      306      578      463      0        338      1007     771      614      682      255      584      223      894      976      
31       669      903      487      532      519      124      299      865      395      455      887      927      743      424      525      364      694      435      854      889      358      842      314      440      636      703      444      295      314      702      338      0        825      916      567      731      588      710      130      962      870      
32       1155     291      926      681      946      911      704      269      438      1199     216      819      148      698      1011     1090     193      1091     220      425      854      918      520      1056     398      168      983      702      1027     973      1007     825      0        853      455      600      1139     756      922      692      225      
33       617      617      1342     386      517      885      1076     615      727      938      1064     49       933      1167     579      863      681      779      1059     468      1214     148      740      723      488      707      632      621      1230     355      771      916      853      0        481      267      679      205      896      227      661      
34       705      373      902      226      498      598      632      341      256      814      637      466      486      705      567      709      261      682      622      325      784      498      294      638      80       286      554      319      860      520      614      567      455      481      0        220      698      325      611      429      365      
35       658      405      1112     229      484      731      842      391      474      875      806      247      669      922      557      780      419      723      798      280      989      318      501      671      221      445      576      444      1039     418      682      731      600      267      220      0        684      171      744      230      433      
36       100      1055     1070     483      203      477      878      1029     751      304      1287     718      1128     1003     131      286      950      178      1263     957      944      538      691      150      773      973      165      461      831      325      255      588      1139     679      698      684      0        537      479      854      1060     
37       500      576      1142     181      349      682      878      561      547      763      953      220      808      975      419      679      567      606      942      448      1013     174      548      551      360      593      456      415      1024     249      584      710      756      205      325      171      537      0        693      319      602      
38       566      968      592      525      446      13       427      932      485      325      1001     914      853      551      436      236      775      315      970      936      467      804      402      329      687      787      352      301      364      640      223      130      922      896      611      744      479      693      0        972      942      
39       808      424      1331     449      668      960      1061     431      684      1079     909      178      796      1132     738      991      547      923      909      273      1212     364      721      868      397      571      773      674      1270     546      894      962      692      227      429      230      854      319      972      0        478      
40       1057     66       1073     577      857      930      824      47       478      1176     439      622      358      847      928      1069     185      1047     446      206      981      748      556      1003     287      187      919      673      1120     842      976      870      225      661      365      433      1060     602      942      478      0        
;



Table delta(i,j)                 Distance
         0        1        2        3        4        5        6        7        8        9        10       11       12       13       14       15       16       17       18       19       20       21       22       23       24       25       26       27       28       29       30       31       32       33       34       35       36       37       38       39       40       
0        0        270      962      495      586      624      122      314      685      823      79       686      429      335      488      544      632      532      287      72       778      222      724      81       772      697      253      672      830      469      587      592      62       437      723      748      520      152      682      595      499      
1        270      0        867      300      683      424      373      242      799      783      346      549      555      86       253      378      558      529      399      219      725      78       478      350      719      670      431      562      699      298      632      508      316      180      724      756      370      366      484      560      573      
2        962      867      0        588      611      510      947      660      660      211      980      327      697      794      676      500      330      459      726      980      212      826      647      1015     215      311      821      305      194      573      496      371      944      764      351      360      498      886      470      380      583      
3        495      300      588      0        605      129      548      213      721      548      550      261      539      217      96       87       323      378      429      477      485      290      262      572      479      462      514      292      407      47       506      272      512      177      535      570      102      508      189      364      494      
4        586      683      611      605      0        660      502      458      118      403      556      543      160      667      684      561      390      242      304      643      403      607      846      594      401      307      343      480      603      558      127      405      536      720      261      260      524      445      681      304      114      
5        624      424      510      129      660      0        672      331      770      517      677      194      622      339      182      104      313      420      532      607      453      419      188      700      447      457      624      249      318      158      547      273      639      274      538      572      142      629      60       379      557      
6        122      373      947      548      502      672      0        343      591      788      57       700      342      424      560      580      620      496      228      195      750      310      795      92       745      661      158      675      836      514      525      588      60       524      674      694      550      62       726      569      430      
7        314      242      660      213      458      331      343      0        576      550      354      371      355      210      255      237      334      287      222      321      495      179      473      382      489      432      301      361      517      174      392      288      315      267      482      514      208      298      383      322      344      
8        685      799      660      721      118      770      591      576      0        449      647      641      257      785      802      674      485      350      411      746      464      722      958      684      463      379      435      575      683      675      224      507      631      839      314      299      638      538      787      402      232      
9        823      783      211      548      403      517      788      550      449      0        828      326      504      724      644      465      228      292      560      854      64       728      690      865      70       127      648      267      279      519      295      280      795      721      141      149      447      726      499      230      389      
10       79       346      980      550      556      677      57       354      647      828      0        721      396      406      552      591      651      535      273      148      788      292      789      38       782      701      212      700      861      520      573      616      39       508      718      740      563      111      733      605      480      
11       686      549      327      261      543      194      700      371      641      326      721      0        551      472      349      174      155      307      510      689      263      518      364      751      258      286      610      67       150      251      419      142      682      437      368      401      179      646      173      240      459      
12       429      555      697      539      160      622      342      355      257      504      396      551      0        553      604      517      415      253      157      489      485      476      797      434      482      386      183      498      646      492      210      409      377      622      370      381      479      285      655      334      115      
13       335      86       794      217      667      339      424      210      785      724      406      472      553      0        167      298      496      489      404      295      664      114      395      416      657      617      455      490      621      221      601      444      373      102      677      711      295      406      399      508      553      
14       488      253      676      96       684      182      560      255      802      644      552      349      604      167      0        181      419      466      478      456      581      267      236      568      575      558      552      385      490      133      592      368      515      91       630      665      198      529      240      458      572      
15       544      378      500      87       561      104      580      237      674      465      591      174      517      298      181      0        242      324      430      536      401      355      285      616      395      385      523      204      323      80       452      195      552      265      462      497      38       534      147      295      456      
16       632      558      330      323      390      313      620      334      485      228      651      155      415      496      419      242      0        162      406      651      167      508      499      685      161      144      505      90       231      291      264      51       615      493      224      259      221      561      314      86       314      
17       532      529      459      378      242      420      496      287      350      292      535      307      253      489      466      324      162      0        270      567      254      463      607      572      249      165      362      249      393      334      128      165      503      518      197      227      289      434      439      82       152      
18       287      399      726      429      304      532      228      222      411      560      273      510      157      404      478      430      406      270      0        340      524      320      691      311      519      433      99       473      633      385      301      382      244      482      446      467      393      166      576      346      211      
19       72       219      980      477      643      607      195      321      746      854      148      689      489      295      456      536      651      567      340      0        805      190      690      139      799      729      319      682      837      458      634      608      135      396      762      789      516      221      666      623      550      
20       778      725      212      485      403      453      750      495      464      64       788      263      485      664      581      401      167      254      524      805      0        672      628      824      6        99       616      203      232      456      284      219      754      658      150      171      384      688      437      183      371      
21       222      78       826      290      607      419      310      179      722      728      292      518      476      114      267      355      508      463      320      190      672      0        503      303      666      611      355      522      669      275      560      459      258      216      660      691      340      296      479      500      497      
22       724      478      647      262      846      188      795      473      958      690      789      364      797      395      236      285      499      607      691      690      628      503      0        804      623      642      775      428      454      307      735      461      752      298      723      758      322      761      191      568      741      
23       81       350      1015     572      594      700      92       382      684      865      38       751      434      416      568      616      685      572      311      139      824      303      804      0        818      738      250      732      892      544      612      649      70       519      756      778      590      149      757      641      518      
24       772      719      215      479      401      447      745      489      463      70       782      258      482      657      575      395      161      249      519      799      6        666      623      818      0        95       611      198      230      450      282      213      748      652      150      172      378      683      432      177      367      
25       697      670      311      462      307      457      661      432      379      127      701      286      386      617      558      385      144      165      433      729      99       611      642      738      95       0        522      218      303      426      186      191      668      627      82       115      361      599      454      110      272      
26       253      431      821      514      343      624      158      301      435      648      212      610      183      455      552      523      505      362      99       319      616      355      775      250      611      522      0        572      732      471      372      481      196      543      526      544      487      103      670      441      275      
27       672      562      305      292      480      249      675      361      575      267      700      67       498      490      385      204      90       249      473      682      203      522      428      732      198      218      572      0        161      271      354      91       663      468      301      333      196      618      237      176      401      
28       830      699      194      407      603      318      836      517      683      279      861      150      646      621      490      323      231      393      633      837      232      669      454      892      230      303      732      161      0        401      477      250      823      580      376      401      329      779      276      312      541      
29       469      298      573      47       558      158      514      174      675      519      520      251      492      221      133      80       291      334      385      458      456      275      307      544      450      426      471      271      401      0        461      239      481      202      497      532      75       471      213      324      447      
30       587      632      496      506      127      547      525      392      224      295      573      419      210      601      592      452      264      128      301      634      284      560      735      612      282      186      372      354      477      461      0        283      546      640      159      172      417      464      563      178      98       
31       592      508      371      272      405      273      588      288      507      280      616      142      409      444      368      195      51       165      382      608      219      459      461      649      213      191      481      91       250      239      283      0        578      441      267      302      170      530      281      107      317      
32       62       316      944      512      536      639      60       315      631      795      39       682      377      373      515      552      615      503      244      135      754      258      752      70       748      668      196      663      823      481      546      578      0        474      688      711      524      93       694      571      454      
33       437      180      764      177      720      274      524      267      839      721      508      437      622      102      91       265      493      518      482      396      658      216      298      519      652      627      543      468      580      202      640      441      474      0        694      729      274      503      331      522      606      
34       723      724      351      535      261      538      674      482      314      141      718      368      370      677      630      462      224      197      446      762      150      660      723      756      150      82       526      301      376      497      159      267      688      694      0        35       435      612      536      172      256      
35       748      756      360      570      260      572      694      514      299      149      740      401      381      711      665      497      259      227      467      789      171      691      758      778      172      115      544      333      401      532      172      302      711      729      35       0        470      632      570      207      270      
36       520      370      498      102      524      142      550      208      638      447      563      179      479      295      198      38       221      289      393      516      384      340      322      590      378      361      487      196      329      75       417      170      524      274      435      470      0        502      183      265      418      
37       152      366      886      508      445      629      62       298      538      726      111      646      285      406      529      534      561      434      166      221      688      296      761      149      683      599      103      618      779      471      464      530      93       503      612      632      502      0        681      508      369      
38       682      484      470      189      681      60       726      383      787      499      733      173      655      399      240      147      314      439      576      666      437      479      191      757      432      454      670      237      276      213      563      281      694      331      536      570      183      681      0        389      583      
39       595      560      380      364      304      379      569      322      402      230      605      240      334      508      458      295      86       82       346      623      183      500      568      641      177      110      441      176      312      324      178      107      571      522      172      207      265      508      389      0        229      
40       499      573      583      494      114      557      430      344      232      389      480      459      115      553      572      456      314      152      211      550      371      497      741      518      367      272      275      401      541      447      98       317      454      606      256      270      418      369      583      229      0        
;

