
sets
i        orders          /0*40/
k        routes          /1*40/
p        positions       /0*40/
;

alias(i,j)
alias(i,h)
alias(i,hh)
alias(i,jj)
alias(k,kk)
                
                    Parameters

rho(i)	Processing time
/
0	0
1	17
2	16
3	98
4	70
5	28
6	67
7	62
8	6
9	73
10	51
11	8
12	68
13	1
14	14
15	5
16	58
17	56
18	44
19	94
20	32
21	55
22	87
23	81
24	94
25	89
26	81
27	6
28	58
29	77
30	73
31	6
32	29
33	32
34	22
35	47
36	56
37	7
38	42
39	5
40	40
/

gamma(i)	Duedate
/
0	0
1	3
2	69
3	38
4	62
5	15
6	53
7	8
8	89
9	87
10	88
11	88
12	49
13	51
14	67
15	95
16	57
17	13
18	67
19	47
20	37
21	44
22	5
23	51
24	40
25	13
26	23
27	64
28	15
29	39
30	61
31	86
32	12
33	24
34	39
35	90
36	69
37	43
38	20
39	74
40	46
/

sigma(i)	Size
/
0	0
1	4
2	2
3	1
4	7
5	7
6	2
7	5
8	1
9	5
10	1
11	2
12	7
13	2
14	9
15	3
16	9
17	2
18	5
19	8
20	2
21	8
22	5
23	7
24	5
25	9
26	4
27	7
28	7
29	7
30	5
31	8
32	7
33	6
34	2
35	8
36	7
37	5
38	1
39	7
40	9
/

epsilon(i)	Priority
/
0	0
1	2
2	8
3	2
4	3
5	3
6	2
7	2
8	3
9	4
10	1
11	4
12	4
13	1
14	8
15	8
16	2
17	9
18	2
19	8
20	3
21	9
22	5
23	3
24	9
25	3
26	3
27	6
28	8
29	9
30	9
31	6
32	6
33	9
34	1
35	8
36	8
37	3
38	7
39	3
40	5
/

psi	Vehicle Capacity
/ 17 /
;

Table kappa(i,j)                 Setup
         0        1        2        3        4        5        6        7        8        9        10       11       12       13       14       15       16       17       18       19       20       21       22       23       24       25       26       27       28       29       30       31       32       33       34       35       36       37       38       39       40       
0        0        501      630      209      205      858      935      265      559      566      222      491      540      324      624      787      213      360      838      569      407      744      567      20       340      585      580      870      53       196      751      710      518      791      694      422      293      499      841      572      438      
1        501      0        617      343      469      391      664      555      354      519      628      655      226      663      218      375      384      718      592      478      308      377      776      482      697      958      521      398      472      650      307      315      550      632      458      850      277      748      467      601      582      
2        630      617      0        466      425      674      422      396      936      1051     515      219      828      433      495      985      734      989      337      1027     325      457      295      629      460      595      97       691      658      584      577      932      112      218      280      1038     434      334      501      1101     1010     
3        209      343      466      0        130      662      729      223      530      605      284      391      462      328      423      688      267      544      634      590      199      535      497      199      359      625      398      676      214      311      552      616      359      598      488      628      85       450      631      644      544      
4        205      469      425      130      0        759      756      94       652      709      167      295      591      198      518      819      353      565      658      700      255      606      387      207      229      495      381      774      240      211      647      746      313      596      521      616      194      331      697      736      619      
5        858      391      674      662      759      0        457      821      682      867      926      819      552      922      241      515      773      1108     441      820      512      218      934      842      958      1190     589      17       840      968      113      515      670      554      399      1236     577      938      217      960      965      
6        935      664      422      729      756      457      0        767      1017     1181     891      638      886      832      449      938      955      1270     97       1142     530      297      716      927      863      1018     398      470      944      954      425      915      496      207      241      1357     656      756      242      1258     1212     
7        265      555      396      223      94       821      767      0        747      799      124      227      685      108      582      911      440      617      669      791      309      652      303      273      142      403      374      837      310      189      708      839      289      590      544      645      277      241      738      820      697      
8        559      354      936      530      652      682      1017     747      0        188      765      916      133      843      569      295      349      572      946      138      610      726      1027     540      869      1131     845      683      508      754      631      228      849      981      811      733      517      980      810      285      342      
9        566      519      1051     605      709      867      1181     799      188      0        788      996      315      882      737      463      360      460      1104     51       730      896      1097     550      902      1152     967      869      513      760      810      406      954      1124     963      622      618      1040     984      99       205      
10       222      628      515      284      167      926      891      124      765      788      0        325      724      112      685      963      430      537      794      788      418      768      369      238      119      367      498      941      276      69       814      888      410      713      667      543      359      295      856      794      658      
11       491      655      219      391      295      819      638      227      916      996      325      0        831      227      602      1029     646      844      548      981      350      615      121      497      248      386      251      836      532      395      711      965      154      437      459      867      401      123      680      1028     914      
12       540      226      828      462      591      552      886      685      133      315      724      831      0        788      436      249      349      634      817      268      505      593      947      520      817      1083     735      554      494      725      497      171      748      858      685      788      430      908      676      408      434      
13       324      663      433      328      198      922      832      108      843      882      112      227      788      0        685      1017     521      649      737      878      410      745      257      337      35       296      434      938      375      176      809      944      338      643      622      651      385      183      826      895      763      
14       624      218      495      423      518      241      449      582      569      737      685      602      436      685      0        515      565      900      384      696      275      159      722      609      720      960      400      255      611      727      129      478      463      448      269      1018     338      716      251      819      792      
15       787      375      985      688      819      515      938      911      295      463      963      1029     249      1017     515      0        598      864      890      413      683      643      1150     767      1048     1314     888      510      742      968      513      77       924      963      784      1023     640      1119     701      562      637      
16       213      384      734      267      353      773      955      440      349      360      430      646      349      521      565      598      0        336      865      358      439      712      741      195      542      796      661      782      160      409      679      520      627      850      716      467      310      682      810      382      276      
17       360      718      989      544      565      1108     1270     617      572      460      537      844      634      649      900      864      336      0        1176     494      741      1044     906      360      652      843      936      1116     333      478      1015     791      877      1142     1029     162      613      833      1142     401      255      
18       838      592      337      634      658      441      97       669      946      1104     794      548      817      737      384      890      865      1176     0        1067     435      248      632      831      768      931      303      456      848      856      386      861      402      135      148      1260     563      668      225      1177     1125     
19       569      478      1027     590      700      820      1142     791      138      51       788      981      268      878      696      413      358      494      1067     0        703      854      1085     552      900      1154     940      821      515      765      765      355      932      1092     928      656      595      1031     941      150      242      
20       407      308      325      199      255      512      530      309      610      730      418      350      505      410      275      683      439      741      435      703      0        351      472      398      445      688      237      528      413      467      399      622      244      411      288      827      129      453      443      787      710      
21       744      377      457      535      606      218      297      652      726      896      768      615      593      745      159      643      712      1044     248      854      351      0        726      731      780      996      376      235      738      818      139      617      463      344      181      1152     451      737      98       978      948      
22       567      776      295      497      387      934      716      303      1027     1097     369      121      947      257      722      1150     741      906      632      1085     472      726      0        576      263      304      353      951      613      434      827      1085     263      509      562      908      517      76       785      1123     1001     
23       20       482      629      199      207      842      927      273      540      550      238      497      520      337      609      767      195      360      831      552      398      731      576      0        354      602      576      854      38       214      736      690      517      786      686      429      280      509      828      558      426      
24       340      697      460      359      229      958      863      142      869      902      119      248      817      35       720      1048     542      652      768      900      445      780      263      354      0        265      465      973      392      174      845      975      368      672      656      645      419      187      861      912      777      
25       585      958      595      625      495      1190     1018     403      1131     1152     367      386      1083     296      960      1314     796      843      931      1154     688      996      304      602      265      0        638      1206     639      393      1078     1241     540      812      846      791      680      264      1065     1152     1009     
26       580      521      97       398      381      589      398      374      845      967      498      251      735      434      400      888      661      936      303      940      237      376      353      576      465      638      0        606      602      564      488      835      99       216      209      997      354      374      432      1021     937      
27       870      398      691      676      774      17       470      837      683      869      941      836      554      938      255      510      782      1116     456      821      528      235      951      854      973      1206     606      0        851      982      128      512      687      571      416      1246     591      955      232      963      970      
28       53       472      658      214      240      840      944      310      508      513      276      532      494      375      611      742      160      333      848      515      413      738      613      38       392      639      602      851      0        249      736      665      547      809      702      415      291      547      836      519      388      
29       196      650      584      311      211      968      954      189      754      760      69       395      725      176      727      968      409      478      856      765      467      818      434      214      174      393      564      982      249      0        856      892      478      780      726      475      392      359      909      759      617      
30       751      307      577      552      647      113      425      708      631      810      814      711      497      809      129      513      679      1015     386      765      399      139      827      736      845      1078     488      128      736      856      0        495      564      482      313      1138     467      828      188      899      889      
31       710      315      932      616      746      515      915      839      228      406      888      965      171      944      478      77       520      791      861      355      622      617      1085     690      975      1241     835      512      665      892      495      0        865      925      746      948      571      1051     684      505      570      
32       518      550      112      359      313      670      496      289      849      954      410      154      748      338      463      924      627      877      402      932      244      463      263      517      368      540      99       687      547      478      564      865      0        305      305      926      336      277      526      1000     903      
33       791      632      218      598      596      554      207      590      981      1124     713      437      858      643      448      963      850      1142     135      1092     411      344      509      786      672      812      216      571      809      780      482      925      305      0        179      1211     540      552      347      1190     1121     
34       694      458      280      488      521      399      241      544      811      963      667      459      685      622      269      784      716      1029     148      928      288      181      562      686      656      846      209      416      702      726      313      746      305      179      0        1116     415      583      223      1034     978      
35       422      850      1038     628      616      1236     1357     645      733      622      543      867      788      651      1018     1023     467      162      1260     656      827      1152     908      429      645      791      997      1246     415      475      1138     948      926      1211     1116     0        706      832      1250     558      416      
36       293      277      434      85       194      577      656      277      517      618      359      401      430      385      338      640      310      613      563      595      129      451      517      280      419      680      354      591      291      392      467      571      336      540      415      706      0        480      548      667      583      
37       499      748      334      450      331      938      756      241      980      1040     295      123      908      183      716      1119     682      833      668      1031     453      737      76       509      187      264      374      955      547      359      828      1051     277      552      583      832      480      0        803      1062     936      
38       841      467      501      631      697      217      242      738      810      984      856      680      676      826      251      701      810      1142     225      941      443      98       785      828      861      1065     432      232      836      909      188      684      526      347      223      1250     548      803      0        1068     1043     
39       572      601      1101     644      736      960      1258     820      285      99       794      1028     408      895      819      562      382      401      1177     150      787      978      1123     558      912      1152     1021     963      519      759      899      505      1000     1190     1034     558      667      1062     1068     0        152      
40       438      582      1010     544      619      965      1212     697      342      205      658      914      434      763      792      637      276      255      1125     242      710      948      1001     426      777      1009     937      970      388      617      889      570      903      1121     978      416      583      936      1043     152      0        
;



Table delta(i,j)                 Distance
         0        1        2        3        4        5        6        7        8        9        10       11       12       13       14       15       16       17       18       19       20       21       22       23       24       25       26       27       28       29       30       31       32       33       34       35       36       37       38       39       40       
0        0        368      302      262      617      870      269      434      749      545      331      424      153      262      764      629      596      575      545      223      587      451      329      362      755      232      529      692      577      867      525      220      563      633      201      370      471      654      413      644      773      
1        368      0        512      631      594      685      247      683      557      688      104      165      279      432      671      505      762      249      538      576      681      524      129      454      567      182      163      540      421      665      439      175      601      746      209      186      481      602      598      610      596      
2        302      512      0        362      386      716      274      171      618      243      535      459      249      80       555      469      294      609      321      246      296      197      545      140      620      331      664      540      459      727      369      342      304      335      450      389      260      436      111      416      626      
3        262      631      362      0        747      1058     494      388      948      574      589      672      386      383      913      809      594      828      679      116      646      559      584      488      951      483      792      878      777      1063     703      475      667      669      453      611      612      795      445      777      963      
4        617      594      386      747      0        362      395      454      306      277      674      446      482      371      172      168      341      519      71       631      198      188      696      262      301      482      681      221      233      385      161      504      99       253      667      408      145      55       335      30       292      
5        870      685      716      1058     362      0        603      813      128      640      788      523      718      676      212      249      699      480      406      949      557      531      812      577      119      667      685      180      294      41       355      687      462      602      841      535      457      308      689      338      97       
6        269      247      274      494      395      603      0        444      480      442      297      192      116      193      517      368      515      348      328      405      442      285      315      208      486      88       391      427      309      598      270      109      376      505      271      123      259      420      352      418      505      
7        434      683      171      388      454      813      444      0        732      206      701      626      414      251      625      579      208      772      406      285      292      285      710      278      731      501      835      648      589      830      491      511      356      296      606      556      368      509      125      482      731      
8        749      557      618      948      306      128      480      732      0        579      659      394      596      570      210      152      646      363      330      841      504      446      684      477      12       540      566      85       172      118      249      560      399      559      713      407      365      258      606      288      44       
9        545      688      243      574      277      640      442      206      579      0        735      585      466      291      438      430      77       707      252      461      89       173      750      234      575      522      818      493      466      663      367      539      180      95       674      523      249      332      135      302      569      
10       331      104      535      589      674      788      297      701      659      735      0        265      286      459      764      599      805      350      613      551      740      582      24       503      669      213      219      638      518      769      526      196      669      802      138      272      550      688      632      693      697      
11       424      165      459      672      446      523      192      626      394      585      265      0        286      380      508      342      662      157      397      592      561      413      290      362      404      192      238      375      257      505      286      204      469      628      329      70       352      447      521      458      432      
12       153      279      249      386      482      718      116      414      596      466      286      286      0        177      619      478      530      443      411      308      488      337      296      248      602      103      440      540      424      714      376      103      443      544      208      225      338      515      351      508      620      
13       262      432      80       383      371      676      193      251      570      291      459      380      177      0        533      427      353      532      301      272      325      192      471      108      573      252      583      497      404      683      322      264      305      375      384      310      231      416      173      400      583      
14       764      671      555      913      172      212      517      625      210      438      764      508      619      533      0        166      492      531      234      799      352      358      788      425      200      597      721      155      253      244      247      619      268      392      783      492      302      119      507      142      175      
15       629      505      469      809      168      249      368      579      152      430      599      342      478      427      166      0        501      375      179      699      361      293      623      329      152      442      558      70       87       257      105      464      253      420      626      329      213      135      454      160      156      
16       596      762      294      594      341      699      515      208      646      77       805      662      530      353      492      501      0        785      324      487      142      251      820      307      642      593      894      560      541      725      443      608      248      106      737      599      326      393      183      362      633      
17       575      249      609      828      519      480      348      772      363      707      350      157      443      532      531      375      785      0        487      749      669      534      374      499      374      345      205      378      291      453      362      354      566      736      452      225      461      503      660      523      406      
18       545      538      321      679      71       406      328      406      330      252      613      397      411      301      234      179      324      487      0        565      189      126      634      192      327      416      635      244      219      424      126      437      80       253      599      352      74       115      282      99       325      
19       223      576      246      116      631      949      405      285      841      461      551      592      308      272      799      699      487      749      565      0        531      443      551      375      844      410      739      769      673      955      594      407      551      556      424      527      499      680      330      661      855      
20       587      681      296      646      198      557      442      292      504      89       740      561      488      325      352      361      142      669      189      531      0        157      757      241      500      528      799      419      408      582      313      547      109      67       694      505      210      250      200      220      490      
21       451      524      197      559      188      531      285      285      446      173      582      413      337      192      358      293      251      534      126      443      157      0        599      90       445      371      647      362      308      546      209      390      113      221      540      352      84       239      160      218      446      
22       329      129      545      584      696      812      315      710      684      750      24       290      296      471      788      623      820      374      634      551      757      599      0        519      694      229      235      662      542      794      548      211      689      819      131      295      570      710      644      715      722      
23       362      454      140      488      262      577      208      278      477      234      503      362      248      108      425      329      307      499      192      375      241      90       519      0        479      290      588      400      320      586      228      307      201      300      453      296      124      308      161      292      486      
24       755      567      620      951      301      119      486      731      12       575      669      404      602      573      200      152      642      374      327      844      500      445      694      479      0        548      578      83       178      112      251      568      395      554      722      416      365      252      606      283      32       
25       232      182      331      483      482      667      88       501      540      522      213      192      103      252      597      442      593      345      416      410      528      371      229      290      548      0        340      496      374      658      350      22       464      590      186      140      347      505      422      504      570      
26       529      163      664      792      681      685      391      835      566      818      219      238      440      583      721      558      894      205      635      739      799      647      235      588      578      340      0        574      471      658      520      336      707      866      353      295      590      676      742      690      609      
27       692      540      540      878      221      180      427      648      85       493      638      375      540      497      155      70       560      378      244      769      419      362      662      400      83       496      574      0        122      186      174      517      313      474      676      373      283      175      523      205      86       
28       577      421      459      777      233      294      309      589      172      466      518      257      424      404      253      87       541      291      219      673      408      308      542      320      178      374      471      122      0        290      100      395      299      472      553      250      224      212      464      233      196      
29       867      665      727      1063     385      41       598      830      118      663      769      505      714      683      244      257      725      453      424      955      582      546      794      586      112      658      658      186      290      0        360      678      483      630      829      523      469      331      706      362      100      
30       525      439      369      703      161      355      270      491      249      367      526      286      376      322      247      105      443      362      126      594      313      209      548      228      251      350      520      174      100      360      0        372      206      379      536      254      124      162      366      172      260      
31       220      175      342      475      504      687      109      511      560      539      196      204      103      264      619      464      608      354      437      407      547      390      211      307      568      22       336      517      395      678      372      0        485      608      164      158      368      527      436      526      591      
32       563      601      304      667      99       462      376      356      399      180      669      469      443      305      268      253      248      566      80       551      109      113      689      201      395      464      707      313      299      483      206      485      0        173      641      419      120      154      240      126      389      
33       633      746      335      669      253      602      505      296      559      95       802      628      544      375      392      420      106      736      253      556      67       221      819      300      554      590      866      474      472      630      379      608      173      0        751      572      277      302      229      271      542      
34       201      209      450      453      667      841      271      606      713      674      138      329      208      384      783      626      737      452      599      424      694      540      131      453      722      186      353      676      553      829      536      164      641      751      0        305      528      691      556      689      746      
35       370      186      389      611      408      535      123      556      407      523      272      70       225      310      492      329      599      225      352      527      505      352      295      296      416      140      295      373      250      523      254      158      419      572      305      0        299      417      453      424      440      
36       471      481      260      612      145      457      259      368      365      249      550      352      338      231      302      213      326      461      74       499      210      84       570      124      365      347      590      283      224      469      124      368      120      277      528      299      0        186      242      173      368      
37       654      602      436      795      55       308      420      509      258      332      688      447      515      416      119      135      393      503      115      680      250      239      710      308      252      505      676      175      212      331      162      527      154      302      691      417      186      0        390      31       240      
38       413      598      111      445      335      689      352      125      606      135      632      521      351      173      507      454      183      660      282      330      200      160      644      161      606      422      742      523      464      706      366      436      240      229      556      453      242      390      0        364      606      
39       644      610      416      777      30       338      418      482      288      302      693      458      508      400      142      160      362      523      99       661      220      218      715      292      283      504      690      205      233      362      172      526      126      271      689      424      173      31       364      0        271      
40       773      596      626      963      292      97       505      731      44       569      697      432      620      583      175      156      633      406      325      855      490      446      722      486      32       570      609      86       196      100      260      591      389      542      746      440      368      240      606      271      0        
;

