
sets
i        orders          /0*80/
k        routes          /1*80/
p        positions       /0*80/
;

alias(i,j)
alias(i,h)
alias(i,hh)
alias(i,jj)
alias(k,kk)
                
                    Parameters

rho(i)	Processing time
/
0	0
1	38
2	19
3	59
4	56
5	17
6	87
7	55
8	61
9	46
10	91
11	20
12	29
13	95
14	78
15	11
16	75
17	55
18	44
19	15
20	84
21	51
22	35
23	9
24	60
25	29
26	71
27	56
28	77
29	92
30	50
31	64
32	45
33	15
34	84
35	85
36	80
37	51
38	26
39	40
40	24
41	68
42	74
43	11
44	2
45	23
46	76
47	46
48	9
49	58
50	59
51	38
52	23
53	26
54	52
55	88
56	6
57	23
58	86
59	77
60	46
61	79
62	48
63	79
64	9
65	40
66	69
67	78
68	27
69	32
70	65
71	86
72	35
73	1
74	54
75	34
76	70
77	47
78	59
79	65
80	32
/

gamma(i)	Duedate
/
0	0
1	23
2	42
3	2
4	88
5	50
6	77
7	82
8	64
9	90
10	73
11	82
12	40
13	51
14	89
15	91
16	26
17	50
18	88
19	41
20	74
21	15
22	89
23	94
24	8
25	29
26	48
27	17
28	11
29	98
30	84
31	9
32	75
33	77
34	71
35	31
36	11
37	18
38	32
39	81
40	73
41	11
42	31
43	72
44	9
45	48
46	77
47	86
48	25
49	3
50	11
51	87
52	38
53	53
54	81
55	78
56	8
57	60
58	20
59	66
60	69
61	31
62	56
63	67
64	39
65	32
66	27
67	3
68	80
69	51
70	92
71	64
72	59
73	82
74	44
75	63
76	77
77	3
78	96
79	35
80	33
/

sigma(i)	Size
/
0	0
1	5
2	1
3	4
4	5
5	5
6	8
7	2
8	6
9	5
10	3
11	6
12	6
13	3
14	5
15	8
16	6
17	5
18	5
19	1
20	8
21	7
22	1
23	2
24	1
25	4
26	6
27	1
28	3
29	9
30	6
31	8
32	4
33	3
34	9
35	5
36	9
37	6
38	1
39	8
40	7
41	8
42	1
43	8
44	8
45	2
46	7
47	6
48	8
49	9
50	9
51	5
52	3
53	2
54	9
55	1
56	7
57	1
58	8
59	5
60	3
61	9
62	5
63	3
64	1
65	5
66	3
67	6
68	4
69	1
70	8
71	9
72	1
73	3
74	7
75	6
76	3
77	8
78	8
79	3
80	3
/

epsilon(i)	Priority
/
0	0
1	2
2	5
3	5
4	4
5	3
6	5
7	4
8	2
9	1
10	7
11	1
12	3
13	3
14	7
15	3
16	9
17	8
18	6
19	3
20	2
21	2
22	7
23	6
24	2
25	8
26	4
27	9
28	6
29	9
30	2
31	1
32	9
33	5
34	9
35	1
36	9
37	6
38	6
39	3
40	2
41	2
42	9
43	4
44	7
45	6
46	1
47	4
48	7
49	4
50	5
51	9
52	7
53	9
54	7
55	6
56	1
57	8
58	7
59	1
60	7
61	3
62	7
63	7
64	6
65	6
66	2
67	2
68	9
69	6
70	8
71	3
72	5
73	4
74	1
75	5
76	7
77	8
78	2
79	2
80	1
/

psi	Vehicle Capacity
/ 14 /
;

Table kappa(i,j)                 Setup
         0        1        2        3        4        5        6        7        8        9        10       11       12       13       14       15       16       17       18       19       20       21       22       23       24       25       26       27       28       29       30       31       32       33       34       35       36       37       38       39       40       41       42       43       44       45       46       47       48       49       50       51       52       53       54       55       56       57       58       59       60       61       62       63       64       65       66       67       68       69       70       71       72       73       74       75       76       77       78       79       80       
0        0        1326     149      777      702      340      1144     544      405      724      1225     757      868      870      633      424      570      1137     407      264      1097     1120     994      275      1100     775      711      693      1272     794      1043     711      490      555      877      368      982      1297     269      940      208      939      821      1022     1087     1343     735      516      920      632      781      896      990      720      1128     822      756      652      803      1091     648      844      334      842      364      527      644      808      377      1185     624      648      112      1100     493      1233     187      946      892      1136     183      
1        1326     0        1395     585      865      995      1323     871      1649     1134     453      572      538      485      923      1038     1784     191      927      1246     544      206      782      1585     553      610      1902     1515     1332     678      1118     731      838      1006     517      1568     448      1384     1499     2119     1532     469      741      682      588      1095     817      833      419      709      1806     1834     378      621      345      1423     1559     1531     1356     673      1907     1275     994      1808     1384     1735     791      723      1051     1122     1158     803      1413     1340     1167     556      1293     1449     440      986      1465     
2        149      1395     0        873      688      402      1056     560      274      873      1246     838      970      922      614      410      435      1210     507      198      1110     1191     976      194      1112     814      574      829      1188     911      977      730      577      524      976      461      1019     1209     126      805      170      1038     821      1018     1094     1290     728      620      1003     687      632      748      1041     776      1225     706      620      513      695      1087     530      750      407      693      502      390      764      813      513      1122     773      659      210      1008     423      1242     334      832      972      1090     270      
3        777      585      873      0        600      480      1214     478      1144     603      692      106      105      302      613      610      1296     395      369      768      641      387      738      1048     650      352      1427     950      1283     168      1018     451      297      651      105      985      442      1329     990      1656     985      165      569      682      663      1166     575      261      169      290      1394     1458     374      256      352      1137     1210     1149     1078     729      1402     1035     469      1419     798      1247     213      538      467      1097     601      482      850      1204     782      760      716      1210     159      977      895      
4        702      865      688      600      0        420      620      192      878      1051     584      499      696      407      75       280      981      722      512      493      439      697      291      878      438      283      1079     1254     706      750      439      156      455      171      684      1058     420      748      749      1281     857      723      143      331      415      673      49       541      609      318      949      969      489      349      857      569      693      669      504      399      1117     443      444      944      968      933      687      148      696      549      995      123      814      606      325      562      791      621      574      462      884      
5        340      995      402      480      420      0        980      233      667      684      891      436      582      530      368      208      816      808      151      291      768      790      700      590      773      436      947      836      1089     549      832      387      184      328      585      657      643      1124     514      1176     539      645      513      711      763      1093     440      251      601      292      927      1006     651      380      829      764      784      705      720      779      926      717      27       962      548      767      419      494      295      958      610      334      441      949      377      906      378      867      570      882      504      
6        1144     1323     1056     1214     620      980      0        792      1099     1654     896      1109     1303     969      634      777      1113     1238     1106     880      780      1213     543      1192     771      870      1140     1800     138      1369     207      763      1065     651      1288     1509     907      153      1041     1256     1213     1319     654      641      736      395      639      1153     1192     938      895      820      1003     958      1423     408      601      675      382      653      1249     306      1007     834      1484     1081     1307     683      1275     237      1588     743      1249     59       653      807      1293     307      1160     353      1317     
7        544      871      560      478      192      233      792      0        789      865      686      391      582      386      158      167      915      701      321      384      554      678      467      755      557      264      1031     1062     888      606      623      170      272      173      575      885      462      928      645      1248     720      625      282      482      543      865      207      361      536      192      947      995      498      265      786      659      737      685      602      550      1042     568      254      961      781      866      520      265      504      740      805      104      653      770      312      689      610      738      500      654      720      
8        405      1649     274      1144     878      667      1099     789      0        1120     1458     1103     1243     1168     802      624      164      1468     781      405      1315     1448     1147     174      1316     1052     305      1006     1238     1186     1071     952      847      706      1248     581      1251     1248     153      534      250      1309     1020     1206     1293     1397     924      894      1268     940      432      571      1285     1028     1495     701      549      445      717      1272     258      800      675      513      701      125      1039     1018     782      1218     1018     878      408      1044     563      1440     571      825      1236     1215     432      
9        724      1134     873      603      1051     684      1654     865      1120     0        1295     686      606      893      1022     893      1284     962      549      904      1230     962      1276     961      1239     898      1424     403      1753     462      1488     944      596      1006     629      669      1038     1793     993      1649     880      667      1084     1244     1247     1703     1049     512      758      762      1503     1613     977      791      806      1444     1435     1341     1403     1300     1337     1402     657      1561     462      1245     403      1056     397      1598     103      933      714      1628     1058     1357     548      1551     759      1499     709      
10       1225     453      1246     692      584      891      896      686      1458     1295     0        611      716      408      658      839      1566     447      895      1062     147      428      383      1440     150      458      1663     1615     889      850      700      516      802      754      693      1542     264      940      1322     1859     1407     682      441      287      181      641      536      845      556      615      1515     1514     318      543      679      1070     1235     1233     1003     249      1701     908      903      1498     1399     1518     894      440      1069     680      1283     586      1331     921      910      103      1257     1068     545      547      1395     
11       757      572      838      106      499      436      1109     391      1103     686      611      0        197      207      516      537      1250     381      355      713      546      366      632      1022     556      245      1377     1009     1177     272      912      347      266      562      186      1001     352      1223     950      1603     964      233      462      578      566      1061     471      264      164      198      1326     1383     298      151      402      1045     1128     1073     984      628      1362     937      431      1346     827      1200     283      432      490      991      672      383      841      1100     702      671      722      1113     135      871      892      
12       868      538      970      105      696      582      1303     582      1243     606      716      197      0        359      712      716      1397     357      463      871      686      355      810      1142     696      433      1529     977      1366     144      1104     543      398      755      23       1054     485      1413     1090     1758     1077     74       652      745      713      1232     667      352      160      391      1499     1564     402      347      261      1239     1315     1255     1179     785      1500     1134     570      1525     858      1348     258      621      538      1175     622      580      936      1296     887      794      793      1310     174      1051     976      
13       870      485      922      302      407      530      969      386      1168     893      408      207      359      0        452      553      1300     320      501      764      339      296      454      1115     348      128      1417     1207     1020     469      764      257      406      527      339      1157     145      1069     1020     1634     1068     357      318      386      361      873      364      439      224      237      1326     1363     120      150      457      976      1092     1055     911      428      1424     845      535      1333     1000     1251     490      290      666      823      876      323      967      970      686      464      872      1024     194      695      1026     
14       633      923      614      613      75       368      634      158      802      1022     658      516      712      452      0        209      907      772      476      418      514      747      363      802      514      324      1007     1205     731      753      467      195      431      95       703      992      482      770      673      1211     783      747      218      407      491      726      122      519      641      323      884      912      545      371      892      532      640      608      469      474      1042     422      394      884      912      859      676      219      655      590      961      135      745      612      253      638      731      597      605      515      815      
15       424      1038     410      610      280      208      777      167      624      893      839      537      716      553      209      0        748      866      351      222      700      844      571      603      702      431      863      1026     891      716      642      328      348      135      713      786      627      924      483      1081     577      767      410      608      683      925      318      433      691      345      789      848      665      426      938      561      603      538      513      677      876      509      235      810      719      699      604      402      502      776      818      254      536      744      178      831      532      660      656      716      607      
16       570      1784     435      1296     981      816      1113     915      164      1284     1566     1250     1397     1300     907      748      0        1607     938      539      1420     1586     1234     328      1420     1180     140      1155     1251     1345     1115     1072     999      812      1401     722      1373     1254     310      370      408      1461     1125     1302     1395     1442     1029     1050     1413     1078     322      466      1414     1165     1646     704      523      437      734      1365     141      830      827      410      858      49       1199     1126     946      1259     1181     997      570      1055     656      1539     735      818      1381     1273     589      
17       1137     191      1210     395      722      808      1238     701      1468     962      447      381      357      320      772      866      1607     0        736      1068     486      25       696      1398     496      449      1728     1334     1266     501      1030     576      647      848      335      1377     331      1317     1317     1948     1343     295      614      603      527      1062     677      641      227      529      1646     1683     239      442      233      1290     1412     1376     1224     613      1726     1151     806      1653     1193     1557     604      591      860      1058     979      644      1222     1247     1006     545      1101     1329     248      922      1273     
18       407      927      507      369      512      151      1106     321      781      549      895      355      463      501      476      351      938      736      0        432      790      721      768      679      796      439      1073     752      1207     410      944      434      95       457      471      656      634      1245     628      1303     616      532      573      759      793      1181     519      113      514      281      1070     1154     618      354      721      912      935      855      865      824      1037     856      127      1108     504      890      272      549      187      1061     484      403      486      1079     525      927      372      1011     488      972      537      
19       264      1246     198      768      493      291      880      384      405      904      1062     713      871      764      418      222      539      1068     432      0        922      1047     779      384      923      647      663      944      1009     839      786      550      474      327      873      629      847      1033     261      889      368      932      629      824      904      1095     535      540      876      539      638      725      880      626      1113     566      531      438      542      892      660      579      307      678      618      489      704      623      511      930      813      476      369      836      232      1051     428      687      842      893      438      
20       1097     544      1110     641      439      768      780      554      1315     1230     147      546      686      339      514      700      1420     486      790      922      0        462      246      1303     10       351      1516     1528     790      807      577      385      700      609      664      1425     201      841      1182     1711     1273     666      296      146      43       577      391      754      532      508      1368     1368     289      449      704      927      1089     1086     860      130      1556     767      783      1352     1293     1372     827      298      971      580      1208     451      1205     800      763      138      1142     931      512      443      1271     
21       1120     206      1191     387      697      790      1213     678      1448     962      428      366      355      296      747      844      1586     25       721      1047     462      0        671      1380     473      424      1706     1330     1241     499      1005     552      631      824      333      1364     305      1292     1297     1926     1326     296      588      578      503      1039     651      628      218      508      1622     1659     213      421      250      1265     1387     1352     1198     589      1706     1126     789      1629     1183     1536     598      565      849      1033     976      620      1207     1222     982      525      1088     1303     235      898      1259     
22       994      782      976      738      291      700      543      467      1147     1276     383      632      810      454      363      571      1234     696      768      779      246      671      0        1162     240      389      1317     1520     572      905      336      335      693      452      791      1348     368      623      1027     1501     1145     811      194      101      205      430      261      768      677      514      1147     1137     466      494      891      688      859      867      621      140      1373     524      721      1124     1249     1188     884      221      956      369      1234     368      1106     558      583      321      1077     685      649      241      1175     
23       275      1585     194      1048     878      590      1192     755      174      961      1440     1022     1142     1115     802      603      328      1398     679      384      1303     1380     1162     0        1305     1008     466      832      1329     1070     1136     924      757      710      1150     408      1214     1344     151      688      80       1212     1013     1209     1287     1457     919      790      1186     879      605      741      1234     968      1400     813      685      577      816      1277     380      887      591      683      530      296      919      1006     647      1283     858      853      247      1140     593      1435     415      940      1157     1262     261      
24       1100     553      1112     650      438      773      771      557      1316     1239     150      556      696      348      514      702      1420     496      796      923      10       473      240      1305     0        358      1515     1535     780      816      569      389      706      610      674      1430     211      831      1183     1709     1276     677      296      140      35       566      392      761      542      515      1365     1364     300      457      715      922      1085     1083     855      120      1556     761      788      1348     1299     1372     836      300      978      570      1216     454      1209     791      763      133      1147     925      522      434      1275     
25       775      610      814      352      283      436      870      264      1052     898      458      245      433      128      324      431      1180     449      439      647      351      424      389      1008     358      0        1294     1178     933      517      670      129      348      399      418      1084     207      980      906      1509     967      449      218      345      358      819      244      405      328      158      1198     1234     234      106      574      851      964      927      787      403      1306     725      446      1204     944      1130     499      188      619      745      866      195      877      865      558      488      799      904      294      626      940      
26       711      1902     574      1427     1079     947      1140     1031     305      1424     1663     1377     1529     1417     1007     863      140      1728     1073     663      1516     1706     1317     466      1515     1294     0        1285     1276     1481     1167     1181     1130     914      1533     850      1482     1274     448      231      546      1593     1223     1392     1488     1490     1128     1185     1539     1200     271      406      1528     1286     1776     734      539      474      775      1452     153      876      959      358      995      184      1336     1227     1086     1306     1321     1107     710      1081     754      1629     875      836      1506     1334     726      
27       693      1515     829      950      1254     836      1800     1062     1006     403      1615     1009     977      1207     1205     1026     1155     1334     752      944      1528     1330     1520     832      1535     1178     1285     0        1917     837      1666     1186     833      1158     999      437      1351     1949     923      1489     758      1046     1326     1510     1536     1927     1267     773      1116     1023     1433     1563     1308     1079     1199     1511     1449     1343     1486     1574     1167     1513     811      1506     329      1128     736      1301     564      1795     357      1153     622      1763     1153     1662     516      1632     1109     1716     578      
28       1272     1332     1188     1283     706      1089     138      888      1238     1753     889      1177     1366     1020     731      891      1251     1266     1207     1009     790      1241     572      1329     780      933      1276     1917     0        1443     267      837      1159     761      1349     1638     940      51       1178     1386     1347     1375     714      663      746      309      717      1246     1244     1018     1027     946      1039     1027     1464     547      737      814      521      660      1387     441      1116     964      1605     1219     1392     745      1382     210      1691     828      1378     196      778      793      1415     441      1214     346      1447     
29       794      678      911      168      750      549      1369     606      1186     462      850      272      144      469      753      716      1345     501      410      839      807      499      905      1070     816      517      1481     837      1443     0        1177     607      371      779      167      941      606      1489     1035     1712     1000     209      731      850      831      1333     730      299      299      433      1476     1553     532      416      374      1264     1318     1248     1208     897      1439     1174     531      1510     738      1298     151      701      437      1261     480      628      849      1356     893      922      695      1345     305      1143     882      
30       1043     1118     977      1018     439      832      207      623      1071     1488     700      912      1104     764      467      642      1115     1030     944      786      577      1005     336      1136     569      670      1167     1666     267      1177     0        570      893      508      1088     1412     700      311      987      1315     1143     1117     452      436      533      327      449      979      988      750      950      903      796      762      1216     449      646      692      396      452      1256     291      858      905      1361     1077     1125     482      1122     147      1429     560      1153     222      555      617      1173     399      957      183      1223     
31       711      731      730      451      156      387      763      170      952      944      516      347      543      257      195      328      1072     576      434      550      385      552      335      924      389      129      1181     1186     837      607      570      0        357      274      530      1044     301      882      811      1392     890      568      141      327      376      759      124      433      453      184      1075     1106     352      196      702      722      835      801      658      394      1202     599      404      1078     926      1023     561      115      622      662      899      74       820      753      436      522      764      777      418      555      886      
32       490      838      577      297      455      184      1065     272      847      596      802      266      398      406      431      348      999      647      95       474      700      631      693      757      706      348      1130     833      1159     371      893      357      0        430      402      751      539      1199     693      1359     698      462      498      676      704      1113     454      89       429      191      1108     1182     523      259      648      905      949      877      854      740      1105     833      171      1139     597      950      256      472      271      1003     543      337      575      1042     526      837      467      996      401      906      629      
33       555      1006     524      651      171      328      651      173      706      1006     754      562      755      527      95       135      812      848      457      327      609      824      452      710      610      399      914      1158     761      779      508      274      430      0        748      919      571      796      578      1120     694      796      313      501      586      790      218      520      701      364      800      836      627      428      952      486      570      528      429      568      946      402      355      805      854      763      685      314      623      641      937      204      667      622      162      733      668      568      665      582      738      
34       877      517      976      105      684      585      1288     575      1248     629      693      186      23       339      703      713      1401     335      471      873      664      333      791      1150     674      418      1533     999      1349     167      1088     530      402      748      0        1069     463      1397     1095     1761     1086     61       636      725      692      1212     654      360      137      384      1498     1561     379      335      250      1231     1310     1251     1171     764      1506     1123     574      1523     875      1352     276      606      552      1157     643      569      946      1282     883      771      807      1300     151      1033     989      
35       368      1568     461      985      1058     657      1509     885      581      669      1542     1001     1054     1157     992      786      722      1377     656      629      1425     1364     1348     408      1430     1084     850      437      1638     941      1412     1044     751      919      1069     0        1286     1662     523      1052     343      1128     1167     1367     1420     1710     1086     736      1149     929      1013     1149     1274     1008     1311     1168     1071     962      1156     1435     730      1206     642      1091     213      698      797      1150     517      1553     572      988      260      1464     861      1563     285      1294     1129     1502     192      
36       982      448      1019     442      420      643      907      462      1251     1038     264      352      485      145      482      627      1373     331      634      847      201      305      368      1214     211      207      1482     1351     940      606      700      301      539      571      463      1286     0        991      1108     1692     1174     467      293      281      229      762      371      580      332      357      1367     1389     98       280      525      975      1112     1089     908      307      1503     829      652      1364     1137     1324     635      275      805      735      1021     376      1084     916      733      319      1001     1005     311      602      1146     
37       1297     1384     1209     1329     748      1124     153      928      1248     1793     940      1223     1413     1069     770      924      1254     1317     1245     1033     841      1292     623      1344     831      980      1274     1949     51       1489     311      882      1199     796      1397     1662     991      0        1194     1376     1366     1424     761      714      797      352      761      1287     1293     1062     1021     933      1089     1073     1514     551      736      817      531      711      1388     459      1151     954      1635     1224     1435     792      1418     261      1729     870      1402     204      805      844      1444     438      1262     397      1470     
38       269      1499     126      990      749      514      1041     645      153      993      1322     950      1090     1020     673      483      310      1317     628      261      1182     1297     1027     151      1183     906      448      923      1178     1035     987      811      693      578      1095     523      1108     1194     0        679      184      1156     888      1080     1162     1309     793      741      1115     789      517      641      1137     878      1342     665      549      440      666      1147     412      736      522      585      602      264      888      883      639      1134     893      738      302      990      450      1310     449      792      1083     1117     346      
39       940      2119     805      1656     1281     1176     1256     1248     534      1649     1859     1603     1758     1634     1211     1081     370      1948     1303     889      1711     1926     1501     688      1709     1509     231      1489     1386     1712     1315     1392     1359     1120     1761     1052     1692     1376     679      0        768      1821     1423     1581     1681     1629     1330     1416     1764     1422     365      446      1742     1507     2003     867      669      634      919      1638     322      1024     1188     422      1211     415      1567     1429     1317     1446     1546     1318     934      1197     958      1818     1101     949      1730     1490     945      
40       208      1532     170      985      857      539      1213     720      250      880      1407     964      1077     1068     783      577      408      1343     616      368      1273     1326     1145     80       1276     967      546      758      1347     1000     1143     890      698      694      1086     343      1174     1366     184      768      0        1147     987      1186     1259     1459     895      725      1128     831      676      808      1188     919      1336     845      733      624      843      1254     459      906      537      751      451      375      848      978      572      1289     777      822      166      1162     591      1407     335      973      1099     1259     182      
41       939      469      1038     165      723      645      1319     625      1309     667      682      233      74       357      747      767      1461     295      532      932      666      296      811      1212     677      449      1593     1046     1375     209      1117     568      462      796      61       1128     467      1424     1156     1821     1147     0        665      739      697      1226     691      422      135      432      1555     1615     377      375      188      1277     1362     1305     1216     774      1567     1165     634      1577     932      1413     333      635      612      1180     689      612      1008     1315     935      766      867      1342     162      1052     1050     
42       821      741      821      569      143      513      654      282      1020     1084     441      462      652      318      218      410      1125     614      573      629      296      588      194      1013     296      218      1223     1326     714      731      452      141      498      313      636      1167     293      761      888      1423     987      665      0        200      274      619      95       574      539      322      1087     1100     375      315      775      681      822      806      614      269      1260     537      532      1078     1059     1077     697      30       761      529      1040     179      932      652      469      422      891      714      506      417      1001     
43       1022     682      1018     682      331      711      641      482      1206     1244     287      578      745      386      407      608      1302     603      759      824      146      578      101      1209     140      345      1392     1510     663      850      436      327      676      501      725      1367     281      714      1080     1581     1186     739      200      0        105      487      290      744      604      489      1232     1228     379      452      806      783      949      951      716      69       1440     621      729      1213     1253     1255     844      216      946      455      1209     378      1133     658      646      237      1089     785      577      321      1201     
44       1087     588      1094     663      415      763      736      543      1293     1247     181      566      713      361      491      683      1395     527      793      904      43       503      205      1287     35       358      1488     1536     746      831      533      376      704      586      692      1420     229      797      1162     1681     1259     697      274      105      0        538      369      763      562      513      1335     1332     322      460      742      888      1053     1053     821      87       1531     727      779      1317     1294     1347     844      281      976      536      1221     439      1196     756      738      147      1139     890      541      400      1262     
45       1343     1095     1290     1166     673      1093     395      865      1397     1703     641      1061     1232     873      726      925      1442     1062     1181     1095     577      1039     430      1457     566      819      1490     1927     309      1333     327      759      1113     790      1212     1710     762      352      1309     1629     1459     1226     619      487      538      0        662      1192     1090     941      1264     1203     858      924      1280     762      961      1016     716      455      1582     614      1117     1212     1638     1404     1314     647      1368     184      1657     778      1455     448      867      539      1456     686      1065     211      1525     
46       735      817      728      575      49       440      639      207      924      1049     536      471      667      364      122      318      1029     677      519      535      391      651      261      919      392      244      1128     1267     717      730      449      124      454      218      654      1086     371      761      793      1330     895      691      95       290      369      662      0        537      573      301      998      1018     442      320      819      613      741      719      547      359      1164     481      461      993      988      981      676      99       705      549      997      116      847      629      374      517      815      659      538      453      916      
47       516      833      620      261      541      251      1153     361      894      512      845      264      352      439      519      433      1050     641      113      540      754      628      768      790      761      405      1185     773      1246     299      979      433      89       520      360      736      580      1287     741      1416     725      422      574      744      763      1192     537      0        415      255      1178     1257     550      305      611      993      1030     955      942      805      1150     922      232      1213     565      1003     171      547      228      1087     466      421      588      1131     611      889      459      1085     393      987      635      
48       920      419      1003     169      609      601      1192     536      1268     758      556      164      160      224      641      691      1413     227      514      876      532      218      677      1186     542      328      1539     1116     1244     299      988      453      429      701      137      1149     332      1293     1115     1764     1128     135      539      604      562      1090     573      415      0        346      1481     1532     244      273      251      1173     1271     1222     1110     638      1527     1053     596      1497     966      1364     381      510      632      1047     765      506      1001     1191     849      635      875      1231     36       918      1050     
49       632      709      687      290      318      292      938      192      940      762      615      198      391      237      323      345      1078     529      281      539      508      508      514      879      515      158      1200     1023     1018     433      750      184      191      364      384      929      357      1062     789      1422     831      432      322      489      513      941      301      255      346      0        1134     1187     358      89       595      848      930      876      788      551      1198     745      298      1151     786      1028     376      294      463      846      721      195      730      924      504      646      644      920      311      739      790      
