
sets
i        orders          /0*40/
k        routes          /1*40/
p        positions       /0*40/
;

alias(i,j)
alias(i,h)
alias(i,hh)
alias(i,jj)
alias(k,kk)
                
                    Parameters

rho(i)	Processing time
/
0	0
1	35
2	95
3	75
4	98
5	82
6	72
7	10
8	38
9	50
10	61
11	67
12	77
13	3
14	20
15	90
16	67
17	51
18	55
19	16
20	29
21	19
22	80
23	31
24	70
25	40
26	18
27	94
28	90
29	46
30	37
31	57
32	29
33	32
34	31
35	29
36	42
37	97
38	4
39	91
40	19
/

gamma(i)	Duedate
/
0	0
1	4
2	51
3	85
4	5
5	4
6	34
7	69
8	82
9	33
10	43
11	37
12	44
13	85
14	68
15	98
16	65
17	63
18	72
19	11
20	2
21	84
22	35
23	19
24	59
25	62
26	24
27	11
28	3
29	74
30	36
31	64
32	45
33	71
34	22
35	87
36	77
37	39
38	53
39	92
40	35
/

sigma(i)	Size
/
0	0
1	1
2	9
3	3
4	4
5	5
6	7
7	7
8	1
9	7
10	5
11	7
12	1
13	9
14	2
15	5
16	9
17	2
18	1
19	4
20	3
21	5
22	3
23	8
24	4
25	9
26	1
27	2
28	1
29	1
30	6
31	8
32	9
33	5
34	4
35	5
36	4
37	2
38	3
39	8
40	4
/

epsilon(i)	Priority
/
0	0
1	7
2	8
3	6
4	1
5	1
6	7
7	3
8	4
9	6
10	1
11	1
12	6
13	3
14	8
15	2
16	7
17	2
18	7
19	5
20	5
21	8
22	5
23	8
24	9
25	5
26	8
27	5
28	6
29	1
30	4
31	6
32	9
33	9
34	2
35	9
36	4
37	8
38	8
39	1
40	8
/

psi	Vehicle Capacity
/ 41 /
;

Table kappa(i,j)                 Setup
         0        1        2        3        4        5        6        7        8        9        10       11       12       13       14       15       16       17       18       19       20       21       22       23       24       25       26       27       28       29       30       31       32       33       34       35       36       37       38       39       40       
0        0        567      686      962      468      864      809      663      219      437      182      992      549      786      503      804      1244     482      340      871      465      899      1094     929      1002     1288     933      486      971      788      865      635      607      1109     716      201      183      491      640      1048     762      
1        567      0        849      434      918      914      494      804      381      396      489      682      37       824      221      815      1115     310      779      1019     355      662      889      479      1129     1046     792      205      828      439      1027     639      197      1009     599      378      388      882      354      484      362      
2        686      849      0        979      446      211      614      46       603      454      533      678      811      180      631      217      651      540      432      188      494      547      612      832      318      795      446      644      469      649      188      243      706      517      369      754      661      342      575      1152     704      
3        962      434      979      0        1209     946      383      933      748      623      835      466      434      873      471      847      960      530      1084     1099     572      535      714      182      1173     803      705      482      728      335      1115     735      360      899      620      796      779      1144     416      191      275      
4        468      918      446      1209     0        656      918      456      547      586      436      1045     888      618      754      652      1097     681      141      573      637      920      1037     1109     691      1228     865      752      894      928      556      577      862      963      713      638      569      103      802      1347     948      
5        864      914      211      946      656      0        563      212      744      545      695      565      876      91       693      102      441      608      640      171      571      442      438      778      228      605      296      712      304      612      193      279      741      311      335      898      807      553      587      1132     686      
6        809      494      614      383      918      563      0        570      595      378      639      196      465      492      343      465      634      329      815      719      344      176      398      218      790      552      336      368      365      60       736      375      299      546      245      710      651      836      174      571      147      
7        663      804      46       933      456      212      570      0        568      410      503      641      767      162      585      196      643      494      428      224      449      510      588      787      350      774      419      599      444      604      226      198      659      508      326      720      628      353      529      1106     658      
8        219      381      603      748      547      744      595      568      0        239      111      783      356      657      284      666      1079     266      405      791      256      700      906      710      919      1097     756      269      795      571      791      482      390      949      533      154      65       527      424      847      543      
9        437      396      454      623      586      545      378      410      239      0        261      555      359      454      185      455      844      98       463      629      51       463      667      535      746      857      518      193      557      368      635      267      281      717      295      383      303      525      225      764      368      
10       182      489      533      835      436      695      639      503      111      261      0        816      462      614      364      628      1063     322      294      721      296      719      911      779      851      1106     750      354      789      624      719      454      474      929      533      229      142      419      477      945      610      
11       992      682      678      466      1045     565      196      641      783      555      816      0        655      519      540      484      494      519      957      735      528      131      247      285      776      366      276      564      285      243      756      470      492      439      332      904      841      954      369      654      320      
12       549      37       811      434      888      876      465      767      356      359      462      655      0        786      183      777      1082     273      749      981      317      631      858      464      1091     1017     758      168      794      412      989      601      165      975      563      367      368      849      320      498      338      
13       786      824      180      873      618      91       492      162      657      454      614      519      786      0        602      37       484      517      585      226      480      390      432      709      310      614      269      621      289      537      244      188      653      347      254      811      721      516      501      1056     607      
14       503      221      631      471      754      693      343      585      284      185      364      540      183      602      0        595      923      90       622      797      137      487      712      426      907      886      594      25       632      305      806      417      110      808      387      372      327      702      172      592      262      
15       804      815      217      847      652      102      465      196      666      455      628      484      777      37       595      0        456      512      614      256      477      356      395      681      329      579      232      615      252      512      275      188      639      318      232      820      731      549      485      1032     584      
16       1244     1115     651      960      1097     441      634      643      1079     844      1063     494      1082     484      923      456      0        863      1069     569      845      458      246      779      518      248      330      947      291      694      592      609      919      137      550      1227     1144     993      762      1148     781      
17       482      310      540      530      681      608      329      494      266      98       322      519      273      517      90       512      863      0        554      708      48       446      665      457      819      848      533      105      572      305      716      330      183      743      316      386      322      623      157      667      288      
18       340      779      432      1084     141      640      815      428      405      463      294      957      749      585      622      614      1069     554      0        593      512      837      980      995      721      1175     806      618      839      818      581      503      731      932      630      500      428      152      685      1215     830      
19       871      1019     188      1099     573      171      719      224      791      629      721      735      981      226      797      256      569      708      593      0        665      610      604      936      131      760      467      813      474      763      24       385      861      453      478      942      850      475      717      1281     830      
20       465      355      494      572      637      571      344      449      256      51       296      528      317      480      137      477      845      48       512      665      0        444      657      489      778      844      516      149      555      328      672      292      231      721      295      389      316      576      182      713      321      
21       899      662      547      535      920      442      176      510      700      463      719      131      631      390      487      356      458      446      837      610      444      0        227      355      660      401      170      512      193      236      630      343      465      371      207      832      761      826      317      726      324      
22       1094     889      612      714      1037     438      398      588      906      667      911      247      858      432      712      395      246      665      980      604      657      227      0        533      607      196      173      737      144      456      628      480      692      208      378      1046     970      937      543      902      542      
23       929      479      832      182      1109     778      218      787      710      535      779      285      464      709      426      681      779      457      995      936      489      355      533      0        1003     634      526      445      547      185      954      590      332      716      464      791      753      1034     310      372      169      
24       1002     1129     318      1173     691      228      790      350      919      746      851      776      1091     310      907      329      518      819      721      131      778      660      607      1003     0        737      499      924      496      840      139      490      963      424      562      1070     978      596      812      1360     914      
25       1288     1046     795      803      1228     605      552      774      1097     857      1106     366      1017     614      886      579      248      848      1175     760      844      401      196      634      737      0        368      911      335      606      784      676      852      312      573      1232     1159     1127     714      980      686      
26       933      792      446      705      865      296      336      419      756      518      750      276      758      269      594      232      330      533      806      467      516      170      173      526      499      368      0        618      39       395      489      309      597      217      223      901      820      765      437      896      481      
27       486      205      644      482      752      712      368      599      269      193      354      564      168      621      25       615      947      105      618      813      149      512      737      445      924      911      618      0        656      328      821      435      121      832      409      349      308      703      197      597      283      
28       971      828      469      728      894      304      365      444      795      557      789      285      794      289      632      252      291      572      839      474      555      193      144      547      496      335      39       656      0        424      497      344      633      182      262      940      860      793      474      919      511      
29       788      439      649      335      928      612      60       604      571      368      624      243      412      537      305      512      694      305      818      763      328      236      456      185      840      606      395      328      424      0        780      406      248      606      285      676      623      850      147      520      87       
30       865      1027     188      1115     556      193      736      226      791      635      719      756      989      244      806      275      592      716      581      24       672      630      628      954      139      784      489      821      497      780      0        396      872      477      494      941      849      459      730      1296     846      
31       635      639      243      735      577      279      375      198      482      267      454      470      601      188      417      188      609      330      503      385      292      343      480      590      490      676      309      435      344      406      396      0        476      474      139      635      547      483      335      909      460      
32       607      197      706      360      862      741      299      659      390      281      474      492      165      653      110      639      919      183      731      861      231      465      692      332      963      852      597      121      633      248      872      476      0        814      414      459      426      806      161      485      182      
33       1109     1009     517      899      963      311      546      508      949      717      929      439      975      347      808      318      137      743      932      453      721      371      208      716      424      312      217      832      182      606      477      474      814      0        427      1099     1014     860      655      1089     693      
34       716      599      369      620      713      335      245      326      533      295      533      332      563      254      387      232      550      316      630      478      295      207      378      464      562      573      223      409      262      285      494      139      414      427      0        678      597      621      255      802      352      
35       201      378      754      796      638      898      710      720      154      383      229      904      367      811      372      820      1227     386      500      942      389      832      1046     791      1070     1232     901      349      940      676      941      635      459      1099     678      0        92       639      535      863      633      
36       183      388      661      779      569      807      651      628      65       303      142      841      368      721      327      731      1144     322      428      850      316      761      970      753      978      1159     820      308      860      623      849      547      426      1014     597      92       0        560      477      865      589      
37       491      882      342      1144     103      553      836      353      527      525      419      954      849      516      702      549      993      623      152      475      576      826      937      1034     596      1127     765      703      793      850      459      483      806      860      621      639      560      0        731      1290     877      
38       640      354      575      416      802      587      174      529      424      225      477      369      320      501      172      485      762      157      685      717      182      317      543      310      812      714      437      197      474      147      730      335      161      655      255      535      477      731      0        579      146      
39       1048     484      1152     191      1347     1132     571      1106     847      764      945      654      498      1056     592      1032     1148     667      1215     1281     713      726      902      372      1360     980      896      597      919      520      1296     909      485      1089     802      863      865      1290     579      0        450      
40       762      362      704      275      948      686      147      658      543      368      610      320      338      607      262      584      781      288      830      830      321      324      542      169      914      686      481      283      511      87       846      460      182      693      352      633      589      877      146      450      0        
;



Table delta(i,j)                 Distance
         0        1        2        3        4        5        6        7        8        9        10       11       12       13       14       15       16       17       18       19       20       21       22       23       24       25       26       27       28       29       30       31       32       33       34       35       36       37       38       39       40       
0        0        5780     3460     6800     6590     3060     3050     3780     4790     1940     4190     3250     6390     6580     1810     1130     2140     1380     520      5470     3830     2880     4580     6520     6730     2560     4290     650      6110     5300     6270     710      2460     1480     4240     3740     5220     4460     3160     430      1310     
1        5780     0        248      311      82       662      361      310      819      417      164      434      445      139      671      465      474      524      532      500      247      724      197      539      499      322      326      515      176      783      303      514      685      671      256      409      662      303      344      555      451      
2        3460     248      0        463      331      512      126      256      691      234      132      211      518      362      423      240      227      332      296      505      58       551      119      584      570      116      309      290      268      688      426      277      507      424      113      208      602      303      112      332      235      
3        6800     311      463      0        295      615      589      302      716      485      331      675      181      193      828      576      671      570      651      301      496      699      479      282      224      459      258      616      486      642      56       638      673      812      529      667      497      236      576      642      553      
4        6590     82       331      295      0        727      442      368      876      493      241      513      453      102      754      546      557      599      613      529      328      793      272      552      504      403      373      596      208      832      303      596      755      753      331      485      703      348      425      634      531      
5        3060     662      512      615      727      0        541      360      184      279      505      593      496      682      476      319      494      200      334      364      568      89       630      463      509      396      372      296      766      224      559      343      87       436      622      632      249      398      544      271      306      
6        3050     361      126      589      442      541      0        359      725      272      259      86       634      484      329      227      123      342      253      605      114      560      182      692      684      177      417      267      329      740      551      235      515      340      131      99       675      416      16       307      235      
7        3780     310      256      302      368      360      359      0        509      184      173      443      283      324      535      279      404      270      352      249      311      431      341      333      329      189      59       315      443      475      248      342      397      515      363      455      364      68       351      340      254      
8        4790     819      691      716      876      184      725      509      0        460      670      777      565      818      637      503      676      384      513      426      748      197      807      500      560      576      505      477      937      112      664      524      234      595      802      817      241      531      728      449      490      
9        1940     417      234      485      493      279      272      184      460      0        253      338      452      477      355      100      262      107      170      378      288      319      352      479      492      117      237      131      494      469      432      162      276      333      342      369      409      252      272      157      75       
10       4190     164      132      331      241      505      259      173      670      253      0        344      398      244      531      306      350      360      376      407      169      563      176      474      451      164      211      356      271      645      295      359      522      525      211      338      538      197      245      394      291      
11       3250     434      211      675      513      593      86       443      777      338      344      0        720      563      299      273      112      392      277      687      188      601      243      776      770      256      501      303      374      802      637      261      556      320      184      52       747      501      99       339      288      
12       6390     445      518      181      453      496      634      283      565      452      398      720      0        357      808      553      687      509      623      139      565      585      571      101      54       472      223      581      619      479      152      615      569      784      610      726      331      219      624      596      527      
13       6580     139      362      193      102      682      484      324      818      477      244      563      357      0        775      546      589      580      618      445      375      755      334      458      407      406      313      593      303      764      205      602      721      769      392      543      629      287      468      629      527      
14       1810     671      423      828      754      476      329      535      637      355      531      299      808      775      0        256      206      319      185      724      437      440      510      829      846      373      591      229      658      700      778      193      404      42       460      351      702      604      345      224      281      
15       1130     465      240      576      546      319      227      279      503      100      306      273      553      546      256      0        178      119      74       477      283      333      356      580      592      143      334      50       508      531      525      62       288      236      330      314      491      348      233      92       25       
16       2140     474      227      671      557      494      123      404      676      262      350      112      687      589      206      178      0        295      167      634      233      495      304      730      733      216      464      198      452      709      626      153      450      219      254      163      668      469      139      231      199      
17       1380     524      332      570      599      200      342      270      384      107      360      392      509      580      319      119      295      0        145      411      382      221      451      516      541      217      313      102      597      414      515      150      176      286      434      432      388      333      347      94       107      
18       520      532      296      651      613      334      253      352      513      170      376      277      623      618      185      74       167      145      0        540      331      328      407      644      660      212      407      45       560      555      599      18       284      162      372      324      534      421      263      64       98       
19       5470     500      505      301      529      364      605      249      426      378      407      687      139      445      724      477      634      411      540      0        559      454      583      106      144      430      197      496      662      343      255      536      442      695      610      702      196      210      598      503      452      
20       3830     247      58       496      328      568      114      311      748      288      169      188      565      375      437      283      233      382      331      559      0        603      75       635      618      172      363      331      229      746      464      312      558      444      55       171      660      355      97       374      281      
21       2880     724      551      699      793      89       560      431      197      319      563      601      585      755      440      333      495      221      328      454      603      0        671      552      598      435      451      298      814      273      643      341      45       398      655      645      330      476      566      263      326      
22       4580     197      119      479      272      630      182      341      807      352      176      243      571      334      510      356      304      451      407      583      75       671      0        650      625      235      386      406      153      798      454      388      626      518      59       213      702      373      165      448      353      
23       6520     539      584      282      552      463      692      333      500      479      474      776      101      458      829      580      730      516      644      106      635      552      650      0        65       521      275      600      710      404      253      639      543      801      683      788      260      280      684      608      554      
24       6730     499      570      224      504      509      684      329      560      492      451      770      54       407      846      592      733      541      660      144      618      598      625      65       0        519      269      618      673      467      202      653      586      820      663      777      320      268      674      630      567      
25       2560     322      116      459      403      396      177      189      576      117      164      256      472      406      373      143      216      217      212      430      172      435      235      521      519      0        249      193      379      577      413      195      391      363      226      276      501      253      172      232      130      
26       4290     326      309      258      373      372      417      59       505      237      211      501      223      313      591      334      464      313      407      197      363      451      386      275      269      249      0        368      475      458      202      397      421      570      413      512      335      26       408      389      309      
27       650      515      290      616      596      296      267      315      477      131      356      303      581      593      229      50       198      102      45       496      331      298      406      600      618      193      368      0        558      515      563      48       253      203      377      347      490      383      275      42       66       
28       6110     176      268      486      208      766      329      443      937      494      271      374      619      303      658      508      452      597      560      662      229      814      153      710      673      379      475      558      0        916      479      541      770      669      198      333      807      455      313      600      503      
29       5300     783      688      642      832      224      740      475      112      469      645      802      479      764      700      531      709      414      555      343      746      273      798      404      467      577      458      515      916      0        593      563      299      660      801      836      147      483      741      494      514      
30       6270     303      426      56       303      559      551      248      664      432      295      637      152      205      778      525      626      515      599      255      464      643      454      253      202      413      202      563      479      593      0        587      617      761      501      633      449      181      538      588      501      
31       710      514      277      638      596      343      235      342      524      162      359      261      615      602      193      62       153      150      18       536      312      341      388      639      653      195      397      48       541      563      587      0        296      174      353      308      537      410      245      77       87       
32       2460     685      507      673      755      87       515      397      234      276      522      556      569      721      404      288      450      176      284      442      558      45       626      543      586      391      421      253      770      299      617      296      0        362      610      600      337      446      521      219      281      
33       1480     671      424      812      753      436      340      515      595      333      525      320      784      769      42       236      219      286      162      695      444      398      518      801      820      363      570      203      669      660      761      174      362      0        471      373      666      584      355      192      260      
34       4240     256      113      529      331      622      131      363      802      342      211      184      610      392      460      330      254      434      372      610      55       655      59       683      663      226      413      377      198      801      501      353      610      471      0        153      715      404      115      419      331      
35       3740     409      208      667      485      632      99       455      817      369      338      52       726      543      351      314      163      432      324      702      171      645      213      788      777      276      512      347      333      836      633      308      600      373      153      0        774      509      104      385      326      
36       5220     662      602      497      703      249      675      364      241      409      538      747      331      629      702      491      668      388      534      196      660      330      702      260      320      501      335      490      807      147      449      537      337      666      715      774      0        358      673      480      469      
37       4460     303      303      236      348      398      416      68       531      252      197      501      219      287      604      348      469      333      421      210      355      476      373      280      268      253      26       383      455      483      181      410      446      584      404      509      358      0        406      407      323      
38       3160     344      112      576      425      544      16       351      728      272      245      99       624      468      345      233      139      347      263      598      97       566      165      684      674      172      408      275      313      741      538      245      521      355      115      104      673      406      0        316      240      
39       430      555      332      642      634      271      307      340      449      157      394      339      596      629      224      92       231      94       64       503      374      263      448      608      630      232      389      42       600      494      588      77       219      192      419      385      480      407      316      0        103      
40       1310     451      235      553      531      306      235      254      490      75       291      288      527      527      281      25       199      107      98       452      281      326      353      554      567      130      309      66       503      514      501      87       281      260      331      326      469      323      240      103      0        
;

