
sets
i        orders          /0*40/
k        routes          /1*40/
p        positions       /0*40/
;

alias(i,j)
alias(i,h)
alias(i,hh)
alias(i,jj)
alias(k,kk)
                
                    Parameters

rho(i)	Processing time
/
0	0
1	52
2	82
3	20
4	42
5	34
6	51
7	26
8	46
9	96
10	45
11	32
12	2
13	77
14	35
15	16
16	75
17	93
18	3
19	60
20	98
21	99
22	72
23	74
24	83
25	66
26	26
27	66
28	17
29	88
30	28
31	44
32	18
33	47
34	42
35	87
36	12
37	22
38	44
39	53
40	1
/

gamma(i)	Duedate
/
0	0
1	13
2	18
3	6
4	34
5	87
6	33
7	17
8	28
9	86
10	95
11	13
12	99
13	86
14	61
15	2
16	51
17	66
18	81
19	12
20	20
21	61
22	43
23	98
24	89
25	16
26	69
27	57
28	77
29	93
30	79
31	30
32	44
33	58
34	90
35	5
36	11
37	92
38	10
39	15
40	86
/

sigma(i)	Size
/
0	0
1	4
2	5
3	3
4	9
5	9
6	6
7	9
8	7
9	3
10	5
11	6
12	8
13	7
14	2
15	8
16	7
17	1
18	5
19	4
20	6
21	8
22	7
23	5
24	6
25	2
26	3
27	9
28	3
29	7
30	3
31	6
32	2
33	7
34	3
35	5
36	3
37	5
38	6
39	9
40	5
/

epsilon(i)	Priority
/
0	0
1	9
2	4
3	8
4	2
5	1
6	1
7	1
8	5
9	3
10	3
11	3
12	8
13	7
14	6
15	7
16	1
17	6
18	1
19	3
20	6
21	6
22	8
23	9
24	2
25	7
26	2
27	3
28	2
29	9
30	5
31	2
32	8
33	4
34	5
35	7
36	5
37	4
38	8
39	4
40	6
/

psi	Vehicle Capacity
/ 41 /
;

Table kappa(i,j)                 Setup
         0        1        2        3        4        5        6        7        8        9        10       11       12       13       14       15       16       17       18       19       20       21       22       23       24       25       26       27       28       29       30       31       32       33       34       35       36       37       38       39       40       
0        0        653      655      230      286      797      296      220      166      317      577      423      604      163      318      524      582      725      733      539      376      715      309      539      509      791      430      993      609      445      169      242      342      543      374      506      525      298      519      405      640      
1        653      0        64       882      629      681      818      842      669      826      1208     327      825      495      652      140      99       955      672      694      500      643      492      508      930      539      226      354      502      556      626      866      440      879      1007     602      225      943      396      933      764      
2        655      64       0        881      603      619      841      853      687      850      1197     295      872      503      683      173      149      1005     613      647      538      583      466      457      964      475      243      382      445      600      645      857      473      919      998      650      275      938      346      957      713      
3        230      882      881      0        399      928      318      164      303      340      360      629      700      392      455      754      812      795      857      631      567      846      483      694      525      957      660      1223     768      618      335      108      552      599      168      667      752      82       703      372      719      
4        286      629      603      399      0        531      582      481      446      603      625      309      871      319      582      542      597      999      462      253      581      448      137      298      795      562      460      982      373      665      437      321      519      824      446      733      601      416      329      686      354      
5        797      681      619      928      531      0        1090     1008     936      1109     1087     475      1306     753      1033     705      727      1442     74       313      964      83       494      266      1289     171      687      938      213      1049     913      841      886      1294     945      1116     818      935      340      1202     268      
6        296      818      841      318      582      1090     0        154      162      22       640      676      385      363      201      678      727      477      1027     835      363      1008     596      827      219      1070     597      1114     894      374      199      413      391      281      478      402      627      394      792      119      936      
7        220      842      853      164      481      1008     154      0        187      176      495      642      539      349      314      705      760      631      941      732      451      925      527      755      363      1011     615      1164     827      486      229      262      455      435      324      527      679      240      740      218      828      
8        166      669      687      303      446      936      162      187      0        178      661      514      439      200      161      530      582      559      876      697      268      856      442      672      353      909      444      982      737      315      43       363      268      377      470      366      494      384      631      281      799      
9        317      826      850      340      603      1109     22       176      178      0        658      692      366      378      198      686      734      455      1047     857      363      1028     615      846      196      1087     607      1117     913      369      212      435      396      259      498      393      632      415      809      107      957      
10       577      1208     1197     360      625      1087     640      495      661      658      0        918      1023     739      808      1091     1149     1096     1013     774      927      1011     750      908      810      1164     996      1558     981      975      695      343      911      904      203      1021     1102     281      954      645      830      
11       423      327      295      629      309      475      676      642      514      692      918      0        836      314      577      272      316      973      436      382      490      409      172      228      850      405      222      677      263      574      480      586      412      838      725      640      366      674      135      795      467      
12       604      825      872      700      871      1306     385      539      439      366      1023     836      0        565      289      701      726      137      1256     1111     349      1232     832      1042     247      1238     661      1018     1094     273      437      786      426      137      863      223      600      779      971      392      1214     
13       163      495      503      392      319      753      363      349      200      378      739      314      565      0        282      363      420      698      698      547      262      675      267      487      540      713      270      831      547      345      166      400      206      541      536      413      362      461      435      482      650      
14       318      652      683      455      582      1033     201      314      161      198      808      577      289      282      0        513      555      418      980      823      166      957      549      768      282      983      445      925      825      174      149      524      212      261      624      213      444      537      708      295      926      
15       524      140      173      754      542      705      678      705      530      686      1091     272      701      363      513      0        58       835      682      654      365      653      412      490      793      588      94       469      504      428      487      747      301      746      888      480      116      819      381      792      738      
16       582      99       149      812      597      727      727      760      582      734      1149     316      726      420      555      58       0        857      709      697      401      680      464      525      832      600      152      411      533      457      539      805      343      780      946      503      126      877      414      840      778      
17       725      955      1005     795      999      1442     477      631      559      455      1096     973      137      698      418      835      857      0        1392     1242     487      1368     965      1178     288      1376     797      1129     1231     409      562      888      564      195      951      354      731      870      1108     452      1345     
18       733      672      613      857      462      74       1027     941      876      1047     1013     436      1256     698      980      682      709      1392     0        239      918      29       434      214      1230     209      654      951      178      1005     855      769      842      1239     871      1072     791      862      305      1138     199      
19       539      694      647      631      253      313      835      732      697      857      774      382      1111     547      823      654      697      1242     239      0        798      236      287      197      1048     403      596      1023     246      884      684      536      726      1073     634      953      744      629      302      939      103      
20       376      500      538      567      581      964      363      451      268      363      927      490      349      262      166      365      401      487      918      798      0        893      511      704      432      889      313      759      751      86       231      613      77       381      732      155      283      648      625      461      899      
21       715      643      583      846      448      83       1008     925      856      1028     1011     409      1232     675      957      653      680      1368     29       236      893      0        413      189      1209     190      626      923      149      979      833      759      816      1216     865      1046     762      853      276      1120     209      
22       309      492      466      483      137      494      596      527      442      615      750      172      832      267      549      412      464      965      434      287      511      413      0        231      795      483      335      846      300      597      420      426      439      805      561      666      481      518      219      710      388      
23       539      508      457      694      298      266      827      755      672      846      908      228      1042     487      768      490      525      1178     214      197      704      189      231      0        1023     264      450      828      75       791      647      619      628      1028     740      858      592      714      112      942      256      
24       509      930      964      525      795      1289     219      363      353      196      810      850      247      540      282      793      832      288      1230     1048     432      1209     795      1023     0        1253     727      1181     1086     396      376      626      491      110      673      385      715      595      975      165      1149     
25       791      539      475      957      562      171      1070     1011     909      1087     1164     405      1238     713      983      588      600      1376     209      403      889      190      483      264      1253     0        589      771      189      971      879      883      812      1244     1002     1035     704      978      278      1187     397      
26       430      226      243      660      460      687      597      615      444      607      996      222      661      270      445      94       152      797      654      596      313      626      335      450      727      589      0        563      477      388      402      653      240      690      793      448      148      724      349      713      686      
27       993      354      382      1223     982      938      1114     1164     982      1117     1558     677      1018     831      925      469      411      1129     951      1023     759      923      846      828      1181     771      563      0        802      785      938      1215     722      1107     1356     806      487      1288     721      1219     1080     
28       609      502      445      768      373      213      894      827      737      913      981      263      1094     547      825      504      533      1231     178      246      751      149      300      75       1086     189      477      802      0        836      710      694      673      1086     815      903      613      789      128      1010     280      
29       445      556      600      618      665      1049     374      486      315      369      975      574      273      345      174      428      457      409      1005     884      86       979      597      791      396      971      388      785      836      0        286      674      163      327      785      68       332      699      710      456      986      
30       169      626      645      335      437      913      199      229      43       212      695      480      437      166      149      487      539      562      855      684      231      833      420      647      376      879      402      938      710      286      0        387      225      388      501      342      451      416      601      318      787      
31       242      866      857      108      321      841      413      262      363      435      343      586      786      400      524      747      805      888      769      536      613      759      426      619      626      883      653      1215     694      674      387      0        584      694      141      729      762      95       642      477      620      
32       342      440      473      552      519      886      391      455      268      396      911      412      426      206      212      301      343      564      842      726      77       816      439      628      491      812      240      722      673      163      225      584      0        450      711      230      236      629      548      499      827      
33       543      879      919      599      824      1294     281      435      377      259      904      838      137      541      261      746      780      195      1239     1073     381      1216     805      1028     110      1244     690      1107     1086     327      388      694      450      0        755      301      657      674      969      263      1175     
34       374      1007     998      168      446      945      478      324      470      498      203      725      863      536      624      888      946      951      871      634      732      865      561      740      673      1002     793      1356     815      785      501      141      711      755      0        835      899      86       773      511      706      
35       506      602      650      667      733      1116     402      527      366      393      1021     640      223      413      213      480      503      354      1072     953      155      1046     666      858      385      1035     448      806      903      68       342      729      230      301      835      0        377      749      776      469      1055     
36       525      225      275      752      601      818      627      679      494      632      1102     366      600      362      444      116      126      731      791      744      283      762      481      592      715      704      148      487      613      332      451      762      236      657      899      377      0        824      487      735      833      
37       298      943      938      82       416      935      394      240      384      415      281      674      779      461      537      819      877      870      862      629      648      853      518      714      595      978      724      1288     789      699      416      95       629      674      86       749      824      0        735      436      710      
38       519      396      346      703      329      340      792      740      631      809      954      135      971      435      708      381      414      1108     305      302      625      276      219      112      975      278      349      721      128      710      601      642      548      969      773      776      487      735      0        910      368      
39       405      933      957      372      686      1202     119      218      281      107      645      795      392      482      295      792      840      452      1138     939      461      1120     710      942      165      1187     713      1219     1010     456      318      477      499      263      511      469      735      436      910      0        1038     
40       640      764      713      719      354      268      936      828      799      957      830      467      1214     650      926      738      778      1345     199      103      899      209      388      256      1149     397      686      1080     280      986      787      620      827      1175     706      1055     833      710      368      1038     0        
;



Table delta(i,j)                 Distance
         0        1        2        3        4        5        6        7        8        9        10       11       12       13       14       15       16       17       18       19       20       21       22       23       24       25       26       27       28       29       30       31       32       33       34       35       36       37       38       39       40       
0        0        2780     3520     430      2620     6520     3910     2630     3230     4340     1370     5790     3210     4940     6520     3030     3050     3380     1760     7040     2970     3130     5600     1750     2420     6930     2720     2000     1830     2710     2150     6460     2030     1750     5070     4570     5360     4360     5290     4420     4710     
1        2780     0        560      239      453      926      530      273      48       693      413      746      406      711      928      489      467      416      146      983      573      388      825      131      251      972      550      408      240      548      207      923      475      311      766      573      813      690      699      695      716      
2        3520     560      0        391      106      458      141      335      587      524      262      234      651      151      481      75       595      237      515      580      356      648      329      429      342      564      322      157      324      260      566      568      227      514      259      204      486      542      765      187      595      
3        430      239      391      0        296      695      419      263      285      462      181      613      302      535      694      337      302      355      132      744      334      292      604      149      240      734      311      236      183      313      175      684      246      157      551      483      573      462      532      485      494      
4        2620     453      106      296      0        537      140      236      481      521      205      316      576      258      554      40       534      168      415      644      348      571      414      322      240      628      311      62       218      258      471      617      197      433      346      213      524      535      726      271      586      
5        6520     926      458      695      537      0        592      770      966      428      514      529      811      375      43       525      705      694      824      160      397      820      131      804      769      142      402      548      731      382      838      213      450      731      200      638      235      452      739      271      494      
6        3910     530      141      419      140      592      0        267      547      651      346      217      710      240      618      110      673      130      523      720      478      703      461      406      283      703      443      200      291      384      588      709      333      566      391      73       627      667      867      323      718      
7        2630     273      335      263      236      770      267      0        283      670      325      484      558      481      784      260      565      145      311      865      508      546      650      168      25       850      474      223      80       441      388      827      363      418      582      302      724      678      792      507      720      
8        3230     48       587      285      481      966      547      283      0        741      455      764      451      739      970      515      515      428      195      1027     619      432      863      163      264      1016     595      440      264      591      253      969      517      359      802      585      859      739      746      730      765      
9        4340     693      524      462      521      428      651      670      741      0        346      729      430      570      400      542      314      680      554      378      173      443      431      609      655      377      209      482      598      266      531      290      325      406      435      722      200      24       312      430      76       
10       1370     413      262      181      205      514      346      325      455      346      0        497      391      385      515      239      333      342      312      573      183      389      423      298      312      561      151      150      257      135      339      520      65       261      373      419      412      355      521      312      400      
11       5790     746      234      613      316      529      217      484      764      729      497      0        885      167      565      276      829      342      728      681      573      882      404      620      500      663      542      378      506      478      788      699      460      746      347      195      644      750      993      311      804      
12       3210     406      651      302      576      811      710      558      451      430      391      885      0        775      795      615      116      656      271      800      416      19       762      407      534      796      421      513      481      466      199      717      442      145      730      778      615      414      304      683      412      
13       4940     711      151      535      258      375      240      481      739      570      385      167      775      0        408      224      705      364      662      522      423      775      245      580      490      504      396      306      475      333      709      533      334      646      183      270      476      592      847      144      646      
14       6520     928      481      694      554      43       618      784      970      400      515      565      795      408      0        545      686      715      821      118      385      804      162      809      781      100      394      560      741      381      832      171      453      721      228      666      203      424      709      294      462      
15       3030     489      75       337      40       525      110      260      515      542      239      276      615      224      545      0        570      169      455      639      369      610      399      359      267      623      333      102      251      276      512      619      223      473      329      183      530      557      758      255      608      
16       3050     467      595      302      534      705      673      565      515      314      333      829      116      705      686      570      0        641      321      686      316      131      664      435      542      683      327      473      484      380      266      601      372      159      639      745      502      298      235      599      297      
17       3380     416      237      355      168      694      130      145      428      680      342      342      656      364      715      169      641      0        435      809      508      647      566      302      165      793      471      197      190      423      508      786      354      511      496      157      692      692      854      423      740      
18       1760     146      515      132      415      824      523      311      195      554      312      728      271      662      821      455      321      435      0        865      449      254      736      145      286      855      431      358      245      441      78       799      377      164      684      580      688      550      555      618      573      
19       7040     983      580      744      644      160      720      865      1027     378      573      681      800      522      118      639      686      809      865      0        416      812      277      871      860      18       434      641      814      437      865      93       515      747      339      773      185      399      670      398      427      
20       2970     573      356      334      348      397      478      508      619      173      183      573      416      423      385      369      316      508      449      416      0        423      347      471      496      407      36       310      441      96       450      350      153      335      326      550      239      188      424      296      240      
21       3130     388      648      292      571      820      703      546      432      443      389      882      19       775      804      610      131      647      254      812      423      0        767      392      521      807      426      508      469      469      181      729      442      137      734      771      627      429      324      686      428      
22       5600     825      329      604      414      131      461      650      863      431      423      404      762      245      162      399      664      566      736      277      347      767      0        699      651      259      341      432      617      303      760      301      358      663      70       506      274      456      741      143      505      
23       1750     131      429      149      322      804      406      168      163      609      298      620      407      580      809      359      435      302      145      871      471      392      699      0        143      858      444      278      115      433      223      817      357      278      638      455      708      610      670      566      643      
24       2420     251      342      240      240      769      283      25       264      655      312      500      534      490      781      267      542      165      286      860      496      521      651      143      0        845      462      221      59       432      362      819      353      394      584      322      716      662      771      509      703      
25       6930     972      564      734      628      142      703      850      1016     377      561      663      796      504      100      623      683      793      855      18       407      807      259      858      845      0        424      626      801      425      857      97       502      739      321      756      180      398      672      381      428      
26       2720     550      322      311      311      402      443      474      595      209      151      542      421      396      394      333      327      471      431      434      36       426      341      444      462      424      0        274      408      63       437      373      117      328      312      515      264      224      451      275      275      
27       2000     408      157      236      62       548      200      223      440      482      150      378      513      306      560      102      473      197      358      641      310      508      432      278      221      626      274      0        185      228      411      606      157      371      367      271      507      494      671      293      543      
28       1830     240      324      183      218      731      291      80       264      598      257      506      481      475      741      251      484      190      245      814      441      469      617      115      59       801      408      185      0        382      319      770      303      339      553      340      665      604      712      478      644      
29       2710     548      260      313      258      382      384      441      591      266      135      478      466      333      381      276      380      423      441      437      96       469      303      433      432      425      63       228      382      0        458      388      79       359      265      455      283      283      515      219      335      
30       2150     207      566      175      471      838      588      388      253      531      339      788      199      709      832      512      266      508      78       865      450      181      760      223      362      857      437      411      319      458      0        793      404      125      713      649      684      524      494      651      540      
31       6460     923      568      684      617      213      709      827      969      290      520      699      717      533      171      619      601      786      799      93       350      729      301      817      819      97       373      606      770      388      793      0        467      672      352      768      110      309      577      397      334      
32       2030     475      227      246      197      450      333      363      517      325      65       460      442      334      453      223      372      354      377      515      153      442      358      357      353      502      117      157      303      79       404      467      0        319      308      406      362      338      539      249      388      
33       1750     311      514      157      433      731      566      418      359      406      261      746      145      646      721      473      159      511      164      747      335      137      663      278      394      739      328      371      339      359      125      672      319      0        622      633      563      398      394      568      415      
34       5070     766      259      551      346      200      391      582      802      435      373      347      730      183      228      329      639      496      684      339      326      734      70       638      584      321      312      367      553      265      713      352      308      622      0        438      305      459      737      74       511      
35       4570     573      204      483      213      638      73       302      585      722      419      195      778      270      666      183      745      157      580      773      550      771      506      455      322      756      515      271      340      455      649      768      406      633      438      0        690      738      940      375      790      
36       5360     813      486      573      524      235      627      724      859      200      412      644      615      476      203      530      502      692      688      185      239      627      274      708      716      180      264      507      665      283      684      110      362      563      305      690      0        223      506      333      259      
37       4360     690      542      462      535      452      667      678      739      24       355      750      414      592      424      557      298      692      550      399      188      429      456      610      662      398      224      494      604      283      524      309      338      398      459      738      223      0        288      453      54       
38       5290     699      765      532      726      739      867      792      746      312      521      993      304      847      709      758      235      854      555      670      424      324      741      670      771      672      451      671      712      515      494      577      539      394      737      940      506      288      0        719      246      
39       4420     695      187      485      271      271      323      507      730      430      312      311      683      144      294      255      599      423      618      398      296      686      143      566      509      381      275      293      478      219      651      397      249      568      74       375      333      453      719      0        507      
40       4710     716      595      494      586      494      718      720      765      76       400      804      412      646      462      608      297      740      573      427      240      428      505      643      703      428      275      543      644      335      540      334      388      415      511      790      259      54       246      507      0        
;

