

sets
i        orders          /0*20/
k        routes          /1*20/
p        positions       /0*20/
;

alias(i,j)
alias(i,h)
alias(i,hh)
alias(i,jj)
alias(k,kk)
                            Parameters

rho(i)	Processing time
/
0	0
1	60
2	71
3	91
4	89
5	38
6	2
7	37
8	22
9	16
10	22
11	95
12	23
13	95
14	3
15	99
16	65
17	38
18	37
19	20
20	7
/

gamma(i)	Duedate
/
0	0
1	65
2	23
3	77
4	71
5	65
6	74
7	69
8	70
9	27
10	42
11	38
12	30
13	38
14	24
15	39
16	66
17	49
18	18
19	81
20	55
/

sigma(i)	Size
/
0	0
1	6
2	1
3	8
4	4
5	2
6	2
7	4
8	1
9	1
10	9
11	3
12	6
13	6
14	8
15	4
16	4
17	6
18	7
19	9
20	7
/

epsilon(i)	Priority
/
0	0
1	2
2	2
3	2
4	4
5	5
6	2
7	7
8	4
9	6
10	3
11	6
12	6
13	9
14	4
15	9
16	9
17	3
18	9
19	6
20	6
/

psi	Vehicle Capacity
/ 11 /
;

Table kappa(i,j)                 Setup
         0        1        2        3        4        5        6        7        8        9        10       11       12       13       14       15       16       17       18       19       20       
0        0        56       64       86       182      73       114      48       65       206      58       195      93       103      51       112      136      97       199      93       104      
1        56       0        30       78       126      119      110      51       61       150      52       145      111      121      32       70       80       86       180      109      77       
2        64       30       0        49       123      110      80       32       90       149      81       130      88       97       61       48       84       116      150      85       48       
3        86       78       49       0        150      94       32       38       133      175      124      138      47       53       106      61       121      162      113      42       33       
4        182      126      123      150      0        234      166      155      169      25       163      56       198      203      147      89       47       174      176      193      119      
5        73       119      110      94       234      0        105      78       137      259      131      231      62       68       124      149      194      168      191      67       126      
6        114      110      80       32       166      105      0        68       165      190      156      143      45       44       138      80       144      194      87       39       48       
7        48       51       32       38       155      78       68       0        98       181      89       157      60       70       72       73       116      128      151      58       58       
8        65       61       90       133      169      137      165      98       0        190      9        200      154      165      29       130      121      32       241      153      138      
9        206      150      149      175      25       259      190      181      190      0        185      66       223      228      170      114      70       192      193      218      144      
10       58       52       81       124      163      131      156      89       9        185      0        193      145      156      20       122      115      39       232      145      129      
11       195      145      130      138      56       231      143      157      200      66       193      0        183      186      174      83       86       212      129      178      105      
12       93       111      88       47       198      62       45       60       154      223      145      183      0        10       131      109      167      185      129      5        79       
13       103      121      97       53       203      68       44       70       165      228      156      186      10       0        142      114      174      196      123      12       83       
14       51       32       61       106      147      124      138      72       29       170      20       174      131      142      0        101      99       56       212      130      109      
15       112      70       48       61       89       149      80       73       130      114      122      83       109      114      101      0        65       151      120      104      31       
16       136      80       84       121      47       194      144      116      121      70       115      86       167      174      99       65       0        128      178      163      96       
17       97       86       116      162      174      168      194      128      32       192      39       212      185      196      56       151      128      0        266      185      163      
18       199      180      150      113      176      191      87       151      241      193      232      129      129      123      212      120      178      266      0        124      103      
19       93       109      85       42       193      67       39       58       153      218      145      178      5        12       130      104      163      185      124      0        74       
20       104      77       48       33       119      126      48       58       138      144      129      105      79       83       109      31       96       163      103      74       0        
;



Table delta(i,j)                 Distance
         0        1        2        3        4        5        6        7        8        9        10       11       12       13       14       15       16       17       18       19       20       
0        0        1270     1530     940      910      740      1410     1520     830      1160     1530     1410     1000     1270     1010     1420     490      1070     230      200      830      
1        1270     0        72       123      35       84       17       113      57       101      61       29       123      41       65       63       135      37       144      106      82       
2        1530     72       0        184      82       142      60       51       116      169      130      98       94       113      52       135      136      105      175      135      73       
3        940      123      184      0        101      42       140      207      67       37       106      115      176      93       145      91       140      86       89       88       141      
4        910      35       82       101      0        59       49       111      34       89       78       54       101      50       51       74       103      31       110      71       58       
5        740      84       142      42       59       0        101      165      27       44       85       84       138      63       103      72       112      50       80       60       100      
6        1410     17       60       140      49       101      0        107      74       117      70       37       125      55       67       75       145      54       159      120      87       
7        1520     113      51       207      111      165      107      0        143      200      175      142      63       153      61       176      119      140      175      138      70       
8        830      57       116      67       34       27       74       143      0        57       70       60       125      43       82       60       111      25       96       65       84       
9        1160     101      169      37       89       44       117      200      57       0        71       87       180      64       139      56       156      64       117      104      141      
10       1530     61       130      106      78       85       70       175      70       71       0        32       179      28       123      14       178      49       164      135      136      
11       1410     29       98       115      54       84       37       142      60       87       32       0        150      23       94       38       157      35       156      121      109      
12       1000     123      94       176      101      138      125      63       125      180      179      150      0        152      58       175      59       133      122      92       42       
13       1270     41       113      93       50       63       55       153      43       64       28       23       152      0        98       23       150      21       139      108      109      
14       1010     65       52       145      51       103      67       61       82       139      123      94       58       98       0        122      86       82       123      83       22       
15       1420     63       135      91       74       72       75       176      60       56       14       38       175      23       122      0        170      42       152      125      132      
16       490      135      136      140      103      112      145      119      111      156      178      157      59       150      86       170      0        128      67       52       63       
17       1070     37       105      86       31       50       54       140      25       64       49       35       133      21       82       42       128      0        121      88       90       
18       230      144      175      89       110      80       159      175      96       117      164      156      122      139      123      152      67       121      0        40       106      
19       200      106      135      88       71       60       120      138      65       104      135      121      92       108      83       125      52       88       40       0        68       
20       830      82       73       141      58       100      87       70       84       141      136      109      42       109      22       132      63       90       106      68       0        
;

