

sets
i        orders          /0*80/
k        routes          /1*80/
p        positions       /0*80/
;

alias(i,j)
alias(i,h)
alias(i,hh)
alias(i,jj)
alias(k,kk)
                            Parameters

rho(i)	Processing time
/
0	0
1	94
2	83
3	77
4	18
5	46
6	65
7	21
8	91
9	45
10	89
11	17
12	73
13	30
14	76
15	22
16	59
17	25
18	55
19	27
20	16
21	71
22	66
23	95
24	27
25	19
26	56
27	74
28	79
29	22
30	42
31	37
32	5
33	37
34	54
35	27
36	2
37	20
38	4
39	10
40	69
41	61
42	10
43	30
44	54
45	65
46	44
47	82
48	62
49	34
50	5
51	80
52	84
53	93
54	97
55	97
56	7
57	87
58	36
59	62
60	86
61	92
62	12
63	33
64	83
65	55
66	44
67	72
68	32
69	5
70	37
71	71
72	17
73	64
74	36
75	84
76	27
77	30
78	81
79	84
80	68
/

gamma(i)	Duedate
/
0	0
1	57
2	37
3	17
4	20
5	57
6	27
7	34
8	47
9	70
10	49
11	61
12	84
13	4
14	52
15	67
16	98
17	50
18	51
19	35
20	27
21	80
22	19
23	39
24	64
25	94
26	43
27	41
28	81
29	51
30	65
31	97
32	96
33	49
34	68
35	54
36	30
37	80
38	80
39	66
40	15
41	44
42	96
43	79
44	72
45	7
46	52
47	83
48	21
49	90
50	30
51	10
52	74
53	60
54	70
55	31
56	84
57	62
58	27
59	87
60	9
61	96
62	72
63	57
64	53
65	41
66	79
67	26
68	88
69	22
70	36
71	25
72	14
73	73
74	58
75	57
76	66
77	46
78	41
79	20
80	97
/

sigma(i)	Size
/
0	0
1	5
2	9
3	8
4	5
5	1
6	9
7	8
8	2
9	9
10	5
11	2
12	6
13	7
14	4
15	4
16	7
17	6
18	3
19	9
20	8
21	9
22	2
23	6
24	9
25	6
26	9
27	1
28	6
29	3
30	2
31	1
32	3
33	7
34	9
35	4
36	6
37	7
38	1
39	8
40	9
41	5
42	9
43	9
44	4
45	8
46	7
47	3
48	3
49	7
50	4
51	3
52	3
53	4
54	7
55	8
56	3
57	9
58	2
59	6
60	7
61	2
62	5
63	6
64	1
65	6
66	3
67	6
68	5
69	1
70	9
71	3
72	5
73	5
74	9
75	5
76	3
77	8
78	2
79	7
80	5
/

epsilon(i)	Priority
/
0	0
1	1
2	5
3	6
4	1
5	5
6	5
7	6
8	2
9	6
10	2
11	6
12	5
13	5
14	6
15	2
16	5
17	3
18	9
19	5
20	2
21	2
22	9
23	3
24	3
25	5
26	8
27	2
28	1
29	9
30	9
31	3
32	8
33	9
34	6
35	5
36	2
37	9
38	6
39	1
40	7
41	6
42	3
43	3
44	7
45	9
46	1
47	9
48	5
49	3
50	4
51	7
52	3
53	5
54	5
55	7
56	3
57	8
58	6
59	3
60	8
61	2
62	6
63	3
64	5
65	3
66	4
67	7
68	4
69	4
70	3
71	2
72	1
73	3
74	4
75	9
76	1
77	8
78	9
79	4
80	8
/

psi	Vehicle Capacity
/ 138 /
;

Table kappa(i,j)                 Setup
         0        1        2        3        4        5        6        7        8        9        10       11       12       13       14       15       16       17       18       19       20       21       22       23       24       25       26       27       28       29       30       31       32       33       34       35       36       37       38       39       40       41       42       43       44       45       46       47       48       49       50       51       52       53       54       55       56       57       58       59       60       61       62       63       64       65       66       67       68       69       70       71       72       73       74       75       76       77       78       79       80       
0        0        436      564      88       343      633      624      520      698      128      245      295      331      486      651      326      375      412      427      495      402      456      291      619      152      479      277      100      309      774      416      187      266      309      125      359      358      441      297      103      566      67       277      197      416      261      68       248      134      412      417      342      535      478      643      168      261      639      339      282      297      177      497      81       759      320      520      629      194      125      221      326      503      293      384      179      386      624      624      490      714      
1        436      0        154      400      116      479      216      338      483      322      401      610      329      423      566      398      208      25       178      59       581      660      618      230      468      454      285      500      219      612      241      349      334      673      537      354      79       490      340      412      283      370      197      453      118      233      372      455      562      691      152      575      385      43       211      302      420      225      542      662      621      306      567      354      566      115      378      218      306      495      618      223      613      606      301      380      98       540      523      608      291      
2        564      154      0        513      221      407      230      286      383      440      470      688      482      403      510      551      241      178      181      110      620      698      699      265      616      443      440      640      373      520      383      500      488      762      651      506      228      499      494      556      190      503      350      538      261      387      506      526      681      750      294      729      335      118      168      448      485      226      595      757      701      454      570      485      466      256      335      66       403      638      723      280      624      684      449      531      251      488      466      623      254      
3        88       400      513      0        295      547      603      439      614      79       157      248      371      399      562      381      304      379      361      458      325      386      249      605      234      390      306      188      321      687      431      235      309      286      138      401      328      354      340      174      494      94       276      119      405      272      102      166      168      359      413      424      450      441      612      191      173      617      264      268      255      205      412      89       673      289      436      577      118      213      219      255      421      246      414      238      370      535      536      409      688      
4        343      116      221      295      0        424      332      281      450      219      285      494      331      337      496      390      117      103      123      167      468      547      503      344      405      363      270      420      217      567      287      301      313      559      433      363      80       387      329      341      266      282      171      338      185      206      286      339      461      575      214      543      321      151      323      240      304      341      427      550      506      250      465      264      529      67       311      286      192      422      509      115      507      491      326      330      147      468      455      502      406      
5        633      479      407      547      424      0        637      144      95       519      402      562      753      154      110      806      311      488      307      481      405      458      578      670      759      182      687      733      641      145      708      691      725      650      645      785      498      257      746      689      217      603      592      480      592      623      611      432      686      556      625      931      105      476      574      623      397      634      424      666      575      638      280      585      127      492      118      412      444      752      666      342      336      558      750      713      560      97       72       345      656      
6        624      216      230      603      332      637      0        509      612      524      617      824      410      615      737      479      415      230      371      175      796      875      831      40       618      652      402      670      338      750      279      493      446      883      736      419      276      696      437      576      420      557      351      667      211      377      556      671      756      907      221      673      558      188      84       467      636      20       758      870      835      465      771      544      695      315      556      247      519      656      823      437      821      821      353      522      237      713      693      817      96       
7        520      338      286      439      281      144      509      0        180      398      315      511      611      128      230      666      171      345      163      345      388      457      525      539      634      171      546      618      498      286      563      556      585      597      554      643      354      242      605      564      113      482      449      397      448      482      489      359      594      535      482      799      49       338      454      489      318      508      384      605      525      503      301      463      252      348      49       307      327      633      593      207      358      507      606      580      416      205      186      361      541      
8        698      483      383      614      450      95       612      180      0        578      479      651      781      239      190      839      348      496      327      472      499      553      667      648      814      273      719      796      667      138      721      735      760      739      722      812      515      349      779      744      200      662      621      559      600      655      669      514      762      650      634      979      164      471      541      668      476      606      515      753      665      682      376      643      84       517      179      373      505      813      750      387      432      647      771      760      572      186      162      440      618      
9        128      322      440      79       219      519      524      398      578      0        172      318      317      381      550      339      246      300      298      379      365      433      321      526      239      381      248      221      251      664      361      197      260      363      215      350      249      360      291      170      438      84       203      170      326      204      92       203      242      422      336      419      418      363      533      138      193      538      306      347      326      154      428      66       643      209      403      504      75       235      299      199      447      315      353      209      291      522      519      436      609      
10       245      401      470      157      285      402      617      315      479      172      0        218      486      249      407      512      231      387      292      449      198      273      229      629      391      235      416      345      407      538      512      369      432      295      243      519      350      196      462      327      395      240      353      81       449      365      249      55       284      290      468      579      315      433      603      310      22       626      146      296      230      326      258      227      530      314      300      525      116      371      278      190      275      214      516      379      409      381      384      264      688      
11       295      610      688      248      494      562      824      511      651      318      218      0        617      412      528      620      449      593      510      661      178      191      17       832      438      379      555      359      568      675      678      477      554      88       192      647      550      307      585      398      604      337      521      157      640      520      343      163      222      118      653      621      497      645      817      439      205      835      138      108      14       453      317      336      684      512      483      743      305      396      137      408      291      4        663      473      602      508      520      276      900      
12       331      329      482      371      331      753      410      611      781      317      486      617      0        647      814      71       441      307      454      374      682      750      616      386      246      661      71       324      115      897      131      144      66       640      457      33       271      660      37       239      593      280      161      484      226      132      274      520      456      730      199      263      648      364      467      180      508      430      623      614      622      165      733      282      861      264      637      543      373      296      552      416      759      615      64       160      231      786      776      749      506      
13       486      423      403      399      337      154      615      128      239      381      249      412      647      0        170      692      220      424      247      443      269      333      428      641      620      44       577      587      541      288      624      565      609      500      492      680      417      118      634      551      241      463      488      326      521      514      472      278      533      419      551      799      93       433      569      498      243      617      277      514      426      514      173      447      281      400      83       432      305      609      512      231      230      408      655      584      484      142      138      233      657      
14       651      566      510      562      496      110      737      230      190      550      407      528      814      170      0        861      378      571      389      575      356      394      545      768      788      172      745      751      706      149      783      736      779      615      642      848      573      225      803      720      322      632      654      476      673      682      641      424      683      500      705      969      181      568      677      669      396      735      389      636      541      684      217      615      175      561      187      519      475      775      647      397      265      524      819      755      638      28       44       277      762      
15       326      398      551      381      390      806      479      666      839      339      512      620      71       692      861      0        495      375      513      444      702      767      617      455      212      703      120      297      180      951      200      146      82       633      447      62       335      694      60       225      655      287      218      499      297      184      279      540      440      736      270      194      700      433      538      202      533      499      642      604      624      185      765      293      917      324      688      613      404      265      541      465      787      619      127      147      300      833      824      776      575      
16       375      208      241      304      117      311      415      171      348      246      231      449      441      220      378      495      0        205      61       240      385      464      460      436      472      248      375      467      330      456      405      387      414      525      435      474      197      282      434      403      191      327      280      303      300      311      333      286      471      510      330      631      206      227      385      320      244      421      355      523      462      334      359      308      423      183      195      294      186      477      495      49       406      445      441      412      263      350      337      402      473      
17       412      25       178      379      103      488      230      345      496      300      387      593      307      424      571      375      205      0        182      83       571      650      601      241      443      453      261      476      195      623      225      324      310      654      516      333      54       485      317      387      297      346      173      437      104      208      348      441      539      677      138      551      391      68       232      277      406      241      530      642      604      281      562      331      579      92       384      243      288      470      598      215      607      590      282      355      78       545      528      602      309      
18       427      178      181      361      123      307      371      163      327      298      292      510      454      247      389      513      61       182      0        196      440      518      522      395      513      281      393      516      340      447      400      418      435      587      494      485      190      326      452      446      147      374      295      365      285      329      380      347      528      569      318      662      208      186      333      354      305      374      413      585      523      366      401      356      407      190      201      232      243      523      556      108      451      506      445      446      252      362      346      449      422      
19       495      59       110      458      167      481      175      345      472      379      449      661      374      443      575      444      240      83       196      0        622      701      670      198      526      478      336      559      268      606      272      405      385      726      595      396      138      520      388      471      272      429      253      505      150      288      431      504      620      738      183      626      394      16       156      360      467      181      586      717      673      364      596      413      556      174      389      169      359      554      675      264      645      658      338      436      144      550      531      642      239      
20       402      581      620      325      468      405      796      388      499      365      198      178      682      269      356      702      385      571      440      622      0        79       195      812      554      228      612      489      605      505      711      556      625      261      338      715      540      151      656      499      495      418      552      206      642      563      427      162      376      151      664      744      361      608      771      503      176      803      62       286      190      519      141      410      521      507      350      665      315      522      311      358      114      175      714      562      603      339      355      99       859      
21       456      660      698      386      547      458      875      457      553      433      273      191      750      333      394      767      464      650      518      701      79       0        206      891      607      290      682      536      679      543      785      621      692      258      375      783      618      215      723      556      566      480      626      268      720      635      489      231      410      111      741      796      426      687      849      570      251      882      127      290      199      586      178      474      565      585      416      741      389      571      329      437      129      190      785      624      680      381      400      117      937      
22       291      618      699      249      503      578      831      525      667      321      229      17       616      428      545      617      460      601      522      670      195      206      0        838      432      395      554      351      570      692      680      475      552      72       183      646      556      324      584      394      617      335      524      164      645      522      342      175      211      126      657      613      512      654      826      439      217      843      155      91       7        453      334      336      700      518      499      754      312      388      123      418      308      20       663      470      607      525      537      293      909      
23       619      230      265      605      344      670      40       539      648      526      629      832      386      641      768      455      436      241      395      198      812      891      838      0        604      677      385      660      325      785      255      479      428      888      735      394      281      717      416      566      453      552      344      675      203      366      552      682      753      919      207      649      588      209      125      458      648      57       772      873      842      455      794      541      731      320      585      286      526      645      824      454      842      828      328      508      235      744      724      838      122      
24       152      468      616      234      405      759      618      634      814      239      391      438      246      620      788      212      472      443      513      526      554      607      432      604      0        617      220      86       279      903      364      125      185      435      250      263      389      587      209      69       660      156      274      349      409      243      147      399      235      556      397      190      656      511      657      167      408      637      492      403      439      162      647      173      882      359      642      682      314      52       339      428      655      437      310      96       392      760      758      642      714      
25       479      454      443      390      363      182      652      171      273      381      235      379      661      44       172      703      248      453      281      478      228      290      395      677      617      0        591      579      559      305      646      571      620      467      473      695      443      77       646      550      284      461      505      306      548      529      470      256      514      379      577      801      136      468      608      505      225      654      242      483      393      521      129      446      306      423      127      474      307      603      486      252      186      375      673      589      510      145      149      189      696      
26       277      285      440      306      270      687      402      546      719      248      416      555      71       577      745      120      375      261      393      336      612      682      554      385      220      591      0        287      68       832      145      99       48       583      403      105      218      588      59       194      535      220      98       417      199      64       214      451      407      665      181      289      582      324      449      115      438      421      554      558      560      101      662      218      797      204      570      503      302      265      498      348      688      552      108      125      192      717      708      678      498      
27       100      500      640      188      420      733      670      618      796      221      345      359      324      587      751      297      467      476      516      559      489      536      351      660      86       579      287      0        337      875      432      187      259      350      168      344      421      540      286      94       659      141      319      290      459      294      135      343      149      477      453      261      634      544      700      204      359      688      427      317      359      205      593      160      859      386      619      706      291      37       253      420      595      359      385      164      436      724      725      581      764      
28       309      219      373      321      217      641      338      498      667      251      407      568      115      541      706      180      330      195      340      268      605      679      570      325      279      559      68       337      0        784      110      154      116      606      433      145      156      565      121      242      478      246      55       421      132      48       242      448      443      673      117      357      537      256      382      141      429      357      551      584      575      134      641      239      747      150      526      436      290      319      527      309      673      565      114      184      124      678      667      664      434      
29       774      612      520      687      567      145      750      286      138      664      538      675      897      288      149      951      456      623      447      606      505      543      692      785      903      305      832      875      784      0        846      837      870      762      778      929      638      369      891      834      334      747      736      612      728      767      756      562      820      650      762      1077     251      604      679      769      530      744      536      782      688      784      367      730      61       634      264      511      588      895      790      487      414      671      892      859      698      167      156      426      756      
30       416      241      383      431      287      708      279      563      721      361      512      678      131      624      783      200      405      225      400      272      711      785      680      255      364      646      145      432      110      846      0        245      180      715      541      140      210      661      163      339      523      354      160      531      124      158      350      556      549      783      89       394      607      266      342      248      534      300      658      693      686      238      738      348      803      223      598      438      396      410      636      394      772      676      74       269      148      755      742      764      375      
31       187      349      500      235      301      691      493      556      735      197      369      477      144      565      736      146      387      324      418      405      556      621      475      479      125      571      99       187      154      837      245      0        78       496      312      171      272      556      109      96       565      141      152      353      284      119      134      394      312      592      272      244      585      391      532      67       389      511      496      469      481      53       625      147      808      246      572      566      266      166      407      350      644      475      201      31       268      707      701      632      588      
32       266      334      488      309      313      725      446      585      760      260      432      554      66       609      779      82       414      310      435      385      625      692      552      428      185      620      48       259      116      870      180      78       0        575      390      93       265      613      31       172      579      217      143      424      246      107      210      463      390      667      227      241      619      373      496      122      454      466      566      548      558      106      684      219      837      249      607      552      322      233      486      383      707      552      125      94       241      750      742      696      543      
33       309      673      762      286      559      650      883      597      739      363      295      88       640      500      615      633      525      654      587      726      261      258      72       888      435      467      583      350      606      762      715      496      575      0        187      668      607      395      606      408      687      363      563      223      690      557      368      242      202      157      700      607      584      710      882      469      285      896      226      37       74       481      402      367      772      568      571      819      367      387      98       481      371      92       691      487      654      595      608      356      964      
34       125      537      651      138      433      645      736      554      722      215      243      192      457      492      642      447      435      516      494      595      338      375      183      735      250      473      403      168      433      778      541      312      390      187      0        483      464      418      421      221      621      187      397      166      532      385      190      217      41       309      536      429      558      578      748      292      248      751      279      157      190      303      458      196      773      424      543      714      251      205      95       387      449      192      510      301      500      617      623      435      823      
35       359      354      506      401      363      785      419      643      812      350      519      647      33       680      848      62       474      333      485      396      715      783      646      394      263      695      105      344      145      929      140      171      93       668      483      0        299      694      61       263      622      310      194      516      246      165      303      553      480      761      217      255      681      387      481      212      541      440      656      640      652      197      767      312      892      295      669      565      406      314      578      450      793      645      66       183      256      819      809      783      514      
36       358      79       228      328      80       498      276      354      515      249      350      550      271      417      573      335      197      54       190      138      540      618      556      281      389      443      218      421      156      638      210      272      265      607      464      299      0        466      275      333      323      292      123      393      105      160      294      402      486      638      134      504      396      122      285      223      370      289      495      594      560      227      544      277      597      39       387      293      244      416      548      194      585      546      255      303      67       546      532      578      359      
37       441      490      499      354      387      257      696      242      349      360      196      307      660      118      225      694      282      485      326      520      151      215      324      717      587      77       588      540      565      369      661      556      613      395      418      694      466      0        641      523      353      434      510      255      572      530      443      202      460      302      598      775      211      508      659      493      180      700      168      413      320      510      77       421      377      441      201      535      290      567      421      272      125      303      679      570      532      203      213      124      747      
38       297      340      494      340      329      746      437      605      779      291      462      585      37       634      803      60       434      317      452      388      656      723      584      416      209      646      59       286      121      891      163      109      31       606      421      61       275      641      0        202      594      248      157      456      244      123      242      494      420      699      221      240      640      377      491      153      484      457      597      579      590      137      713      251      857      263      629      557      351      258      517      406      737      584      101      123      244      774      765      726      533      
39       103      412      556      174      341      689      576      564      744      170      327      398      239      551      720      225      403      387      446      471      499      556      394      566      69       550      194      94       242      834      339      96       172      408      221      263      333      523      202      0        592      88       226      292      365      200      79       340      217      515      358      252      587      455      608      111      345      594      437      379      400      111      584      104      812      300      573      622      246      83       316      359      596      397      297      80       343      692      690      583      671      
40       566      283      190      494      266      217      420      113      200      438      395      604      593      241      322      655      191      297      147      272      495      566      617      453      660      284      535      659      478      334      523      565      579      687      621      622      323      353      594      592      0        518      437      475      401      472      524      445      658      639      435      809      157      270      356      501      402      416      485      691      617      513      414      499      285      330      161      199      376      668      672      240      471      600      577      593      375      301      278      474      439      
41       67       370      503      94       282      603      557      482      662      84       240      337      280      463      632      287      327      346      374      429      418      480      335      552      156      461      220      141      246      747      354      141      217      363      187      310      292      434      248      88       518      0        210      213      349      197      8        257      200      450      350      340      502      413      577      106      259      572      357      339      341      118      498      18       727      254      487      568      159      151      281      280      511      335      328      144      319      604      602      499      647      
42       277      197      350      276      171      592      351      449      621      203      353      521      161      488      654      218      280      173      295      253      552      626      524      344      274      505      98       319      55       736      160      152      143      563      397      194      123      510      157      226      437      210      0        371      140      36       209      396      411      624      140      380      487      239      383      115      375      368      498      543      529      114      586      200      700      106      475      415      236      307      489      256      618      518      169      183      117      626      615      609      445      
43       197      453      538      119      338      480      667      397      559      170      81       157      484      326      476      499      303      437      365      505      206      268      164      675      349      306      417      290      421      612      531      353      424      223      166      516      393      255      456      292      475      213      371      0        484      375      221      53       207      252      499      540      395      489      661      304      82       678      144      220      167      319      303      206      607      355      381      596      148      320      197      258      306      153      523      357      446      451      456      293      744      
44       416      118      261      405      185      592      211      448      600      326      449      640      226      521      673      297      300      104      285      150      642      720      645      203      409      548      199      459      132      728      124      284      246      690      532      246      105      572      244      365      401      349      140      484      0        166      348      499      549      734      34       485      494      143      250      256      470      228      595      673      649      254      649      337      683      135      486      319      338      446      622      299      690      637      188      314      39       646      630      684      305      
45       261      233      387      272      206      623      377      482      655      204      365      520      132      514      682      184      311      208      329      288      563      635      522      366      243      529      64       294      48       767      158      119      107      557      385      165      160      530      123      200      472      197      36       375      166      0        194      404      395      627      159      344      517      274      413      94       387      395      507      535      527      89       605      190      733      142      506      451      249      279      479      284      634      518      151      150      149      654      644      625      472      
46       68       372      506      102      286      611      556      489      669      92       249      343      274      472      641      279      333      348      380      431      427      489      342      552      147      470      214      135      242      756      350      134      210      368      190      303      294      443      242      79       524      8        209      221      348      194      0        266      202      458      349      331      510      415      578      102      268      572      366      344      348      113      507      26       735      256      495      572      167      144      285      287      520      342      323      135      319      613      610      508      647      
47       248      455      526      166      339      432      671      359      514      203      55       163      520      278      424      540      286      441      347      504      162      231      175      682      399      256      451      343      448      562      556      394      463      242      217      553      402      202      494      340      445      257      396      53       499      404      266      0        259      236      516      590      353      488      658      341      42       681      103      247      176      357      250      248      559      365      338      580      161      373      235      245      255      159      554      401      460      399      406      242      743      
48       134      562      681      168      461      686      756      594      762      242      284      222      456      533      683      440      471      539      528      620      376      410      211      753      235      514      407      149      443      820      549      312      390      202      41       480      486      460      420      217      658      200      411      207      549      395      202      259      0        337      551      405      598      604      772      302      289      771      318      168      219      310      498      212      814      447      583      745      285      185      104      422      489      223      513      297      519      659      664      474      845      
49       412      691      750      359      575      556      907      535      650      422      290      118      730      419      500      736      510      677      569      738      151      111      126      919      556      379      665      477      673      650      783      592      667      157      309      761      638      302      699      515      639      450      624      252      734      627      458      236      337      0        750      739      511      723      891      550      271      917      156      193      119      565      283      448      669      602      499      800      396      514      243      475      238      119      773      590      695      486      503      225      977      
