
sets
i        orders          /0*5/
k        routes          /1*5/
p        positions       /0*5/
;

alias(i,j)
alias(i,h)
alias(i,hh)
alias(i,jj)
alias(k,kk)
                
                    Parameters

rho(i)	Processing time
/
0	0
1	93
2	9
3	62
4	28
5	7
/

gamma(i)	Duedate
/
0	0
1	14
2	9
3	24
4	11
5	10
/

sigma(i)	Size
/
0	0
1	8
2	7
3	1
4	9
5	5
/

epsilon(i)	Priority
/
0	0
1	6
2	8
3	5
4	7
5	6
/

psi	Vehicle Capacity
/ 44 /
;

Table kappa(i,j)                 Setup
         0        1        2        3        4        5        
0        0        25       47       21       56       51       
1        25       0        40       28       45       52       
2        47       40       0        26       10       16       
3        21       28       26       0        36       30       
4        56       45       10       36       0        22       
5        51       52       16       30       22       0        
;



Table delta(i,j)                 Distance
         0        1        2        3        4        5        
0        0        2160     1840     2030     1440     1140     
1        2160     0        99       53       72       116      
2        1840     99       0        48       85       72       
3        2030     53       48       0        72       90       
4        1440     72       85       72       0        53       
5        1140     116      72       90       53       0        
;

