
sets
i        orders          /0*5/
k        routes          /1*5/
p        positions       /0*5/
;

alias(i,j)
alias(i,h)
alias(i,hh)
alias(i,jj)
alias(k,kk)
                
                    Parameters

rho(i)	Processing time
/
0	0
1	69
2	9
3	38
4	31
5	18
/

gamma(i)	Duedate
/
0	0
1	60
2	57
3	31
4	45
5	91
/

sigma(i)	Size
/
0	0
1	1
2	2
3	1
4	4
5	1
/

epsilon(i)	Priority
/
0	0
1	4
2	1
3	2
4	7
5	3
/

psi	Vehicle Capacity
/ 6 /
;

Table kappa(i,j)                 Setup
         0        1        2        3        4        5        
0        0        22       33       16       17       13       
1        22       0        24       21       29       27       
2        33       24       0        18       25       44       
3        16       21       18       0        9        29       
4        17       29       25       9        0        30       
5        13       27       44       29       30       0        
;



Table delta(i,j)                 Distance
         0        1        2        3        4        5        
0        0        200      680      420      1130     1050     
1        200      0        73       31       104      100      
2        680      73       0        52       70       53       
3        420      31       52       0        72       69       
4        1130     104      70       72       0        20       
5        1050     100      53       69       20       0        
;

