
sets
i        orders          /0*5/
k        routes          /1*5/
p        positions       /0*5/
;

alias(i,j)
alias(i,h)
alias(i,hh)
alias(i,jj)
alias(k,kk)
                
                    Parameters

rho(i)	Processing time
/
0	0
1	31
2	56
3	91
4	29
5	6
/

gamma(i)	Duedate
/
0	0
1	56
2	4
3	77
4	46
5	57
/

sigma(i)	Size
/
0	0
1	8
2	7
3	3
4	4
5	6
/

epsilon(i)	Priority
/
0	0
1	9
2	5
3	4
4	2
5	1
/

psi	Vehicle Capacity
/ 25 /
;

Table kappa(i,j)                 Setup
         0        1        2        3        4        5        
0        0        17       16       24       33       46       
1        17       0        21       28       42       29       
2        16       21       0        8        20       41       
3        24       28       8        0        16       42       
4        33       42       20       16       0        58       
5        46       29       41       42       58       0        
;



Table delta(i,j)                 Distance
         0        1        2        3        4        5        
0        0        620      720      640      1450     280      
1        620      0        21       42       88       35       
2        720      21       0        28       93       49       
3        640      42       28       0        122      51       
4        1450     88       93       122      0        117      
5        280      35       49       51       117      0        
;

