
sets
i        orders          /0*5/
k        routes          /1*5/
p        positions       /0*5/
;

alias(i,j)
alias(i,h)
alias(i,hh)
alias(i,jj)
alias(k,kk)
                
                    Parameters

rho(i)	Processing time
/
0	0
1	53
2	48
3	22
4	10
5	70
/

gamma(i)	Duedate
/
0	0
1	26
2	30
3	22
4	74
5	59
/

sigma(i)	Size
/
0	0
1	4
2	1
3	2
4	6
5	7
/

epsilon(i)	Priority
/
0	0
1	4
2	9
3	9
4	9
5	5
/

psi	Vehicle Capacity
/ 23 /
;

Table kappa(i,j)                 Setup
         0        1        2        3        4        5        
0        0        20       46       43       30       20       
1        20       0        58       34       33       6        
2        46       58       0        49       29       53       
3        43       34       49       0        22       28       
4        30       33       29       22       0        27       
5        20       6        53       28       27       0        
;



Table delta(i,j)                 Distance
         0        1        2        3        4        5        
0        0        1660     780      1220     750      940      
1        1660     0        166      82       119      74       
2        780      166      0        90       47       96       
3        1220     82       90       0        51       44       
4        750      119      47       51       0        49       
5        940      74       96       44       49       0        
;

