

sets
i        orders          /0*5/
k        routes          /1*5/
p        positions       /0*5/
;

alias(i,j)
alias(i,h)
alias(i,hh)
alias(i,jj)
alias(k,kk)
                            Parameters

rho(i)	Processing time
/
0	0
1	38
2	14
3	13
4	67
5	31
/

gamma(i)	Duedate
/
0	0
1	88
2	13
3	12
4	31
5	70
/

sigma(i)	Size
/
0	0
1	6
2	7
3	9
4	8
5	4
/

epsilon(i)	Priority
/
0	0
1	2
2	1
3	5
4	1
5	8
/

psi	Vehicle Capacity
/ 26 /
;

Table kappa(i,j)                 Setup
         0        1        2        3        4        5        
0        0        76       129      84       162      135      
1        76       0        67       148      155      59       
2        129      67       0        177      216      60       
3        84       148      177      0        241      205      
4        162      155      216      241      0        170      
5        135      59       60       205      170      0        
;



Table delta(i,j)                 Distance
         0        1        2        3        4        5        
0        0        25       25       26       15       23       
1        25       0        8        8        13       22       
2        25       8        0        1        10       29       
3        26       8        1        0        11       29       
4        15       13       10       11       0        25       
5        23       22       29       29       25       0        
;

