

sets
i        orders          /0*5/
k        routes          /1*5/
p        positions       /0*5/
;

alias(i,j)
alias(i,h)
alias(i,hh)
alias(i,jj)
alias(k,kk)
                            Parameters

rho(i)	Processing time
/
0	0
1	11
2	89
3	98
4	76
5	75
/

gamma(i)	Duedate
/
0	0
1	45
2	83
3	67
4	56
5	98
/

sigma(i)	Size
/
0	0
1	6
2	5
3	7
4	8
5	9
/

epsilon(i)	Priority
/
0	0
1	3
2	6
3	2
4	1
5	6
/

psi	Vehicle Capacity
/ 65 /
;

Table kappa(i,j)                 Setup
         0        1        2        3        4        5        
0        0        238      91       169      255      103      
1        238      0        207      188      96       140      
2        91       207      0        219      257      76       
3        169      188      219      0        136      156      
4        255      96       257      136      0        181      
5        103      140      76       156      181      0        
;



Table delta(i,j)                 Distance
         0        1        2        3        4        5        
0        0        12       16       12       10       9        
1        12       0        4        7        19       7        
2        16       4        0        7        21       11       
3        12       7        7        0        15       12       
4        10       19       21       15       0        19       
5        9        7        11       12       19       0        
;

