
sets
i        orders          /0*5/
k        routes          /1*5/
p        positions       /0*5/
;

alias(i,j)
alias(i,h)
alias(i,hh)
alias(i,jj)
alias(k,kk)
                
                    Parameters

rho(i)	Processing time
/
0	0
1	11
2	95
3	35
4	79
5	85
/

gamma(i)	Duedate
/
0	0
1	27
2	90
3	28
4	89
5	77
/

sigma(i)	Size
/
0	0
1	5
2	6
3	2
4	9
5	5
/

epsilon(i)	Priority
/
0	0
1	9
2	6
3	3
4	3
5	1
/

psi	Vehicle Capacity
/ 21 /
;

Table kappa(i,j)                 Setup
         0        1        2        3        4        5        
0        0        25       15       40       20       46       
1        25       0        19       14       22       24       
2        15       19       0        33       29       34       
3        40       14       33       0        33       18       
4        20       22       29       33       0        47       
5        46       24       34       18       47       0        
;



Table delta(i,j)                 Distance
         0        1        2        3        4        5        
0        0        3720     2640     4530     2430     6420     
1        3720     0        99       64       75       116      
2        2640     99       0        85       25       141      
3        4530     64       85       0        73       62       
4        2430     75       25       73       0        134      
5        6420     116      141      62       134      0        
;

