

sets
i        orders          /0*80/
k        routes          /1*80/
p        positions       /0*80/
;

alias(i,j)
alias(i,h)
alias(i,hh)
alias(i,jj)
alias(k,kk)
                            Parameters

rho(i)	Processing time
/
0	0
1	56
2	66
3	65
4	76
5	61
6	79
7	55
8	86
9	65
10	91
11	49
12	6
13	5
14	47
15	4
16	25
17	96
18	87
19	86
20	80
21	59
22	11
23	84
24	2
25	50
26	28
27	45
28	81
29	80
30	49
31	39
32	98
33	63
34	43
35	1
36	17
37	91
38	96
39	46
40	59
41	60
42	90
43	85
44	46
45	86
46	4
47	25
48	41
49	41
50	64
51	54
52	27
53	36
54	37
55	16
56	95
57	41
58	45
59	91
60	12
61	63
62	86
63	75
64	56
65	77
66	60
67	68
68	73
69	70
70	32
71	10
72	31
73	56
74	81
75	95
76	77
77	63
78	81
79	86
80	15
/

gamma(i)	Duedate
/
0	0
1	16
2	20
3	41
4	52
5	2
6	93
7	79
8	20
9	55
10	70
11	7
12	33
13	80
14	2
15	18
16	69
17	53
18	44
19	86
20	17
21	49
22	86
23	70
24	78
25	43
26	44
27	2
28	58
29	48
30	60
31	25
32	63
33	74
34	94
35	29
36	79
37	68
38	36
39	84
40	20
41	76
42	59
43	71
44	61
45	30
46	96
47	51
48	82
49	91
50	19
51	97
52	31
53	13
54	96
55	29
56	51
57	76
58	24
59	64
60	56
61	6
62	92
63	97
64	46
65	56
66	23
67	48
68	33
69	37
70	63
71	82
72	71
73	19
74	33
75	98
76	40
77	72
78	19
79	99
80	38
/

sigma(i)	Size
/
0	0
1	8
2	7
3	4
4	4
5	6
6	7
7	5
8	1
9	6
10	4
11	3
12	1
13	8
14	6
15	6
16	2
17	5
18	5
19	8
20	2
21	9
22	1
23	2
24	8
25	8
26	5
27	6
28	7
29	9
30	5
31	3
32	2
33	4
34	1
35	3
36	2
37	8
38	1
39	2
40	1
41	1
42	2
43	8
44	9
45	2
46	7
47	5
48	6
49	4
50	4
51	7
52	9
53	7
54	7
55	4
56	3
57	8
58	5
59	3
60	2
61	7
62	6
63	6
64	4
65	3
66	7
67	2
68	9
69	3
70	7
71	5
72	9
73	8
74	3
75	2
76	7
77	1
78	1
79	3
80	2
/

epsilon(i)	Priority
/
0	0
1	7
2	6
3	8
4	6
5	8
6	6
7	4
8	9
9	7
10	2
11	9
12	1
13	5
14	4
15	7
16	2
17	1
18	1
19	5
20	1
21	7
22	4
23	1
24	6
25	3
26	9
27	6
28	4
29	1
30	8
31	2
32	5
33	7
34	3
35	4
36	6
37	4
38	5
39	1
40	1
41	5
42	3
43	8
44	1
45	3
46	2
47	3
48	8
49	8
50	9
51	8
52	2
53	1
54	5
55	2
56	8
57	8
58	4
59	5
60	6
61	1
62	2
63	7
64	9
65	7
66	2
67	6
68	9
69	3
70	4
71	6
72	1
73	7
74	7
75	9
76	2
77	6
78	1
79	5
80	5
/

psi	Vehicle Capacity
/ 37 /
;

Table kappa(i,j)                 Setup
         0        1        2        3        4        5        6        7        8        9        10       11       12       13       14       15       16       17       18       19       20       21       22       23       24       25       26       27       28       29       30       31       32       33       34       35       36       37       38       39       40       41       42       43       44       45       46       47       48       49       50       51       52       53       54       55       56       57       58       59       60       61       62       63       64       65       66       67       68       69       70       71       72       73       74       75       76       77       78       79       80       
0        0        700      679      351      352      542      556      252      899      653      628      780      884      440      563      498      555      508      559      325      375      158      394      845      280      625      75       192      528      562      70       495      554      618      104      58       464      253      721      70       96       601      194      286      273      421      777      662      164      625      432      224      480      531      652      370      87       648      322      684      671      752      336      377      134      740      147      715      721      532      278      294      82       670      208      773      648      434      739      804      625      
1        700      0        514      477      509      329      673      470      419      47       278      362      357      271      495      270      240      586      281      375      732      561      670      378      479      378      670      508      504      705      732      479      219      473      802      739      424      463      67       763      710      637      597      434      465      336      461      168      558      580      419      542      593      201      68       357      663      553      382      307      133      562      772      565      741      98       777      28       508      237      424      520      639      721      562      454      729      786      122      351      405      
2        679      514      0        719      326      716      244      461      318      494      724      228      352      414      116      320      304      207      683      486      433      531      363      285      412      138      704      557      152      273      745      184      329      65       772      737      228      468      465      746      750      176      486      443      630      340      139      646      642      103      263      456      237      377      540      582      706      60       464      775      382      75       502      313      794      449      819      498      47       326      540      384      674      230      471      141      250      447      425      262      113      
3        351      477      719      0        462      209      716      302      816      436      302      713      775      319      624      418      461      635      240      234      622      313      600      762      358      607      284      230      603      736      340      562      444      654      422      357      499      290      525      384      303      728      398      300      107      379      760      371      192      716      466      369      618      397      411      145      273      717      258      350      515      793      616      523      317      553      352      501      745      431      189      417      268      816      374      754      806      689      564      723      622      
4        352      509      326      462      0        541      254      161      571      466      589      452      570      259      210      240      285      177      527      243      223      209      167      520      105      288      381      254      176      274      419      142      298      266      447      411      124      173      498      420      426      273      161      162      357      174      430      559      335      280      103      131      157      307      491      356      384      297      216      650      422      400      265      66       470      503      493      509      368      276      272      59       353      357      144      428      345      281      492      481      281      
5        542      329      716      209      541      0        781      411      727      302      93       643      673      309      646      396      417      692      47       302      742      462      703      678      455      584      483      379      636      807      542      597      394      656      624      558      530      398      390      584      508      774      536      390      269      399      717      182      378      742      504      492      684      343      260      195      472      731      328      142      413      783      753      608      525      422      560      357      730      391      301      516      462      865      504      710      862      808      440      644      606      
6        556      673      244      716      254      781      0        415      562      640      817      464      592      478      185      416      433      90       760      492      220      444      168      526      358      323      604      503      169      32       627      196      456      233      630      613      259      426      640      615      645      72       369      416      611      385      384      766      580      141      279      366      98       489      677      605      610      184      466      875      555      283      291      195      687      633      703      664      289      442      526      302      581      113      372      386      94       214      613      498      298      
7        252      470      461      302      161      411      415      0        650      422      474      532      632      199      351      246      303      338      407      113      332      95       300      596      56       384      253      96       323      433      304      283      303      396      356      303      233      12       481      321      300      434      132      36       196      169      540      471      181      434      199      82       318      285      432      216      252      444      93       535      424      537      343      221      342      496      371      480      497      280      117      115      221      519      98       536      507      398      493      554      388      
8        899      419      318      816      571      727      562      650      0        430      693      119      70       504      401      415      362      512      682      619      734      741      662      54       620      283      902      733      435      592      955      446      374      339      1002     953      447      651      352      969      949      494      725      619      758      484      180      587      812      421      473      680      539      419      478      672      900      378      607      726      314      302      799      587      990      321      1021     391      276      391      681      619      870      538      700      177      562      758      297      96       294      
9        653      47       494      436      466      302      640      422      430      0        264      361      372      224      465      230      206      551      255      327      689      513      628      385      432      355      623      460      471      671      685      444      183      448      755      692      386      415      89       715      663      606      550      387      420      292      453      161      511      553      379      495      557      158      50       312      616      528      334      300      123      546      728      523      695      120      731      65       492      198      377      475      592      692      515      445      700      744      138      354      382      
10       628      278      724      302      589      93       817      474      693      264      0        622      634      339      667      412      420      726      69       362      800      536      755      649      513      587      572      456      662      845      632      625      395      669      713      647      559      462      344      673      599      801      604      449      354      432      707      112      464      763      537      557      722      347      215      267      561      746      385      61       385      786      818      655      617      376      652      307      732      398      372      571      549      892      571      700      893      864      398      618      611      
11       780      362      228      713      452      643      464      532      119      361      622      0        128      396      292      302      253      405      601      506      622      622      550      68       501      166      785      617      323      495      837      330      268      233      883      835      328      534      298      850      832      400      606      502      649      367      112      522      697      328      354      561      429      316      411      568      783      286      493      661      237      237      686      470      873      273      904      337      195      282      568      500      752      457      580      105      478      651      246      34       179      
12       884      357      352      775      570      673      592      632      70       372      634      128      0        471      419      389      334      533      627      589      749      726      677      68       607      289      881      710      451      623      936      455      342      361      988      936      446      632      290      954      927      527      718      599      725      463      222      525      786      454      469      670      557      381      418      632      878      412      580      663      263      349      811      593      967      258      999      328      315      361      651      614      848      579      690      217      602      779      235      94       306      
13       440      271      414      319      259      309      478      199      504      224      339      396      471      0        337      99       143      387      284      120      480      292      427      450      210      291      421      251      326      506      481      288      130      351      544      485      221      193      282      506      465      465      326      163      254      92       441      299      318      433      198      271      383      93       238      174      416      424      118      398      233      484      512      323      502      300      536      280      434      113      181      257      389      557      291      435      555      541      299      409      309      
14       563      495      116      624      210      646      185      351      401      465      667      292      419      337      0        255      260      114      619      390      333      417      261      357      300      139      590      448      36       218      629      69       284      63       656      621      125      360      458      630      636      141      370      336      530      252      236      603      533      96       159      340      138      324      507      493      592      93       366      723      372      189      400      198      679      449      703      484      160      274      440      269      561      228      355      235      234      359      429      325      116      
15       498      270      320      418      240      396      416      246      415      230      412      302      389      99       255      0        56       326      365      204      462      342      399      360      233      193      492      321      252      446      548      219      59       259      603      549      158      245      257      567      538      392      352      212      347      79       342      350      397      350      149      298      328      73       263      273      489      335      191      467      185      388      505      294      577      265      610      269      336      37       266      260      459      482      319      336      485      515      256      319      211      
16       555      240      304      461      285      417      433      303      362      206      420      253      334      143      260      56       0        346      381      256      502      398      436      308      287      167      547      376      265      465      604      238      25       250      659      605      185      301      216      624      593      401      406      268      396      135      304      345      452      351      186      353      353      74       246      315      544      329      246      471      137      366      549      333      633      219      665      234      313      29       318      311      515      488      374      298      494      552      207      266      191      
17       508      586      207      635      177      692      90       338      512      551      726      405      533      387      114      326      346      0        670      408      225      380      156      471      282      251      548      431      87       120      578      107      368      173      592      567      169      349      556      572      591      96       315      335      532      295      341      676      512      122      189      301      31       399      588      519      552      156      381      785      471      266      295      131      634      551      654      578      255      353      445      232      522      181      310      342      172      245      532      439      230      
18       559      281      683      240      527      47       760      407      682      255      69       601      627      284      619      365      381      670      0        295      734      466      692      634      447      549      504      386      610      788      565      572      357      625      645      579      505      394      343      605      532      749      535      383      285      376      678      137      395      714      482      489      664      307      213      197      494      701      319      129      368      748      750      594      552      375      588      310      694      356      303      506      480      841      503      671      839      799      394      600      572      
19       325      375      486      234      243      302      492      113      619      327      362      506      589      120      390      204      256      408      295      0        440      190      401      564      152      382      301      133      369      516      362      328      247      421      428      367      265      101      396      389      345      498      245      88       146      149      538      359      197      482      232      195      394      214      330      113      296      483      26       423      353      561      456      309      382      416      416      389      515      228      62       213      269      588      211      532      580      505      418      522      393      
20       375      732      433      622      223      742      220      332      734      689      800      622      749      480      333      462      502      225      734      440      0        311      72       689      287      459      437      391      299      211      445      294      517      396      431      428      321      345      717      423      471      286      225      352      515      397      566      779      450      342      315      254      196      530      715      548      446      380      415      861      638      489      71       168      510      720      519      731      480      497      448      228      422      325      247      567      298      67       706      654      442      
21       158      561      531      313      209      462      444      95       741      513      536      622      726      292      417      342      398      380      466      190      311      0        301      687      123      469      172      84       384      456      216      348      398      468      262      212      310      99       575      228      219      476      86       131      208      263      622      547      140      489      277      79       355      380      519      268      175      506      178      596      519      606      303      250      262      591      288      572      571      376      163      150      143      555      72       618      538      378      588      645      470      
22       394      670      363      600      167      703      168      300      662      628      755      550      677      427      261      399      436      156      692      401      72       301      0        617      249      387      448      373      227      168      465      222      453      324      463      450      253      313      652      449      486      227      218      314      493      340      496      727      442      276      251      232      126      470      656      512      455      312      375      816      572      422      139      105      527      654      540      668      411      433      418      188      428      280      230      495      256      116      639      582      370      
23       845      378      285      762      520      678      526      596      54       385      649      68       68       450      357      360      308      471      634      564      689      687      617      0        566      234      847      679      390      557      901      398      320      297      948      899      396      597      311      915      894      460      673      565      704      429      153      544      757      387      421      627      495      365      434      618      846      344      552      683      266      280      753      538      935      282      966      351      246      337      626      567      815      511      647      148      533      716      256      41       247      
24       280      479      412      358      105      455      358      56       620      432      513      501      607      210      300      233      287      282      447      152      287      123      249      566      0        346      293      150      269      377      339      231      292      348      382      335      187      68       482      350      340      377      119      65       253      153      499      499      234      379      154      65       262      284      448      263      294      391      128      574      417      488      307      164      383      494      410      486      450      269      170      61       263      463      86       495      450      352      487      525      347      
25       625      378      138      607      288      584      323      384      283      355      587      166      289      291      139      193      167      251      549      382      459      469      387      234      346      0        637      475      165      356      685      165      192      97       726      681      164      388      332      695      684      271      444      358      528      233      157      507      559      207      193      402      272      241      401      465      636      175      363      637      247      199      521      304      726      319      755      362      145      193      441      338      605      348      421      152      361      492      297      196      27       
26       75       670      704      284      381      483      604      253      902      623      572      785      881      421      590      492      547      548      504      301      437      172      448      847      293      637      0        171      557      612      62       520      543      641      141      75       481      250      697      101      47       643      235      282      220      418      792      615      113      660      447      250      521      514      616      324      12       678      304      626      654      779      404      416      90       718      118      686      743      522      246      322      32       717      238      788      697      498      720      806      639      
27       192      508      557      230      254      379      503      96       733      460      456      617      710      251      448      321      376      431      386      133      391      84       373      679      150      475      171      0        419      519      229      379      372      492      295      234      329      89       530      256      217      527      167      117      124      249      632      476      85       530      294      141      409      344      459      189      168      540      133      515      484      633      386      307      256      549      289      522      593      351      88       200      138      610      144      628      596      458      550      637      481      
28       528      504      152      603      176      636      169      323      435      471      662      323      451      326      36       252      265      87       610      369      299      384      227      390      269      165      557      419      0        202      595      41       288      99       620      586      106      331      470      595      602      139      334      310      506      237      272      603      503      113      137      307      107      324      510      475      559      122      344      718      385      224      365      162      646      464      670      495      197      275      416      235      528      230      321      271      232      328      445      356      145      
29       562      705      273      736      274      807      32       433      592      671      845      495      623      506      218      446      465      120      788      516      211      456      168      557      377      356      612      519      202      0        632      227      488      265      632      618      289      445      673      618      652      98       379      437      630      413      413      796      595      170      307      380      123      519      708      628      619      214      489      904      587      309      280      213      694      666      708      697      318      473      547      320      591      114      384      415      88       195      646      530      331      
30       70       732      745      340      419      542      627      304      955      685      632      837      936      481      629      548      604      578      565      362      445      216      465      901      339      685      62       229      595      632      0        561      600      683      82       22       526      303      758      45       40       671      263      336      282      472      839      677      175      694      493      289      550      574      679      386      71       715      363      685      714      819      402      447      65       779      76       748      786      579      307      360      92       741      274      835      719      502      780      859      686      
31       495      479      184      562      142      597      196      283      446      444      625      330      455      288      69       219      238      107      572      328      294      348      222      398      231      165      520      379      41       227      561      0        260      124      589      553      67       291      450      563      567      176      303      269      465      198      292      570      464      154      96       272      116      292      481      435      523      161      303      683      365      258      356      141      610      446      635      471      226      246      375      200      491      268      287      290      267      331      428      362      151      
32       554      219      329      444      298      394      456      303      374      183      395      268      342      130      284      59       25       368      357      247      517      398      453      320      292      192      543      372      288      488      600      260      0        275      658      603      205      300      200      622      588      424      411      267      384      138      326      320      444      375      202      358      374      51       222      299      539      354      239      446      125      391      563      349      627      206      660      215      337      22       309      320      510      512      378      319      518      569      196      280      216      
33       618      473      65       654      266      656      233      396      339      448      669      233      361      351      63       259      250      173      625      421      396      468      324      297      348      97       641      492      99       265      683      124      275      0        713      676      162      403      429      686      688      175      427      377      564      275      172      595      577      109      197      394      199      321      493      517      643      79       398      721      344      141      463      261      731      417      756      459      102      270      475      323      611      250      410      171      263      419      394      267      70       
34       104      802      772      422      447      624      630      356      1002     755      713      883      988      544      656      603      659      592      645      428      431      262      463      948      382      726      141      295      620      632      82       589      658      713      0        66       563      358      825      40       120      681      286      391      361      525      876      755      252      712      532      323      562      636      751      463      151      737      426      766      776      844      379      464      126      844      110      817      816      636      378      390      166      744      305      872      720      481      843      907      724      
35       58       739      737      357      411      558      613      303      953      692      647      835      936      485      621      549      605      567      579      367      428      212      450      899      335      681      75       234      586      618      22       553      603      676      66       0        521      304      764      26       62       659      253      337      295      472      834      689      186      684      488      282      538      577      688      398      85       706      367      701      718      811      383      436      86       784      91       755      779      581      315      352      101      727      266      830      705      483      784      858      681      
36       464      424      228      499      124      530      259      233      447      386      559      328      446      221      125      158      185      169      505      265      321      310      253      396      187      164      481      329      106      289      526      67       205      162      563      521      0        240      401      533      528      243      280      214      405      131      313      507      414      218      35       239      170      231      421      369      482      218      241      617      319      304      375      154      571      401      598      419      263      187      315      173      450      335      257      309      333      367      386      356      161      
37       253      463      468      290      173      398      426      12       651      415      462      534      632      193      360      245      301      349      394      101      345      99       313      597      68       388      250      89       331      445      303      291      300      403      358      304      240      0        475      322      297      444      143      33       184      169      545      461      174      443      205      94       330      280      424      203      249      452      84       524      420      544      355      233      339      491      369      473      504      278      104      127      218      530      109      540      518      411      489      555      393      
38       721      67       465      525      498      390      640      481      352      89       344      298      290      282      458      257      216      556      343      396      717      575      652      311      482      332      697      530      470      673      758      450      200      429      825      764      401      475      0        786      739      598      601      445      501      332      401      235      588      538      402      546      566      198      130      396      691      507      399      374      85       507      763      549      773      32       808      39       454      221      451      517      665      679      567      394      690      768      55       286      359      
39       70       763      746      384      420      584      615      321      969      715      673      850      954      506      630      567      624      572      605      389      423      228      449      915      350      695      101      256      595      618      45       563      622      686      40       26       533      322      786      0        86       663      260      355      321      490      846      715      212      690      502      294      542      598      712      423      112      714      388      727      738      819      376      442      102      805      98       778      789      600      338      363      126      728      277      843      706      477      805      874      694      
40       96       710      750      303      426      508      645      300      949      663      599      832      927      465      636      538      593      591      532      345      471      219      486      894      340      684      47       217      602      652      40       567      588      688      120      62       528      297      739      86       0        686      277      329      252      465      839      648      151      705      494      295      564      559      654      359      49       724      349      650      698      825      433      460      43       761      72       727      790      568      288      367      79       758      283      835      738      530      763      853      686      
41       601      637      176      728      273      774      72       434      494      606      801      400      527      465      141      392      401      96       749      498      286      476      227      460      377      271      643      527      139      98       671      176      424      175      681      659      243      444      598      663      686      0        408      428      626      374      315      742      608      73       270      397      121      462      647      607      648      116      471      858      512      211      357      226      729      588      747      625      219      414      538      328      617      91       405      317      93       285      567      435      245      
42       194      597      486      398      161      536      369      132      725      550      604      606      718      326      370      352      406      315      535      245      225      86       218      673      119      444      235      167      334      379      263      303      411      427      286      253      280      143      601      260      277      408      0        165      292      273      591      604      225      431      252      55       287      403      562      340      240      453      226      665      537      559      220      183      320      614      339      604      529      389      235      106      212      482      35       588      463      292      607      632      440      
43       286      434      443      300      162      390      416      36       619      387      449      502      599      163      336      212      268      335      383      88       352      131      314      565      65       358      282      117      310      437      336      269      267      377      391      337      214      33       445      355      329      428      165      0        197      136      515      440      201      423      179      111      318      249      398      198      281      430      64       510      388      519      369      226      371      460      401      444      477      245      110      126      250      516      130      510      506      417      457      523      364      
44       273      465      630      107      357      269      611      196      758      420      354      649      725      254      530      347      396      532      285      146      515      208      493      704      253      528      220      124      506      630      282      465      384      564      361      295      405      184      501      321      252      626      292      197      0        295      684      395      109      619      371      261      514      343      406      108      210      623      166      410      475      706      511      417      279      526      315      485      660      367      90       311      195      714      267      678      702      582      533      663      539      
45       421      336      340      379      174      399      385      169      484      292      432      367      463      92       252      79       135      295      376      149      397      263      340      429      153      233      418      249      237      413      472      198      138      275      525      472      131      169      332      490      465      374      273      136      295      0        390      389      330      347      106      219      290      135      317      243      416      341      129      490      263      414      435      235      506      342      537      339      366      115      207      185      386      466      240      385      463      455      334      387      244      
46       777      461      139      760      430      717      384      540      180      453      707      112      222      441      236      342      304      341      678      538      566      622      496      153      499      157      792      632      272      413      839      292      326      172      876      834      313      545      401      846      839      315      591      515      684      390      0        614      716      242      345      552      370      377      503      616      792      199      520      751      330      127      635      432      882      378      910      439      96       333      598      485      761      359      570      7        382      585      352      141      152      
47       662      168      646      371      559      182      766      471      587      161      112      522      525      299      603      350      345      676      137      359      779      547      727      544      499      507      615      476      603      796      677      570      320      595      755      689      507      461      235      715      648      742      604      440      395      389      614      0        502      696      491      552      676      279      111      292      606      675      377      139      285      702      806      623      672      267      708      197      648      329      388      552      588      831      569      607      835      840      290      515      533      
48       164      558      642      192      335      378      580      181      812      511      464      697      786      318      533      397      452      512      395      197      450      140      442      757      234      559      113      85       503      595      175      464      444      577      252      186      414      174      588      212      151      608      225      201      109      330      716      502      0        613      379      214      489      411      504      211      105      625      205      519      550      718      434      385      185      610      220      576      678      424      138      280      86       690      211      711      674      516      613      716      565      
49       625      580      103      716      280      742      141      434      421      553      763      328      454      433      96       350      351      122      714      482      342      489      276      387      379      207      660      530      113      170      694      154      375      109      712      684      218      443      538      690      705      73       431      423      619      347      242      696      613      0        250      410      154      417      597      587      664      43       457      818      453      147      413      248      748      526      770      567      147      367      529      339      633      141      422      244      154      349      504      362      179      
