

sets
i        orders          /0*40/
k        routes          /1*40/
p        positions       /0*40/
;

alias(i,j)
alias(i,h)
alias(i,hh)
alias(i,jj)
alias(k,kk)
                            Parameters

rho(i)	Processing time
/
0	0
1	3
2	72
3	12
4	41
5	6
6	25
7	87
8	3
9	63
10	43
11	88
12	97
13	39
14	83
15	68
16	56
17	24
18	78
19	34
20	57
21	95
22	78
23	20
24	53
25	40
26	34
27	58
28	18
29	63
30	12
31	75
32	68
33	40
34	82
35	59
36	13
37	44
38	33
39	7
40	31
/

gamma(i)	Duedate
/
0	0
1	65
2	90
3	1
4	86
5	68
6	71
7	83
8	23
9	82
10	52
11	32
12	71
13	10
14	79
15	44
16	12
17	80
18	37
19	42
20	54
21	41
22	37
23	32
24	71
25	57
26	42
27	77
28	66
29	22
30	4
31	51
32	69
33	60
34	34
35	25
36	98
37	88
38	8
39	23
40	79
/

sigma(i)	Size
/
0	0
1	7
2	1
3	7
4	8
5	3
6	9
7	1
8	1
9	8
10	4
11	2
12	5
13	7
14	3
15	7
16	6
17	1
18	4
19	9
20	7
21	3
22	2
23	3
24	6
25	4
26	5
27	1
28	2
29	5
30	8
31	5
32	7
33	9
34	3
35	6
36	7
37	6
38	2
39	6
40	7
/

epsilon(i)	Priority
/
0	0
1	8
2	7
3	9
4	4
5	9
6	2
7	2
8	9
9	8
10	4
11	2
12	2
13	4
14	5
15	4
16	4
17	7
18	2
19	4
20	3
21	3
22	3
23	8
24	6
25	6
26	3
27	5
28	1
29	4
30	1
31	8
32	3
33	3
34	4
35	1
36	7
37	6
38	6
39	1
40	7
/

psi	Vehicle Capacity
/ 15 /
;

Table kappa(i,j)                 Setup
         0        1        2        3        4        5        6        7        8        9        10       11       12       13       14       15       16       17       18       19       20       21       22       23       24       25       26       27       28       29       30       31       32       33       34       35       36       37       38       39       40       
0        0        176      142      66       86       168      245      134      188      191      282      343      114      229      12       141      315      188      188      198      244      277      115      262      246      122      283      222      246      76       129      47       212      229      190      230      85       43       143      69       136      
1        176      0        34       194      154      30       399      311      266      366      279      371      61       240      167      297      345      248      189      260      393      441      187      406      363      227      306      255      373      102      274      194      110      290      367      389      103      174      221      171      280      
2        142      34       0        159      121      32       371      277      249      333      278      366      27       234      133      267      339      232      182      245      365      410      156      379      341      203      300      245      349      70       239      159      123      276      332      359      75       143      191      137      246      
3        66       194      159      0        48       176      287      146      254      210      347      410      135      294      60       188      381      254      250      264      289      308      57       309      304      187      349      289      301      114      80       21       257      296      194      268      131      110      78       24       87       
4        86       154      121      48       0        132      326      193      269      257      345      417      101      294      74       224      389      264      246      275      326      352      40       346      332      205      354      293      332      96       122      61       232      308      242      309      115      123      76       24       128      
5        168      30       32       176      132      0        402      302      281      360      304      394      56       262      158      297      368      264      210      276      396      440      162      411      373      236      328      275      381      101      254      179      140      307      357      390      107      173      195      152      260      
6        245      399      371      287      326      402      0        160      185      110      308      295      345      275      257      105      277      210      281      207      18       56       344      36       104      179      274      247      80       301      280      267      377      208      157      22       296      228      356      304      283      
7        134      311      277      146      193      302      160      0        222      65       349      378      249      299      144      95       352      237      276      242      168      168      198      190      217      168      332      280      203      210      120      131      334      264      56       138      215      148      204      168      123      
8        188      266      249      254      269      281      185      222      0        229      131      159      230      90       197      132      132      26       101      22       170      240      303      172      106      67       109      64       123      194      299      234      209      43       264      188      178      146      332      257      305      
9        191      366      333      210      257      360      110      65       229      0        360      372      305      314      202      97       349      249      301      251      123      105      264      145      192      189      336      292      173      263      182      195      375      265      47       88       266      195      268      232      183      
10       282      279      278      347      345      304      308      349      131      360      0        97       272      53       287      263      77       111      100      109      292      364      385      288      212      181      44       68       235      252      407      329      180      100      393      315      232      239      418      342      414      
11       343      371      366      410      417      394      295      378      159      372      97       0        356      131      351      283      28       155      184      145      277      349      454      266      191      225      65       124      215      330      459      390      276      116      413      308      311      299      486      409      465      
12       114      61       27       135      101      56       345      249      230      305      272      356      0        225      105      241      329      216      173      229      340      383      139      355      319      181      290      233      326      44       216      133      132      261      305      333      53       117      175      114      222      
13       229      240      234      294      294      262      275      299      90       314      53       131      225      0        234      217      105      66       52       68       259      330      333      260      187      131      66       29       208      202      354      276      152      75       346      279      182      186      366      289      361      
14       12       167      133      60       74       158      257      144      197      202      287      351      105      234      0        153      322      195      191      206      256      289      106      274      257      131      290      229      257      69       128      43       209      238      199      242      81       51       135      59       135      
15       141      297      267      188      224      297      105      95       132      97       263      283      241      217      153      0        259      152      205      154      103      144      245      122      125      93       241      195      115      196      199      167      287      171      131      92       193      123      262      203      203      
16       315      345      339      381      389      368      277      352      132      349      77       28       329      105      322      259      0        127      157      117      259      332      426      250      173      198      39       96       197      302      431      362      253      89       389      289      283      271      457      380      437      
17       188      248      232      254      264      264      210      237      26       249      111      155      216      66       195      152      127      0        76       12       196      265      300      198      131      72       98       43       149      183      305      234      184      44       282      213      166      144      330      254      311      
18       188      189      182      250      246      210      281      276      101      301      100      184      173      52       191      205      157      76       0        85       267      334      285      272      207      112      118      67       225      152      316      234      110      107      327      280      132      146      319      243      323      
19       198      260      245      264      275      276      207      242      22       251      109      145      229      68       206      154      117      12       85       0        191      262      311      193      123      80       90       41       143      195      313      244      194      32       285      210      178      155      341      265      320      
20       244      393      365      289      326      396      18       168      170      123      292      277      340      259      256      103      259      196      267      191      0        73       346      22       86       170      257      231      62       296      287      269      366      191      170      36       289      223      360      305      290      
21       277      441      410      308      352      440      56       168      240      105      364      349      383      330      289      144      332      265      334      262      73       0        364      83       158      229      330      303      134      339      287      291      427      264      146      54       337      267      372      328      288      
22       115      187      156      57       40       162      344      198      303      264      385      454      139      333      106      245      426      300      285      311      346      364      0        366      360      238      392      331      357      136      104      77       271      343      242      325      155      157      36       46       109      
23       262      406      379      309      346      411      36       190      172      145      288      266      355      260      274      122      250      198      272      193      22       83       366      0        77       180      252      231      53       311      309      289      374      189      192      57       303      239      381      325      312      
24       246      363      341      304      332      373      104      217      106      192      212      191      319      187      257      125      173      131      207      123      86       158      360      77       0        137      174      158      24       277      324      283      315      114      237      118      266      213      381      314      328      
25       122      227      203      187      205      236      179      168      67       189      181      225      181      131      131      93       198      72       112      80       170      229      238      180      137      0        170      114      145      140      233      167      198      109      216      175      128      81       265      191      239      
26       283      306      300      349      354      328      274      332      109      336      44       65       290      66       290      241      39       98       118      90       257      330      392      252      174      170      0        60       198      265      403      330      214      70       373      283      246      239      424      347      409      
27       222      255      245      289      293      275      247      280      64       292      68       124      233      29       229      195      96       43       67       41       231      303      331      231      158      114      60       0        179      205      344      270      174      46       325      252      187      178      363      286      350      
28       246      373      349      301      332      381      80       203      123      173      235      215      326      208      257      115      197      149      225      143      62       134      357      53       24       145      198      179      0        283      314      279      330      136      219      95       273      216      377      313      319      
29       76       102      70       114      96       101      301      210      194      263      252      330      44       202      69       196      302      183      152      195      296      339      136      311      277      140      265      205      283      0        193      106      143      227      266      289      19       72       171      99       200      
30       129      274      239      80       122      254      280      120      299      182      407      459      216      354      128      199      431      305      316      313      287      287      104      309      324      233      403      344      314      193      0        87       336      342      149      259      208      169      93       102      7        
31       47       194      159      21       61       179      267      131      234      195      329      390      133      276      43       167      362      234      234      244      269      291      77       289      283      167      330      270      279      106      87       0        249      275      182      249      121      91       99       37       94       
32       212      110      123      257      232      140      377      334      209      375      180      276      132      152      209      287      253      184      110      194      366      427      271      374      315      198      214      174      330      143      336      249      0        217      390      373      128      186      307      240      343      
33       229      290      276      296      308      307      208      264      43       265      100      116      261      75       238      171      89       44       107      32       191      264      343      189      114      109      70       46       136      227      342      275      217      0        303      215      210      186      373      297      348      
34       190      367      332      194      242      357      157      56       264      47       393      413      305      346      199      131      389      282      327      285      170      146      242      192      237      216      373      325      219      266      149      182      390      303      0        135      272      204      241      218      149      
35       230      389      359      268      309      390      22       138      188      88       315      308      333      279      242      92       289      213      280      210      36       54       325      57       118      175      283      252      95       289      259      249      373      215      135      0        285      216      337      287      261      
36       85       103      75       131      115      107      296      215      178      266      232      311      53       182      81       193      283      166      132      178      289      337      155      303      266      128      246      187      273      19       208      121      128      210      272      285      0        71       191      117      215      
37       43       174      143      110      123      173      228      148      146      195      239      299      117      186      51       123      271      144      146      155      223      267      157      239      213      81       239      178      216      72       169      91       186      186      204      216      71       0        186      110      176      
38       143      221      191      78       76       195      356      204      332      268      418      486      175      366      135      262      457      330      319      341      360      372      36       381      381      265      424      363      377      171      93       99       307      373      241      337      191      186      0        77       96       
39       69       171      137      24       24       152      304      168      257      232      342      409      114      289      59       203      380      254      243      265      305      328      46       325      314      191      347      286      313      99       102      37       240      297      218      287      117      110      77       0        109      
40       136      280      246      87       128      260      283      123      305      183      414      465      222      361      135      203      437      311      323      320      290      288      109      312      328      239      409      350      319      200      7        94       343      348      149      261      215      176      96       109      0        
;



Table delta(i,j)                 Distance
         0        1        2        3        4        5        6        7        8        9        10       11       12       13       14       15       16       17       18       19       20       21       22       23       24       25       26       27       28       29       30       31       32       33       34       35       36       37       38       39       40       
0        0        1114     623      358      361      380      849      417      931      928      374      1040     276      977      558      759      193      807      594      380      875      737      318      198      859      338      265      295      687      518      659      297      501      616      432      599      955      917      836      937      37       
1        1114     0        1055     772      820      1138     336      810      451      197      1169     181      1319     231      556      360      1269     923      949      877      870      752      1205     917      298      846      1035     824      510      626      684      1214     630      832      1064     775      1030     207      698      184      1148     
2        623      1055     0        678      408      276      966      827      657      944      979      1085     564      1048     682      817      799      248      108      320      341      326      936      561      759      760      358      535      899      524      371      413      723      1049     995      999      1422     859      1179     883      652      
3        358      772      678      0        270      559      491      151      684      580      444      684      610      620      222      412      497      757      596      357      790      616      455      184      550      107      409      147      330      268      504      560      144      370      386      323      744      586      530      604      387      
4        361      820      408      270      0        338      628      420      573      657      632      790      503      737      315      497      552      503      327      90       551      392      612      198      536      359      215      134      520      194      301      394      327      640      617      591      1013     613      779      636      398      
5        380      1138     276      559      338      0        966      688      813      988      753      1123     290      1073     652      833      537      509      299      262      596      519      699      392      843      609      151      415      852      523      500      137      654      913      795      875      1279     930      1089     954      402      
6        849      336      966      491      628      966      0        492      549      153      846      199      1088     132      315      150      980      913      859      707      893      730      889      662      316      542      836      584      181      450      625      1010     348      495      734      438      724      252      386      248      878      
7        417      810      827      151      420      688      492      0        798      612      360      692      691      624      309      459      503      908      747      506      939      763      396      296      632      81       536      291      312      403      648      668      208      225      269      189      597      647      420      660      436      
8        931      451      657      684      573      813      549      798      0        436      1128     556      1057     553      489      428      1118     483      559      588      421      331      1133     745      233      789      757      649      619      426      312      922      590      932      1063     867      1244     317      915      334      968      
9        928      197      944      580      657      988      153      612      436      0        971      141      1146     117      370      169      1077     853      836      725      819      671      1008     733      211      650      873      644      314      465      581      1051     436      643      867      584      875      119      537      106      960      
10       374      1169     979      444      632      753      846      360      1128     971      0        1044     608      976      655      818      294      1131     932      690      1184     1022     81       436      985      341      625      508      665      706      921      668      559      417      131      442      657      1006     662      1020     359      
11       1040     181      1085     684      790      1123     199      692      556      141      1044     0        1269     67       490      292      1177     991      977      861      953      810      1088     849      345      741      1004     765      380      599      722      1181     540      678      930      626      852      244      523      224      1071     
12       276      1319     564      610      503      290      1088     691      1057     1146     608      1269     0        1210     779      979      328      799      585      469      884      792      535      427      1040     610      299      505      939      695      751      152      743      892      693      874      1227     1113     1111     1136     268      
13       977      231      1048     620      737      1073     132      624      553      117      976      67       1210     0        431      240      1111     967      940      811      935      785      1020     788      329      674      950      705      312      550      690      1126     476      613      862      559      800      235      467      220      1007     
14       558      556      682      222      315      652      315      309      489      370      655      490      779      431      0        201      714      684      581      398      692      514      674      363      330      314      521      275      217      159      396      696      101      455      578      392      802      365      511      383      591      
15       759      360      817      412      497      833      150      459      428      169      818      292      979      240      201      0        909      763      710      571      746      580      849      564      205      488      711      475      198      310      474      888      270      530      722      466      817      189      486      201      791      
16       193      1269     799      497      552      537      980      503      1118     1077     294      1177     328      1111     714      909      0        995      780      573      1066     930      215      373      1031     439      447      472      806      698      852      422      640      654      402      656      944      1079     895      1097     157      
17       807      923      248      757      503      509      913      908      483      853      1131     991      799      967      684      763      995      0        217      440      94       183      1101     695      647      856      550      636      893      530      292      647      755      1113     1121     1055     1478     749      1195     771      841      
18       594      949      108      596      327      299      859      747      559      836      932      977      585      940      581      710      780      217      0        247      299      236      896      501      652      685      333      460      798      422      264      433      628      965      935      913      1337     751      1084     776      626      
19       380      877      320      357      90       262      707      506      588      725      690      861      469      811      398      571      573      440      247      0        499      357      661      255      586      440      169      214      607      261      289      342      417      728      687      679      1101     670      869      694      416      
20       875      870      341      790      551      596      893      939      421      819      1184     953      884      935      692      746      1066     94       299      499      0        178      1160     748      608      894      624      680      892      545      297      732      771      1134     1165     1074     1493     709      1198     730      910      
21       737      752      326      616      392      519      730      763      331      671      1022     810      792      785      514      580      930      183      236      357      178      0        1004     590      468      721      506      515      717      367      118      645      592      956      995      895      1314     570      1022     593      773      
22       318      1205     936      455      612      699      889      396      1133     1008     81       1088     535      1020     674      849      215      1101     896      661      1160     1004     0        414      1004     362      578      496      708      707      909      605      583      486      205      504      738      1033     731      1048     298      
23       198      917      561      184      198      392      662      296      745      733      436      849      427      788      363      564      373      695      501      255      748      590      414      0        662      217      241      98       512      324      496      377      315      520      434      485      887      719      707      739      233      
24       859      298      759      550      536      843      316      632      233      211      985      345      1040     329      330      205      1031     647      652      586      608      468      1004     662      0        644      749      564      403      347      389      926      426      731      901      666      1020     102      687      125      895      
25       338      846      760      107      359      609      542      81       789      650      341      741      610      674      314      488      439      856      685      440      894      721      362      217      644      0        458      225      367      375      610      586      220      303      279      270      671      671      501      686      359      
26       265      1035     358      409      215      151      836      536      757      873      625      1004     299      950      521      711      447      550      333      169      624      506      578      241      749      458      0        268      712      410      454      178      512      761      654      724      1128     828      939      851      295      
27       295      824      535      147      134      415      584      291      649      644      508      765      505      705      275      475      472      636      460      214      680      515      496      98       564      225      268      0        446      226      413      431      245      515      484      470      888      624      674      644      331      
28       687      510      899      330      520      852      181      312      619      314      665      380      939      312      217      198      806      893      798      607      892      717      708      512      403      367      712      446      0        376      601      877      200      334      555      272      625      379      307      385      714      
29       518      626      524      268      194      523      450      403      426      465      706      599      695      550      159      310      698      530      422      261      545      367      707      324      347      375      410      226      376      0        249      589      225      589      654      528      949      419      669      442      555      
30       659      684      371      504      301      500      625      648      312      581      921      722      751      690      396      474      852      292      264      289      297      118      909      496      389      610      454      413      601      249      0        612      474      838      887      777      1196     490      905      514      696      
31       297      1214     413      560      394      137      1010     668      922      1051     668      1181     152      1126     696      888      422      647      433      342      732      645      605      377      926      586      178      431      877      589      612      0        677      886      729      857      1241     1007     1084     1030     309      
32       501      630      723      144      327      654      348      208      590      436      559      540      743      476      101      270      640      755      628      417      771      592      583      315      426      220      512      245      200      225      474      677      0        365      477      303      723      450      456      466      531      
33       616      832      1049     370      640      913      495      225      932      643      417      678      892      613      455      530      654      1113     965      728      1134     956      486      520      731      303      761      515      334      589      838      886      365      0        287      65       373      714      245      720      627      
34       432      1064     995      386      617      795      734      269      1063     867      131      930      693      862      578      722      402      1121     935      687      1165     995      205      434      901      279      654      484      555      654      887      729      477      287      0        316      542      912      531      924      427      
35       599      775      999      323      591      875      438      189      867      584      442      626      874      559      392      466      656      1055     913      679      1074     895      504      485      666      270      724      470      272      528      777      857      303      65       316      0        425      651      239      658      613      
36       955      1030     1422     744      1013     1279     724      597      1244     875      657      852      1227     800      802      817      944      1478     1337     1101     1493     1314     738      887      1020     671      1128     888      625      949      1196     1241     723      373      542      425      0        975      338      973      958      
37       917      207      859      586      613      930      252      647      317      119      1006     244      1113     235      365      189      1079     749      751      670      709      570      1033     719      102      671      828      624      379      419      490      1007     450      714      912      651      975      0        637      24       951      
38       836      698      1179     530      779      1089     386      420      915      537      662      523      1111     467      511      486      895      1195     1084     869      1198     1022     731      707      687      501      939      674      307      669      905      1084     456      245      531      239      338      637      0        635      852      
39       937      184      883      604      636      954      248      660      334      106      1020     224      1136     220      383      201      1097     771      776      694      730      593      1048     739      125      686      851      644      385      442      514      1030     466      720      924      658      973      24       635      0        971      
40       37       1148     652      387      398      402      878      436      968      960      359      1071     268      1007     591      791      157      841      626      416      910      773      298      233      895      359      295      331      714      555      696      309      531      627      427      613      958      951      852      971      0        
;

