
sets
i        orders          /0*10/
k        routes          /1*10/
p        positions       /0*10/
;

alias(i,j)
alias(i,h)
alias(i,hh)
alias(i,jj)
alias(k,kk)
                
                    Parameters

rho(i)	Processing time
/
0	0
1	28
2	26
3	15
4	19
5	82
6	86
7	28
8	46
9	47
10	64
/

gamma(i)	Duedate
/
0	0
1	14
2	38
3	78
4	39
5	75
6	86
7	62
8	69
9	16
10	81
/

sigma(i)	Size
/
0	0
1	4
2	4
3	7
4	6
5	7
6	4
7	1
8	8
9	8
10	3
/

epsilon(i)	Priority
/
0	0
1	9
2	6
3	4
4	1
5	8
6	8
7	8
8	2
9	1
10	5
/

psi	Vehicle Capacity
/ 26 /
;

Table kappa(i,j)                 Setup
         0        1        2        3        4        5        6        7        8        9        10       
0        0        69       125      80       329      68       196      352      210      126      215      
1        69       0        58       105      297      6        147      314      240      96       204      
2        125      58       0        133      258      62       101      268      255      80       187      
3        80       105      133      0        263      109      158      292      135      83       139      
4        329      297      258      263      0        303      157      42       252      204      132      
5        68       6        62       109      303      0        153      320      244      102      210      
6        196      147      101      158      157      153      0        168      231      75       120      
7        352      314      268      292      42       320      168      0        292      226      168      
8        210      240      255      135      252      244      231      292      0        179      129      
9        126      96       80       83       204      102      75       226      179      0        110      
10       215      204      187      139      132      210      120      168      129      110      0        
;



Table delta(i,j)                 Distance
         0        1        2        3        4        5        6        7        8        9        10       
0        0        3430     1800     450      1310     2530     1180     1620     1630     3260     200      
1        3430     0        293      330      289      116      243      180      193      31       326      
2        1800     293      0        211      262      176      100      165      123      264      181      
3        450      330      211      0        88       252      131      153      167      317      32       
4        1310     289      262      88       0        241      164      141      175      284      113      
5        2530     116      176      252      241      0        140      102      90       88       239      
6        1180     243      100      131      164      140      0        76       51       222      109      
7        1620     180      165      153      141      102      76       0        45       164      145      
8        1630     193      123      167      175      90       51       45       0        170      150      
9        3260     31       264      317      284      88       222      164      170      0        310      
10       200      326      181      32       113      239      109      145      150      310      0        
;

