
sets
i        orders          /0*10/
k        routes          /1*10/
p        positions       /0*10/
;

alias(i,j)
alias(i,h)
alias(i,hh)
alias(i,jj)
alias(k,kk)
                
                    Parameters

rho(i)	Processing time
/
0	0
1	65
2	3
3	19
4	95
5	66
6	35
7	63
8	60
9	97
10	63
/

gamma(i)	Duedate
/
0	0
1	36
2	13
3	59
4	73
5	34
6	74
7	59
8	64
9	48
10	1
/

sigma(i)	Size
/
0	0
1	5
2	3
3	2
4	5
5	6
6	3
7	5
8	5
9	6
10	3
/

epsilon(i)	Priority
/
0	0
1	1
2	3
3	2
4	9
5	1
6	9
7	4
8	8
9	7
10	5
/

psi	Vehicle Capacity
/ 20 /
;

Table kappa(i,j)                 Setup
         0        1        2        3        4        5        6        7        8        9        10       
0        0        91       286      257      273      171      275      119      164      284      412      
1        91       0        197      210      187      80       210      40       94       212      329      
2        286      197      0        275      131      118      232      187      189      207      234      
3        257      210      275      0        154      208      57       171      120      89       218      
4        273      187      131      154      0        127      103      154      117      76       143      
5        171      80       118      208      127      0        186      72       93       176      270      
6        275      210      232      57       103      186      0        169      116      31       164      
7        119      40       187      171      154      72       169      0        53       172      294      
8        164      94       189      120      117      93       116      53       0        120      249      
9        284      212      207      89       76       176      31       172      120      0        139      
10       412      329      234      218      143      270      164      294      249      139      0        
;



Table delta(i,j)                 Distance
         0        1        2        3        4        5        6        7        8        9        10       
0        0        2380     1710     2090     2440     610      3750     2130     3200     2720     1580     
1        2380     0        90       49       39       177      143      214      83       92       94       
2        1710     90       0        96       77       116      207      135      171      101      90       
3        2090     49       96       0        84       148      188      231      114      137      52       
4        2440     39       77       84       0        184      131      184      100      53       118      
5        610      177      116      148      184      0        315      191      258      217      97       
6        3750     143      207      188      131      315      0        281      93       120      237      
7        2130     214      135      231      184      191      281      0        283      163      219      
8        3200     83       171      114      100      258      93       283      0        129      166      
9        2720     92       101      137      53       217      120      163      129      0        166      
10       1580     94       90       52       118      97       237      219      166      166      0        
;

