
sets
i        orders          /0*10/
k        routes          /1*10/
p        positions       /0*10/
;

alias(i,j)
alias(i,h)
alias(i,hh)
alias(i,jj)
alias(k,kk)
                
                    Parameters

rho(i)	Processing time
/
0	0
1	51
2	25
3	80
4	26
5	71
6	18
7	98
8	6
9	72
10	8
/

gamma(i)	Duedate
/
0	0
1	67
2	7
3	47
4	24
5	32
6	95
7	31
8	5
9	5
10	25
/

sigma(i)	Size
/
0	0
1	9
2	1
3	8
4	4
5	9
6	6
7	8
8	4
9	5
10	5
/

epsilon(i)	Priority
/
0	0
1	4
2	8
3	7
4	2
5	8
6	4
7	9
8	5
9	8
10	9
/

psi	Vehicle Capacity
/ 12 /
;

Table kappa(i,j)                 Setup
         0        1        2        3        4        5        6        7        8        9        10       
0        0        114      190      150      218      141      114      82       147      79       51       
1        114      0        106      50       163      254      168      94       252      124      119      
2        190      106      0        57       68       328      177      120      292      149      165      
3        150      50       57       0        119      292      172      100      274      133      139      
4        218      163      68       119      0        344      165      137      287      155      179      
5        141      254      328      292      344      0        193      210      107      188      165      
6        114      168      177      172      165      193      0        74       122      45       65       
7        82       94       120      100      137      210      74       0        174      32       44       
8        147      252      292      274      287      107      122      174      0        143      135      
9        79       124      149      133      155      188      45       32       143      0        28       
10       51       119      165      139      179      165      65       44       135      28       0        
;



Table delta(i,j)                 Distance
         0        1        2        3        4        5        6        7        8        9        10       
0        0        840      730      2690     1200     1280     1880     1440     1880     2390     840      
1        840      0        148      346      114      160      268      60       247      251      64       
2        730      148      0        198      123      92       120      207      119      201      116      
3        2690     346      198      0        290      227      84       404      133      270      306      
4        1200     114      123      290      0        64       228      147      165      137      50       
5        1280     160      92       227      64       0        173      204      101      112      99       
6        1880     268      120      84       228      173      0        327      106      247      234      
7        1440     60       207      404      147      204      327      0        299      279      105      
8        1880     247      119      133      165      101      106      299      0        143      193      
9        2390     251      201      270      137      112      247      279      143      0        187      
10       840      64       116      306      50       99       234      105      193      187      0        
;

