
sets
i        orders          /0*10/
k        routes          /1*10/
p        positions       /0*10/
;

alias(i,j)
alias(i,h)
alias(i,hh)
alias(i,jj)
alias(k,kk)
                
                    Parameters

rho(i)	Processing time
/
0	0
1	57
2	86
3	90
4	11
5	16
6	39
7	77
8	35
9	7
10	76
/

gamma(i)	Duedate
/
0	0
1	54
2	55
3	20
4	13
5	13
6	76
7	76
8	98
9	37
10	38
/

sigma(i)	Size
/
0	0
1	8
2	2
3	9
4	7
5	5
6	8
7	2
8	1
9	1
10	1
/

epsilon(i)	Priority
/
0	0
1	4
2	3
3	2
4	7
5	4
6	1
7	8
8	7
9	4
10	1
/

psi	Vehicle Capacity
/ 33 /
;

Table kappa(i,j)                 Setup
         0        1        2        3        4        5        6        7        8        9        10       
0        0        187      81       106      303      256      231      257      255      89       114      
1        187      0        105      163      116      89       116      211      124      119      133      
2        81       105      0        99       221      177      163      216      189      49       84       
3        106      163      99       0        270      250      255      315      175      52       30       
4        303      116      221      270      0        78       149      251      148      233      239      
5        256      89       177      250      78       0        70       173      184      204      221      
6        231      116      163      255      149      70       0        104      235      203      229      
7        257      211      216      315      251      173      104      0        334      264      296      
8        255      124      189      175      148      184      235      334      0        166      150      
9        89       119      49       52       233      204      203      264      166      0        35       
10       114      133      84       30       239      221      229      296      150      35       0        
;



Table delta(i,j)                 Distance
         0        1        2        3        4        5        6        7        8        9        10       
0        0        1780     1350     3450     1290     2560     1920     1610     2060     1690     790      
1        1780     0        101      171      167      208      152      159      36       47       98       
2        1350     101      0        261      200      136      69       211      106      60       84       
3        3450     171      261      0        294      316      286      266      155      201      266      
4        1290     167      200      294      0        336      269      38       204      192      116      
5        2560     208      136      316      336      0        67       345      189      162      221      
6        1920     152      69       286      269      67       0        279      141      105      153      
7        1610     159      211      266      38       345      279      0        195      192      131      
8        2060     36       106      155      204      189      141      195      0        46       127      
9        1690     47       60       201      192      162      105      192      46       0        95       
10       790      98       84       266      116      221      153      131      127      95       0        
;

