

sets
i        orders          /0*40/
k        routes          /1*40/
p        positions       /0*40/
;

alias(i,j)
alias(i,h)
alias(i,hh)
alias(i,jj)
alias(k,kk)
                            Parameters

rho(i)	Processing time
/
0	0
1	84
2	21
3	44
4	42
5	24
6	57
7	26
8	34
9	58
10	9
11	18
12	24
13	72
14	23
15	31
16	13
17	53
18	9
19	67
20	21
21	25
22	1
23	70
24	42
25	10
26	7
27	26
28	96
29	9
30	31
31	40
32	6
33	75
34	9
35	6
36	33
37	11
38	24
39	6
40	33
/

gamma(i)	Duedate
/
0	0
1	79
2	4
3	14
4	13
5	83
6	31
7	79
8	59
9	86
10	31
11	96
12	54
13	20
14	5
15	67
16	8
17	20
18	45
19	15
20	36
21	47
22	64
23	89
24	51
25	2
26	74
27	3
28	27
29	78
30	16
31	57
32	66
33	29
34	99
35	95
36	23
37	19
38	72
39	66
40	87
/

sigma(i)	Size
/
0	0
1	8
2	8
3	9
4	5
5	2
6	4
7	6
8	8
9	8
10	5
11	2
12	1
13	6
14	1
15	2
16	1
17	9
18	6
19	5
20	6
21	8
22	5
23	3
24	7
25	3
26	4
27	9
28	2
29	3
30	2
31	5
32	6
33	2
34	5
35	1
36	3
37	1
38	8
39	3
40	8
/

epsilon(i)	Priority
/
0	0
1	5
2	2
3	3
4	6
5	4
6	7
7	6
8	5
9	2
10	5
11	5
12	1
13	7
14	1
15	5
16	9
17	9
18	1
19	4
20	2
21	1
22	8
23	4
24	1
25	8
26	9
27	9
28	9
29	2
30	7
31	3
32	5
33	2
34	2
35	3
36	9
37	4
38	4
39	7
40	6
/

psi	Vehicle Capacity
/ 13 /
;

Table kappa(i,j)                 Setup
         0        1        2        3        4        5        6        7        8        9        10       11       12       13       14       15       16       17       18       19       20       21       22       23       24       25       26       27       28       29       30       31       32       33       34       35       36       37       38       39       40       
0        0        133      284      164      274      159      328      185      332      338      217      286      306      86       337      354      102      285      93       159      49       281      365      219      72       391      51       445      125      144      264      251      285      223      423      349      367      60       44       293      237      
1        133      0        172      67       159      102      259      119      235      208      179      184      173      111      210      221      154      154      88       129      169      180      232      180      70       259      177      314      170      67       146      216      158      112      290      221      242      140      177      166      121      
2        284      172      0        213      15       259      365      265      73       98       149      265      120      284      206      153      326      153      196      290      329      31       168      326      239      163      335      185      342      139      29       164      61       210      207      91       95       258      327      186      201      
3        164      67       213      0        198      46       192      54       283      220      246      124      171      103      178      213      138      137      150      78       184      229      221      117      91       256      196      320      146      134      184      283      179      59       278      237      263      191      202      135      74       
4        274      159      15       198      0        244      350      249      88       93       152      250      108      271      194      145      313      139      188      275      318      43       160      311      227      159      324      187      329      130      14       170      50       194      202      89       98       251      318      172      186      
5        159      102      259      46       244      0        172      25       328      264      281      130      213      81       207      252      105      175      172      32       166      274      259      77       93       296      180      362      108      169      230      319      225      85       315      282      308      200      191      167      103      
6        328      259      365      192      350      172      0        147      439      323      435      101      267      243      202      279      247      222      341      169      324      390      276      113      265      319      338      388      235      325      337      471      311      160      314      345      373      372      353      192      165      
7        185      119      265      54       249      25       147      0        336      260      299      107      207      105      192      243      125      166      194      42       191      282      248      62       118      287      204      355      124      187      235      336      226      73       303      280      306      225      216      154      90       
8        332      235      73       283      88       328      439      336      0        147      150      338      185      345      272      208      388      223      240      359      380      55       222      398      298      205      384      202      405      189      102      148      130      283      248      131      117      296      373      256      275      
9        338      208      98       220      93       264      323      260      147      0        245      221      56       314      132      61       354      102      264      296      377      128      74       315      279      66       386      106      365      206      92       262      55       190      109      22       50       328      383      130      175      
10       217      179      149      246      152      281      435      299      150      245      0        348      251      262      328      294      300      266      128      305      266      124      309      359      213      311      266      333      322      112      154      37       197      277      354      240      242      166      251      294      278      
11       286      184      265      124      250      130      101      107      338      221      348      0        166      211      109      181      232      120      272      147      297      291      181      123      214      224      310      294      229      244      237      382      210      72       226      244      272      316      320      91       70       
12       306      173      120      171      108      213      267      207      185      56       251      166      0        270      87       49       309      46       242      245      340      151      62       260      240      86       350      148      318      187      100      275      58       136      118      78       106      304      350      75       120      
13       86       111      284      103      271      81       243      105      345      314      262      211      270      0        281      314      42       239      135      74       85       291      323      133      49       356      99       417      61       161      258      299      266      159      381      329      351      138      111      238      176      
14       337      210      206      178      194      207      202      192      272      132      328      109      87       281      0        78       313      62       293      234      362      237      74       228      265      117      374      186      315      246      185      356      145      122      117      154      181      350      378      43       105      
15       354      221      153      213      145      252      279      243      208      61       294      181      49       314      78       0        351      76       291      282      387      184      15       289      287      44       397      113      359      236      140      315      97       169      69       80       105      353      398      93       152      
16       102      154      326      138      313      105      247      125      388      354      300      232      309      42       313      351      0        275      171      86       79       333      359      134      90       394      93       457      23       202      300      336      308      190      417      369      393      162      110      271      207      
17       285      154      153      137      139      175      222      166      223      102      266      120      46       239      62       76       275      0        233      205      315      182      84       216      216      120      326      188      282      185      128      295      92       93       141      124      152      293      328      33       76       
18       93       88       196      150      188      172      341      194      240      264      128      272      242      135      293      291      171      233      0        188      142      190      304      248      88       323      144      369      193      58       180      165      209      200      360      271      285      63       133      251      209      
19       159      129      290      78       275      32       169      42       359      296      305      147      245      74       234      282      86       205      188      0        157      304      288      61       102      326      171      393      83       194      261      342      257      113      344      314      340      207      184      195      131      
20       49       169      329      184      318      166      324      191      380      377      266      297      340      85       362      387      79       315      142      157      0        328      397      211      99       427      14       483      98       191      308      300      325      242      455      389      409      105      32       318      258      
21       281      180      31       229      43       274      390      282      55       128      124      291      151      291      237      184      333      182      190      304      328      0        199      344      244      192      333      209      351      137      54       136      92       232      236      119      118      250      324      215      225      
22       365      232      168      221      160      259      276      248      222      74       309      181      62       323      74       15       359      84       304      288      397      199      0        292      298      43       408      113      366      250      155      330      112      175      58       93       116      366      409      95       157      
23       219      180      326      117      311      77       113      62       398      315      359      123      260      133      228      289      134      216      248      61       211      344      292      0        163      334      225      403      122      247      297      397      285      124      344      335      363      268      241      197      139      
24       72       70       239      91       227      93       265      118      298      279      213      214      240      49       265      287      90       216      88       102      99       244      298      163      0        327      110      384      110      112      215      250      228      150      356      292      313      107      113      221      164      
25       391      259      163      256      159      296      319      287      205      66       311      224      86       356      117      44       394      120      323      326      427      192      43       334      327      0        436      70       402      266      157      328      117      213      43       75       89       386      436      137      196      
26       51       177      335      196      324      180      338      204      384      386      266      310      350      99       374      397      93       326      144      171      14       333      408      225      110      436      0        492      112      196      314      298      333      255      466      397      416      102      20       330      270      
27       445      314      185      320      187      362      388      355      202      106      333      294      148      417      186      113      457      188      369      393      483      209      113      403      384      70       492      0        466      310      190      343      160      281      83       98       91       432      489      207      265      
28       125      170      342      146      329      108      235      124      405      365      322      229      318      61       315      359      23       282      193      83       98       351      366      122      110      402      112      466      0        222      316      358      321      193      423      381      405      185      131      275      211      
29       144      67       139      134      130      169      325      187      189      206      112      244      187      161      246      236      202      185      58       194      191      137      250      247      112      266      196      310      222      0        122      149      151      171      304      212      227      122      188      206      175      
30       264      146      29       184      14       230      337      235      102      92       154      237      100      258      185      140      300      128      180      261      308      54       155      297      215      157      314      190      316      122      0        175      43       180      200      92       104      244      308      160      172      
31       251      216      164      283      170      319      471      336      148      262      37       382      275      299      356      315      336      295      165      342      300      136      330      397      250      328      298      343      358      149      175      0        219      312      371      255      252      197      282      324      312      
32       285      158      61       179      50       225      311      226      130      55       197      210      58       266      145      97       308      92       209      257      325      92       112      285      228      117      333      160      321      151      43       219      0        162      158      63       85       273      330      125      151      
33       223      112      210      59       194      85       160      73       283      190      277      72       136      159      122      169      190      93       200      113      242      232      175      124      150      213      255      281      193      171      180      312      162      0        230      211      238      247      261      82       17       
34       423      290      207      278      202      315      314      303      248      109      354      226      118      381      117      69       417      141      360      344      455      236      58       344      356      43       466      83       423      304      200      371      158      230      0        118      131      422      467      149      212      
35       349      221      91       237      89       282      345      280      131      22       240      244      78       329      154      80       369      124      271      314      389      119      93       335      292      75       397      98       381      212      92       255      63       211      118      0        28       334      393      153      196      
36       367      242      95       263      98       308      373      306      117      50       242      272      106      351      181      105      393      152      285      340      409      118      116      363      313      89       416      91       405      227      104      252      85       238      131      28       0        348      411      181      224      
37       60       140      258      191      251      200      372      225      296      328      166      316      304      138      350      353      162      293      63       207      105      250      366      268      107      386      102      432      185      122      244      197      273      247      422      334      348      0        85       307      259      
38       44       177      327      202      318      191      353      216      373      383      251      320      350      111      378      398      110      328      133      184      32       324      409      241      113      436      20       489      131      188      308      282      330      261      467      393      411      85       0        335      276      
39       293      166      186      135      172      167      192      154      256      130      294      91       75       238      43       93       271      33       251      195      318      215      95       197      221      137      330      207      275      206      160      324      125      82       149      153      181      307      335      0        64       
40       237      121      201      74       186      103      165      90       275      175      278      70       120      176      105      152      207      76       209      131      258      225      157      139      164      196      270      265      211      175      172      312      151      17       212      196      224      259      276      64       0        
;



Table delta(i,j)                 Distance
         0        1        2        3        4        5        6        7        8        9        10       11       12       13       14       15       16       17       18       19       20       21       22       23       24       25       26       27       28       29       30       31       32       33       34       35       36       37       38       39       40       
0        0        79       180      196      175      64       300      217      254      143      115      176      194      221      261      289      95       58       169      167      192      34       241      173      98       217      223      90       275      135      210      312      103      88       244      138      175      156      50       112      220      
1        79       0        148      123      100      82       285      246      179      194      148      159      151      154      239      210      111      116      173      119      123      91       201      235      134      144      299      163      199      140      147      296      152      165      193      208      130      113      79       118      251      
2        180      148      0        117      121      222      431      388      160      175      287      307      288      263      383      237      101      237      76       41       103      158      336      352      127      234      386      266      178      288      263      442      154      258      319      229      268      38       213      83       392      
3        196      123      117      0        24       203      358      358      59       263      266      247      209      162      308      122      170      239      186      77       13       194      251      359      202      127      419      285      80       248      167      367      229      284      225      300      192      87       202      162      364      
4        175      100      121      24       0        179      336      333      79       253      242      223      187      146      286      128      159      217      185      80       30       176      231      335      190      114      398      263      99       223      149      346      216      263      206      286      170      86       179      153      339      
5        64       82       222      203      179      0        235      166      256      208      66       112      136      178      196      272      154      49       227      199      204      98       180      158      162      184      233      100      275      72       164      247      168      111      189      195      120      191      14       168      171      
6        300      285      431      358      336      235      0        156      384      442      201      126      149      211      50       342      386      261      456      396      367      333      113      270      397      248      368      291      393      165      199      12       403      310      149      418      166      393      249      397      163      
7        217      246      388      358      333      166      156      0        403      339      102      130      192      265      155      393      313      161      387      365      362      249      197      118      312      292      214      167      419      110      249      166      307      187      231      299      193      357      175      329      8        
8        254      179      160      59       79       256      384      403      0        319      317      284      237      175      334      84       228      296      234      125      66       254      272      414      259      138      477      342      21       293      185      392      286      343      240      359      224      138      257      217      410      
9        143      194      175      263      253      208      442      339      319      0        247      320      335      349      404      381      93       183      108      195      253      111      383      254      63       336      247      174      340      277      341      454      42       156      383      65       315      182      193      101      340      
10       115      148      287      266      242      66       201      102      317      247      0        100      150      211      174      323      211      63       285      265      268      148      180      108      212      227      199      91       335      48       195      213      211      109      202      217      140      257      73       227      106      
11       176      159      307      247      223      112      126      130      284      320      100      0        61       135      85       264      259      146      329      274      254      209      81       200      271      163      296      188      297      52       118      138      279      205      106      304      63       270      126      270      139      
12       194      151      288      209      187      136      149      192      237      335      150      61       0        74       99       207      261      182      324      251      218      223      49       256      280      106      349      230      248      103      59       158      293      244      53       331      20       250      150      269      200      
13       221      154      263      162      146      178      211      265      175      349      211      135      74       0        162      134      264      227      314      222      174      243      98       319      288      37       407      278      183      168      16       218      307      289      64       359      73       225      188      266      274      
14       261      239      383      308      286      196      50       155      334      404      174      85       99       162      0        295      343      228      411      347      317      294      65       258      356      199      357      265      344      131      150      59       364      283      103      386      116      345      211      353      163      
15       289      210      237      122      128      272      342      393      84       381      323      264      207      134      295      0        288      318      308      198      134      298      229      428      318      101      504      369      76       288      148      348      344      373      192      412      201      209      277      281      401      
16       95       111      101      170      159      154      386      313      228      93       211      259      261      264      343      288      0        152      74       109      161      65       311      258      31       247      285      171      248      226      257      398      59       160      305      133      241      95       141      18       315      
17       58       116      237      239      217      49       261      161      296      183      63       146      182      227      228      318      152      0        226      222      239      87       222      119      150      233      186      51       315      97       213      273      148      62       235      158      166      212      40       169      163      
18       169      173      76       186      185      227      456      387      234      108      285      329      324      314      411      308      74       226      0        110      174      138      373      328      82       290      343      241      253      299      310      467      101      228      362      171      303      99       215      59       389      
19       167      119      41       77       80       199      396      365      125      195      265      274      251      222      347      198      109      222      110      0        64       153      298      340      139      192      384      257      145      260      222      407      167      252      279      242      231      13       192      95       370      
20       192      123      103      13       30       204      367      362      66       253      268      254      218      174      317      134      161      239      174      64       0        189      261      358      192      140      416      282      87       252      178      377      220      281      236      293      201      75       202      151      368      
21       34       91       158      194      176      98       333      249      254      111      148      209      223      243      294      298      65       87       138      153      189      0        271      194      64       235      231      108      275      169      233      346      70       99       272      116      204      140      84       83       251      
22       241      201      336      251      231      180      113      197      272      383      180      81       49       98       65       229      311      222      373      298      261      271      0        281      329      135      377      267      281      132      87       120      341      282      39       375      70       298      194      318      205      
23       173      235      352      359      335      158      270      118      414      254      108      200      256      319      258      428      258      119      328      340      358      194      281      0        246      335      99       87       433      153      304      281      232      100      306      201      248      329      156      276      114      
24       98       134      127      202      190      162      397      312      259      63       212      271      280      288      356      318      31       150      82       139      192      64       329      246      0        273      263      159      280      234      281      409      28       146      325      103      259      125      148      44       314      
25       217      144      234      127      114      184      248      292      138      336      227      163      106      37       199      101      247      233      290      192      140      235      135      335      273      0        418      285      145      189      49       255      295      293      102      352      99       197      193      247      300      
26       223      299      386      419      398      233      368      214      477      247      199      296      349      407      357      504      285      186      343      384      416      231      377      99       263      418      0        136      497      247      392      379      241      134      401      182      339      372      227      303      208      
27       90       163      266      285      263      100      291      167      342      174      91       188      230      278      265      369      171      51       241      257      282      108      267      87       159      285      136      0        362      136      264      303      148      19       283      132      216      246      92       189      166      
28       275      199      178      80       99       275      393      419      21       340      335      297      248      183      344      76       248      315      253      145      87       275      281      433      280      145      497      362      0        309      194      401      307      363      247      380      236      158      276      238      426      
29       135      140      288      248      223      72       165      110      293      277      48       52       103      168      131      288      226      97       299      260      252      169      132      153      234      189      247      136      309      0        152      177      238      153      154      255      96       254      85       240      116      
30       210      147      263      167      149      164      199      249      185      341      195      118      59       16       150      148      257      213      310      222      178      233      87       304      281      49       392      264      194      152      0        207      299      275      57       348      57       225      175      261      257      
31       312      296      442      367      346      247      12       166      392      454      213      138      158      218      59       348      398      273      467      407      377      346      120      281      409      255      379      303      401      177      207      0        415      322      156      430      176      404      262      409      173      
32       103      152      154      229      216      168      403      307      286      42       211      279      293      307      364      344      59       148      101      167      220      70       341      232      28       295      241      148      307      238      299      415      0        132      341      75       273      153      153      72       309      
33       88       165      258      284      263      111      310      187      343      156      109      205      244      289      283      373      160      62       228      252      281      99       282      100      146      293      134      19       363      153      275      322      132      0        297      112      229      240      100      178      186      
34       244      193      319      225      206      189      149      231      240      383      202      106      53       64       103      192      305      235      362      279      236      272      39       306      325      102      401      283      247      154      57       156      341      297      0        382      69       280      202      310      240      
35       138      208      229      300      286      195      418      299      359      65       217      304      331      359      386      412      133      158      171      242      293      116      375      201      103      352      182      132      380      255      348      430      75       112      382      0        313      229      180      148      298      
36       175      130      268      192      170      120      166      193      224      315      140      63       20       73       116      201      241      166      303      231      201      204      70       248      259      99       339      216      236      96       57       176      273      229      69       313      0        230      133      248      201      
37       156      113      38       87       86       191      393      357      138      182      257      270      250      225      345      209      95       212      99       13       75       140      298      329      125      197      372      246      158      254      225      404      153      240      280      229      230      0        184      81       362      
38       50       79       213      202      179      14       249      175      257      193      73       126      150      188      211      277      141      40       215      192      202      84       194      156      148      193      227      92       276      85       175      262      153      100      202      180      133      184      0        156      179      
39       112      118      83       162      153      168      397      329      217      101      227      270      269      266      353      281      18       169      59       95       151      83       318      276      44       247      303      189      238      240      261      409      72       178      310      148      248      81       156      0        332      
40       220      251      392      364      339      171      163      8        410      340      106      139      200      274      163      401      315      163      389      370      368      251      205      114      314      300      208      166      426      116      257      173      309      186      240      298      201      362      179      332      0        
;

