
sets
i        orders          /0*10/
k        routes          /1*10/
p        positions       /0*10/
;

alias(i,j)
alias(i,h)
alias(i,hh)
alias(i,jj)
alias(k,kk)
                
                    Parameters

rho(i)	Processing time
/
0	0
1	80
2	35
3	68
4	28
5	29
6	40
7	54
8	16
9	60
10	66
/

gamma(i)	Duedate
/
0	0
1	49
2	4
3	37
4	64
5	80
6	98
7	53
8	94
9	67
10	6
/

sigma(i)	Size
/
0	0
1	4
2	6
3	9
4	6
5	6
6	8
7	1
8	7
9	5
10	2
/

epsilon(i)	Priority
/
0	0
1	2
2	4
3	5
4	8
5	8
6	7
7	9
8	7
9	9
10	2
/

psi	Vehicle Capacity
/ 43 /
;

Table kappa(i,j)                 Setup
         0        1        2        3        4        5        6        7        8        9        10       
0        0        187      121      191      187      210      212      133      156      213      139      
1        187      0        67       163      7        79       25       60       81       102      92       
2        121      67       0        158      68       115      92       17       61       129      57       
3        191      163      158      0        156      102      170      172      217      82       215      
4        187      7        68       156      0        71       25       64       87       94       98       
5        210      79       115      102      71       0        75       120      155      24       162      
6        212      25       92       170      25       75       0        86       101      99       114      
7        133      60       17       172      64       120      86       0        44       138      43       
8        156      81       61       217      87       155      101      44       0        175      18       
9        213      102      129      82       94       24       99       138      175      0        180      
10       139      92       57       215      98       162      114      43       18       180      0        
;



Table delta(i,j)                 Distance
         0        1        2        3        4        5        6        7        8        9        10       
0        0        196      87       105      191      162      86       131      249      196      132      
1        196      0        157      127      234      126      221      80       175      28       278      
2        87       157      0        31       252      185      64       76       271      145      218      
3        105      127      31       0        249      170      95       47       253      114      230      
4        191      234      252      249      0        109      277      234      126      256      123      
5        162      126      185      170      109      0        232      142      87       149      180      
6        86       221      64       95       277      232      0        141      319      210      213      
7        131      80       76       47       234      142      141      0        218      70       240      
8        249      175      271      253      126      87       319      218      0        203      238      
9        196      28       145      114      256      149      210      70       203      0        290      
10       132      278      218      230      123      180      213      240      238      290      0        
;

