
sets
i        orders          /0*10/
k        routes          /1*10/
p        positions       /0*10/
;

alias(i,j)
alias(i,h)
alias(i,hh)
alias(i,jj)
alias(k,kk)
                
                    Parameters

rho(i)	Processing time
/
0	0
1	45
2	94
3	52
4	81
5	92
6	17
7	68
8	29
9	61
10	25
/

gamma(i)	Duedate
/
0	0
1	38
2	15
3	5
4	22
5	18
6	42
7	58
8	41
9	22
10	26
/

sigma(i)	Size
/
0	0
1	5
2	7
3	9
4	5
5	3
6	8
7	9
8	7
9	8
10	4
/

epsilon(i)	Priority
/
0	0
1	7
2	2
3	1
4	5
5	8
6	4
7	6
8	5
9	2
10	5
/

psi	Vehicle Capacity
/ 13 /
;

Table kappa(i,j)                 Setup
         0        1        2        3        4        5        6        7        8        9        10       
0        0        112      14       92       73       127      92       56       71       75       66       
1        112      0        127      89       144      43       124      162      49       186      97       
2        14       127      0        101      73       141      96       45       86       61       74       
3        92       89       101      0        160      67       38       146      92       141      28       
4        73       144      73       160      0        175      165      55       95       111      138      
5        127      43       141      67       175      0        105      182      82       194      87       
6        92       124      96       38       165      105      0        139      118      119      32       
7        56       162      45       146      55       182      139      0        116      57       119      
8        71       49       86       92       95       82       118      116      0        147      86       
9        75       186      61       141      111      194      119      57       147      0        112      
10       66       97       74       28       138      87       32       119      86       112      0        
;



Table delta(i,j)                 Distance
         0        1        2        3        4        5        6        7        8        9        10       
0        0        318      237      116      203      291      272      224      225      174      149      
1        318      0        87       210      117      182      47       185      104      272      231      
2        237      87       0        140      56       193      53       164      68       230      180      
3        116      210      140      0        93       182      163      117      110      114      64       
4        203      117      56       93       0        153      70       112      29       174      124      
5        291      182      193      182      153      0        156      67       127      150      144      
6        272      47       53       163      70       156      0        146      57       228      185      
7        224      185      164      117      112      67       146      0        96       96       78       
8        225      104      68       110      29       127      57       96       0        171      127      
9        174      272      230      114      174      150      228      96       171      0        52       
10       149      231      180      64       124      144      185      78       127      52       0        
;

