
sets
i        orders          /0*10/
k        routes          /1*10/
p        positions       /0*10/
;

alias(i,j)
alias(i,h)
alias(i,hh)
alias(i,jj)
alias(k,kk)
                
                    Parameters

rho(i)	Processing time
/
0	0
1	10
2	7
3	85
4	26
5	63
6	50
7	32
8	38
9	10
10	61
/

gamma(i)	Duedate
/
0	0
1	10
2	76
3	78
4	61
5	47
6	38
7	97
8	1
9	94
10	76
/

sigma(i)	Size
/
0	0
1	8
2	3
3	1
4	5
5	9
6	5
7	2
8	3
9	4
10	3
/

epsilon(i)	Priority
/
0	0
1	3
2	2
3	3
4	8
5	3
6	4
7	2
8	1
9	8
10	9
/

psi	Vehicle Capacity
/ 36 /
;

Table kappa(i,j)                 Setup
         0        1        2        3        4        5        6        7        8        9        10       
0        0        153      101      203      179      83       82       138      81       201      160      
1        153      0        236      68       51       196      215      190      145      134      204      
2        101      236      0        268      246      46       21       113      101      229      130      
3        203      68       268      0        23       223      249      193      168      93       201      
4        179      51       246      23       0        201      226      176      146      89       185      
5        83       196      46       223      201      0        31       73       55       183      93       
6        82       215      21       249      226      31       0        104      82       214      122      
7        138      190      113      193      176      73       104      0        61       128      22       
8        81       145      101      168      146      55       82       61       0        133      82       
9        201      134      229      93       89       183      214      128      133      0        126      
10       160      204      130      201      185      93       122      22       82       126      0        
;



Table delta(i,j)                 Distance
         0        1        2        3        4        5        6        7        8        9        10       
0        0        275      332      291      331      262      236      293      252      328      270      
1        275      0        176      106      57       46       245      37       104      142      128      
2        332      176      0        282      195      221      154      142      93       37       67       
3        291      106      282      0        111      63       335      141      206      249      232      
4        331      57       195      111      0        78       291      60       146      157      163      
5        262      46       221      63       78       0        274      84       142      188      168      
6        236      245      154      335      291      274      0        231      145      176      134      
7        293      37       142      141      60       84       231      0        85       107      103      
8        252      104      93       206      146      142      145      85       0        77       27       
9        328      142      37       249      157      188      176      107      77       0        58       
10       270      128      67       232      163      168      134      103      27       58       0        
;

