

sets
i        orders          /0*20/
k        routes          /1*20/
p        positions       /0*20/
;

alias(i,j)
alias(i,h)
alias(i,hh)
alias(i,jj)
alias(k,kk)
                            Parameters

rho(i)	Processing time
/
0	0
1	36
2	97
3	74
4	25
5	3
6	3
7	75
8	44
9	86
10	50
11	57
12	74
13	4
14	86
15	7
16	32
17	43
18	23
19	73
20	9
/

gamma(i)	Duedate
/
0	0
1	15
2	49
3	32
4	90
5	22
6	91
7	65
8	6
9	13
10	65
11	4
12	79
13	79
14	98
15	68
16	70
17	40
18	76
19	70
20	34
/

sigma(i)	Size
/
0	0
1	2
2	3
3	3
4	2
5	2
6	4
7	2
8	3
9	4
10	3
11	5
12	3
13	3
14	5
15	9
16	8
17	2
18	7
19	5
20	4
/

epsilon(i)	Priority
/
0	0
1	3
2	2
3	7
4	3
5	6
6	4
7	2
8	5
9	3
10	4
11	7
12	4
13	3
14	8
15	6
16	9
17	3
18	3
19	1
20	2
/

psi	Vehicle Capacity
/ 41 /
;

Table kappa(i,j)                 Setup
         0        1        2        3        4        5        6        7        8        9        10       11       12       13       14       15       16       17       18       19       20       
0        0        617      567      391      741      409      474      180      338      537      626      455      336      225      549      268      327      397      77       531      244      
1        617      0        54       1009     888      277      988      545      536      796      74       612      484      738      1124     349      849      254      607      778      440      
2        567      54       0        958      843      249      933      503      482      745      76       562      455      696      1070     298      808      219      560      727      400      
3        391      1009     958      0        877      790      362      514      624      668      1015     694      663      373      279      660      348      784      416      674      612      
4        741      888      843      877      0        919      553      886      442      214      831      316      999      961      738      731      1045     877      815      214      877      
5        409      277      249      790      919      0        853      287      488      768      326      605      207      477      955      199      582      44       373      754      181      
6        474      988      933      362      553      853      0        653      474      370      967      475      810      609      189      667      643      829      543      383      712      
7        180      545      503      514      886      287      653      0        453      692      574      580      158      193      714      244      304      294      110      684      106      
8        338      536      482      624      442      488      474      453      0        280      503      128      557      562      639      293      664      450      400      265      435      
9        537      796      745      668      214      768      370      692      280      0        751      183      819      751      559      571      832      730      612      19       698      
10       626      74       76       1015     831      326      967      574      503      751      0        568      532      766      1112     358      879      295      625      733      473      
11       455      612      562      694      316      605      475      580      128      183      568      0        685      680      658      415      777      564      522      165      562      
12       336      484      455      663      999      207      810      158      557      819      532      685      0        306      873      286      398      237      269      808      122      
13       225      738      696      373      961      477      609      193      562      751      766      680      306      0        619      423      114      487      167      748      299      
14       549      1124     1070     279      738      955      189      714      639      559      1112     658      873      619      0        785      619      938      604      573      794      
15       268      349      298      660      731      199      667      244      293      571      358      415      286      423      785      0        538      166      270      557      172      
16       327      849      808      348      1045     582      643      304      664      832      879      777      398      114      619      538      0        596      279      830      409      
17       397      254      219      784      877      44       829      294      450      730      295      564      237      487      938      166      596      0        370      715      187      
18       77       607      560      416      815      373      543      110      400      612      625      522      269      167      604      270      279      370      0        606      196      
19       531      778      727      674      214      754      383      684      265      19       733      165      808      748      573      557      830      715      606      0        687      
20       244      440      400      612      877      181      712      106      435      698      473      562      122      299      794      172      409      187      196      687      0        
;



Table delta(i,j)                 Distance
         0        1        2        3        4        5        6        7        8        9        10       11       12       13       14       15       16       17       18       19       20       
0        0        9900     14010    12570    3870     13590    7140     12180    11640    7620     3960     10500    12690    2520     14220    4380     4230     1620     7410     7470     15720    
1        9900     0        181      462      449      385      95       366      158      76       308      451      133      388      380      303      464      298      156      334      264      
2        14010    181      0        431      567      308      263      313      93       237      399      454      48       504      287      388      609      449      337      368      86       
3        12570    462      431      0        411      146      446      119      350      432      288      86       424      375      181      275      519      452      529      173      412      
4        3870     449      567      411      0        484      362      434      480      374      174      328      526      63       512      188      117      181      377      268      612      
5        13590    385      308      146      484      0        399      49       243      377      325      210      313      434      35       310      577      470      489      215      274      
6        7140     95       263      446      362      399      0        369      214      27       239      418      215      303      403      237      369      203      91       294      339      
7        12180    366      313      119      434      49       369      0        238      350      277      168      311      385      81       262      528      426      458      166      293      
8        11640    158      93       350      480      243      214      238      0        187      309      366      73       417      231      297      530      376      300      275      136      
9        7620     76       237      432      374      377      27       350      187      0        241      408      189      313      380      238      388      223      116      285      313      
10       3960     308      399      288      174      325      239      277      309      241      0        224      362      114      349      15       252      165      292      117      439      
11       10500    451      454      86       328      210      418      168      366      408      224      0        439      297      246      214      439      389      493      124      451      
12       12690    133      48       424      526      313      215      311      73       189      362      439      0        463      297      352      564      403      289      342      131      
13       2520     388      504      375      63       434      303      385      417      313      114      297      463      0        460      129      145      138      326      219      550      
14       14220    380      287      181      512      35       403      81       231      380      349      246      297      460      0        334      602      489      494      244      246      
15       4380     303      388      275      188      310      237      262      297      238      15       214      352      129      334      0        267      177      294      103      426      
16       4230     464      609      519      117      577      369      528      530      388      252      439      564      145      602      267      0        165      355      363      666      
17       1620     298      449      452      181      470      203      426      376      223      165      389      403      138      489      177      165      0        199      279      513      
18       7410     156      337      529      377      489      91       458      300      116      292      493      289      326      494      294      355      199      0        368      418      
19       7470     334      368      173      268      215      294      166      275      285      117      124      342      219      244      103      363      279      368      0        385      
20       15720    264      86       412      612      274      339      293      136      313      439      451      131      550      246      426      666      513      418      385      0        
;

