

sets
i        orders          /0*80/
k        routes          /1*80/
p        positions       /0*80/
;

alias(i,j)
alias(i,h)
alias(i,hh)
alias(i,jj)
alias(k,kk)
                            Parameters

rho(i)	Processing time
/
0	0
1	15
2	36
3	6
4	82
5	55
6	21
7	98
8	19
9	11
10	48
11	20
12	85
13	73
14	62
15	62
16	1
17	9
18	29
19	53
20	55
21	19
22	41
23	68
24	43
25	83
26	60
27	48
28	14
29	14
30	73
31	43
32	7
33	5
34	99
35	85
36	20
37	14
38	36
39	7
40	1
41	91
42	64
43	83
44	96
45	1
46	26
47	11
48	67
49	85
50	8
51	72
52	38
53	50
54	54
55	26
56	24
57	29
58	64
59	69
60	17
61	32
62	6
63	88
64	19
65	5
66	40
67	19
68	11
69	16
70	7
71	35
72	63
73	40
74	60
75	58
76	59
77	2
78	78
79	71
80	61
/

gamma(i)	Duedate
/
0	0
1	85
2	12
3	34
4	64
5	48
6	48
7	56
8	47
9	34
10	52
11	30
12	74
13	69
14	96
15	60
16	33
17	98
18	63
19	2
20	98
21	68
22	29
23	75
24	39
25	17
26	22
27	21
28	65
29	20
30	67
31	23
32	20
33	72
34	60
35	89
36	14
37	64
38	3
39	7
40	84
41	24
42	39
43	35
44	23
45	99
46	21
47	3
48	97
49	98
50	19
51	41
52	45
53	3
54	3
55	9
56	31
57	79
58	48
59	53
60	60
61	55
62	51
63	11
64	4
65	91
66	62
67	63
68	4
69	57
70	70
71	13
72	18
73	26
74	46
75	38
76	71
77	31
78	95
79	81
80	18
/

sigma(i)	Size
/
0	0
1	9
2	8
3	8
4	8
5	8
6	9
7	7
8	1
9	4
10	5
11	8
12	1
13	1
14	3
15	4
16	6
17	8
18	4
19	7
20	7
21	8
22	8
23	3
24	5
25	5
26	9
27	7
28	6
29	6
30	7
31	6
32	8
33	3
34	6
35	1
36	7
37	5
38	4
39	3
40	2
41	5
42	9
43	5
44	3
45	8
46	8
47	7
48	1
49	6
50	8
51	8
52	5
53	9
54	3
55	1
56	6
57	9
58	5
59	3
60	3
61	9
62	1
63	1
64	4
65	4
66	4
67	4
68	8
69	4
70	3
71	3
72	8
73	6
74	9
75	7
76	3
77	4
78	1
79	6
80	4
/

epsilon(i)	Priority
/
0	0
1	3
2	2
3	4
4	3
5	3
6	6
7	9
8	4
9	8
10	2
11	3
12	8
13	9
14	5
15	9
16	3
17	2
18	1
19	2
20	7
21	3
22	4
23	7
24	7
25	3
26	9
27	2
28	8
29	6
30	6
31	5
32	6
33	9
34	9
35	5
36	9
37	5
38	3
39	9
40	9
41	3
42	4
43	4
44	5
45	1
46	4
47	3
48	8
49	7
50	6
51	2
52	8
53	3
54	2
55	7
56	2
57	7
58	1
59	9
60	1
61	3
62	4
63	5
64	6
65	5
66	3
67	5
68	6
69	8
70	3
71	9
72	9
73	7
74	5
75	9
76	6
77	3
78	9
79	7
80	3
/

psi	Vehicle Capacity
/ 58 /
;

Table kappa(i,j)                 Setup
         0        1        2        3        4        5        6        7        8        9        10       11       12       13       14       15       16       17       18       19       20       21       22       23       24       25       26       27       28       29       30       31       32       33       34       35       36       37       38       39       40       41       42       43       44       45       46       47       48       49       50       51       52       53       54       55       56       57       58       59       60       61       62       63       64       65       66       67       68       69       70       71       72       73       74       75       76       77       78       79       80       
0        0        1375     2127     1185     3456     667      2719     2101     830      1175     1569     2672     1052     1155     1979     2745     2187     513      2652     3092     2405     2371     2128     764      2584     343      1807     2357     2458     613      2398     2216     2052     1109     1140     213      2458     3181     1380     2223     1912     1367     1423     1331     2638     1424     1707     2117     2197     2029     3518     3225     2005     1566     1076     521      2376     2364     1343     1035     2169     1290     602      854      656      2285     1874     1627     2917     1117     3134     2874     2468     1860     2370     1351     602      516      799      2224     1288     
1        1375     0        3400     2265     4817     1890     4093     3012     1781     1334     2942     3470     1944     1484     2570     4020     3361     1578     4011     4450     3706     3357     3466     2126     3721     1709     3092     3721     3463     1000     3703     3585     2981     2356     2090     1216     3251     4555     2695     3140     3168     2108     2678     46       3743     2120     2619     3134     3208     3182     4893     4588     2891     2921     1378     1545     3588     3505     2567     585      3456     1418     1015     1803     1494     3274     3198     2330     3687     565      4508     4201     3830     3028     3745     1976     1436     1783     919      3235     2636     
2        2127     3400     0        1204     2216     1513     1229     2985     1669     3170     944      1622     2572     2243     1842     621      432      1822     903      1239     335      2995     1649     1642     721      1797     1871     787      3004     2409     1982     810      2927     1044     1443     2337     1547     1745     1687     3043     238      2861     722      3363     841      1708     1239     926      950      2413     1892     2017     1255     1421     3042     1856     365      2607     837      2888     1980     2437     2715     1652     2531     1023     1675     1653     1807     2951     1527     860      806      532      1115     1833     1984     2032     2915     952      1519     
3        1185     2265     1204     0        3156     534      2223     2845     485      2357     1244     1518     2029     1044     1048     1800     1096     726      2001     2400     1536     3002     2111     1163     1459     957      2045     1769     3055     1265     2462     1688     2787     379      250      1391     1315     2751     1651     2944     966      2362     550      2232     1492     627      560      933      1013     2494     2989     2930     846      1595     2251     747      1332     2790     411      1718     2327     1241     1777     464      1779     1099     1967     703      1766     1774     2600     2060     1847     766      1958     702      829      1372     1967     1040     1462     
4        3456     4817     2216     3156     0        3146     987      2710     3480     3975     1971     3806     3150     4134     4023     2065     2631     3457     1339     1232     1964     2449     1373     2694     2755     3146     1822     1442     2373     3992     1252     1480     2678     2817     3401     3601     3755     497      2145     2669     2375     3246     2615     4771     2879     3768     3402     3142     3161     2065     676      232      3465     1896     3846     3502     2446     1940     2750     4470     1512     4336     3855     3475     3439     3228     1653     3776     3959     4549     785      1644     1410     2720     1197     3858     3672     3043     4019     3161     2182     
5        667      1890     1513     534      3146     0        2296     2402     389      1828     1175     2049     1514     1018     1474     2134     1529     327      2156     2587     1815     2598     1940     734      1921     425      1759     1881     2663     914      2266     1763     2346     468      565      878      1842     2801     1329     2509     1284     1847     791      1852     1972     948      1084     1455     1536     2137     3095     2914     1376     1373     1719     369      1730     2455     692      1405     2087     1213     1268     397      1245     1625     1739     1110     2296     1476     2702     2313     1981     1198     1978     938      530      855      1463     1562     1163     
6        2719     4093     1229     2223     987      2296     0        2605     2593     3460     1151     2829     2682     3238     3044     1154     1647     2621     384      567      990      2463     1013     1996     1799     2384     1470     463      2427     3190     1178     539      2557     1913     2473     2894     2771     531      1606     2611     1392     2869     1673     4050     1926     2819     2425     2156     2176     1927     802      792      2479     1288     3326     2664     1473     1967     1812     3680     1333     3440     3204     2584     2856     2244     1238     2811     2991     3755     415      791      423      1736     362      2919     2827     2393     3389     2176     1559     
7        2101     3012     2985     2845     2710     2402     2605     0        2762     1743     2042     4283     1101     3245     3870     3408     3314     2504     2829     3169     3055     371      1592     1684     3692     2042     1169     2581     484      2686     1502     2429     59       2517     2959     2074     4108     2758     1309     128      2907     907      2642     2967     3800     3350     3390     3558     3628     681      3165     2548     3643     1567     1660     2534     3350     783      2681     2983     1284     3391     2043     2778     1578     3728     1402     3507     4523     3060     2914     3248     2685     3107     2306     3329     2669     1615     2095     3648     1495     
8        830      1781     1669     485      3480     389      2593     2762     0        1994     1512     1856     1816     655      1158     2276     1582     317      2412     2828     1994     2973     2314     1115     1940     728      2148     2156     3041     783      2646     2054     2707     681      332      1010     1639     3110     1718     2873     1430     2146     968      1749     1966     607      905      1377     1455     2523     3380     3249     1202     1753     1902     316      1817     2842     837      1233     2472     856      1376     25       1478     1531     2122     800      2099     1290     2987     2513     2246     1251     2294     566      350      1172     1554     1482     1551     
9        1175     1334     3170     2357     3975     1828     3460     1743     1994     0        2406     3846     827      2143     3114     3764     3303     1678     3501     3932     3402     2107     2608     1547     3709     1426     2153     3200     2219     1450     2750     3040     1722     2228     2313     984      3631     3827     1867     1868     2980     847      2518     1295     3773     2564     2882     3283     3364     2064     4212     3762     3180     2173     134      1678     3463     2354     2464     1505     2486     2205     644      2019     640      3453     2328     2776     4090     1563     3861     3807     3318     2988     3098     2469     1708     1141     534      3390     1901     
10       1569     2942     944      1244     1971     1175     1151     2042     1512     2406     0        2365     1709     2168     2238     1429     1286     1491     1104     1543     1060     2068     882      875      1651     1233     958      803      2087     2045     1239     652      1984     875      1474     1749     2227     1634     744      2102     877      1968     772      2899     1762     1871     1635     1615     1673     1492     1953     1739     1807     486      2273     1535     1307     1721     881      2534     1149     2368     2077     1509     1775     1769     801      1928     2588     2610     1565     1405     919      1132     811      1937     1703     1286     2268     1688     587      
11       2672     3470     1622     1518     3806     2049     2829     4283     1856     3846     2365     0        3544     1988     936      1805     1191     2169     2467     2680     1842     4385     3207     2641     1084     2474     3315     2406     4420     2559     3557     2431     4224     1780     1532     2863     220      3317     3002     4369     1540     3875     1648     3450     976      1357     966      750      696      3830     3380     3621     672      2835     3748     2172     1360     4082     1602     2884     3508     2090     3233     1831     3292     607      3166     1141     247      2909     3063     2234     2410     1234     2738     1495     2176     2889     3409     686      2808     
12       1052     1944     2572     2029     3150     1514     2682     1101     1816     827      1709     3544     0        2206     2971     3125     2787     1520     2764     3183     2756     1423     1790     950      3194     1097     1328     2468     1525     1602     1922     2305     1061     1786     2075     988      3344     3020     1076     1228     2417     333      2015     1898     3279     2423     2590     2885     2964     1263     3413     2940     2874     1397     703      1541     2903     1573     2001     1882     1658     2334     948      1836     477      3061     1511     2608     3791     1959     3074     3108     2586     2507     2324     2372     1649     659      1027     2987     1149     
13       1155     1484     2243     1044     4134     1018     3238     3245     655      2143     2168     1988     2206     0        1088     2823     2074     774      3039     3444     2577     3495     2958     1693     2376     1231     2761     2794     3574     694      3284     2699     3194     1325     800      1244     1771     3759     2324     3364     2007     2516     1584     1467     2373     660      1202     1737     1803     3093     4019     3904     1444     2391     2086     735      2328     3421     1446     900      3098     201      1502     659      1782     1854     2755     857      2202     921      3627     3102     2879     1765     2946     509      580      1632     1625     1829     2171     
14       1979     2570     1842     1048     4023     1474     3044     3870     1158     3114     2238     936      2971     1088     0        2274     1498     1469     2744     3068     2155     4043     3120     2186     1644     1875     3089     2583     4099     1724     3476     2548     3813     1419     911      2141     736      3572     2700     3973     1653     3303     1470     2554     1590     555      622      998      1027     3541     3734     3810     622      2630     3034     1458     1752     3838     1357     1988     3359     1165     2475     1137     2634     1026     2999     364      1129     2005     3368     2651     2629     1313     2847     647      1406     2319     2631     1044     2510     
15       2745     4020     621      1800     2065     2134     1154     3408     2276     3764     1429     1805     3125     2823     2274     0        783      2441     771      878      369      3362     1917     2221     721      2412     2247     879      3353     3027     2198     1003     3352     1666     2028     2954     1804     1567     2159     3448     852      3395     1343     3983     836      2245     1726     1279     1264     2782     1579     1910     1653     1855     3635     2475     523      2920     1454     3502     2266     3010     3330     2258     3124     1297     2024     2153     1925     3564     1289     432      811      1060     1231     2381     2599     2623     3529     1253     2016     
16       2187     3361     432      1096     2631     1529     1647     3314     1582     3303     1286     1191     2787     2074     1498     783      0        1799     1300     1579     679      3354     2059     1838     408      1884     2240     1215     3372     2360     2400     1242     3255     1080     1298     2400     1123     2151     2005     3381     408      3095     786      3327     494      1471     943      523      531      2778     2262     2438     883      1772     3182     1827     261      2993     844      2814     2381     2254     2789     1561     2676     597      2060     1370     1376     2869     1915     1154     1225     333      1548     1612     1924     2193     2986     530      1822     
17       513      1578     1822     726      3457     327      2621     2504     317      1678     1491     2169     1520     774      1469     2441     1799     0        2483     2914     2131     2736     2218     919      2178     464      1993     2208     2811     590      2532     2088     2451     779      636      695      1953     3121     1554     2619     1589     1847     1100     1542     2216     914      1210     1654     1733     2320     3420     3225     1508     1644     1585     44       2016     2647     988      1079     2336     953      1067     341      1164     1816     2000     1115     2412     1149     3027     2635     2308     1465     2298     853      216      893      1251     1760     1409     
18       2652     4011     903      2001     1339     2156     384      2829     2412     3501     1104     2467     2764     3039     2744     771      1300     2483     0        440      626      2726     1255     1980     1422     2309     1664     301      2702     3068     1484     461      2777     1732     2252     2841     2421     851      1705     2849     1097     2985     1455     3969     1548     2568     2134     1818     1832     2165     998      1161     2158     1379     3367     2525     1107     2250     1593     3560     1598     3239     3179     2400     2876     1894     1428     2537     2621     3632     623      439      185      1431     529      2680     2678     2390     3371     1830     1616     
19       3092     4450     1239     2400     1232     2587     567      3169     2828     3932     1543     2680     3183     3444     3068     878      1579     2914     440      0        914      3031     1577     2418     1598     2750     2024     740      2994     3500     1741     894      3120     2153     2649     3282     2666     747      2114     3177     1459     3391     1863     4408     1715     2943     2476     2101     2100     2493     701      1119     2461     1789     3798     2954     1345     2533     1998     3992     1901     3642     3619     2815     3311     2147     1789     2892     2804     4063     450      446      625      1770     879      3062     3105     2828     3811     2093     2038     
20       2405     3706     335      1536     1964     1815     990      3055     1994     3402     1060     1842     2756     2577     2155     369      679      2131     626      914      0        3024     1604     1856     817      2068     1902     607      3021     2721     1908     695      2999     1352     1777     2612     1796     1477     1793     3100     570      3025     1034     3667     945      2042     1563     1201     1210     2442     1585     1780     1553     1495     3272     2168     482      2599     1158     3205     1950     2771     2982     1978     2762     1269     1686     1981     2001     3269     1236     525      581      858      966      2168     2302     2261     3180     1206     1647     
21       2371     3357     2995     3002     2449     2598     2463     371      2973     2107     2068     4385     1423     3495     4043     3362     3354     2736     2726     3031     3024     0        1471     1865     3713     2271     1125     2504     113      2971     1304     2363     385      2653     3140     2367     4222     2551     1382     264      2946     1264     2736     3312     3827     3542     3529     3646     3712     583      2952     2306     3766     1582     2019     2770     3361     516      2792     3297     1131     3651     2372     2986     1897     3810     1338     3685     4619     3375     2735     3159     2599     3178     2197     3535     2915     1866     2438     3729     1577     
22       2128     3466     1649     2111     1373     1940     1013     1592     2314     2608     882      3207     1790     2958     3120     1917     2059     2218     1255     1577     1604     1471     0        1366     2364     1844     480      1043     1448     2699     357      915      1543     1734     2328     2254     3084     1243     774      1601     1671     1922     1655     3420     2487     2735     2518     2460     2510     916      1645     1154     2681     574      2478     2262     2003     1005     1763     3160     349      3153     2488     2315     2066     2601     280      2805     3417     3241     1345     1688     1132     1975     726      2788     2434     1683     2648     2521     840      
23       764      2126     1642     1163     2694     734      1996     1684     1115     1547     875      2641     950      1693     2186     2221     1838     919      1980     2418     1856     1865     1366     0        2245     488      1081     1678     1929     1338     1648     1525     1627     862      1277     910      2453     2435     642      1786     1474     1264     1067     2080     2329     1677     1716     1953     2030     1408     2787     2463     1982     801      1416     960      1960     1732     1062     1794     1434     1872     1208     1127     909      2129     1118     1824     2887     1875     2410     2263     1795     1559     1638     1672     1125     412      1396     2053     526      
24       2584     3721     721      1459     2755     1921     1799     3692     1940     3709     1651     1084     3194     2376     1644     721      408      2178     1422     1598     817      3713     2364     2245     0        2287     2590     1421     3725     2723     2689     1488     3633     1483     1636     2797     1095     2260     2385     3754     791      3500     1194     3689     128      1739     1187     663      619      3132     2299     2583     1029     2135     3589     2203     361      3329     1246     3162     2699     2544     3187     1917     3083     621      2397     1600     1208     3212     1994     1152     1398     724      1776     1888     2288     2601     3383     600      2208     
25       343      1709     1797     957      3146     425      2384     2042     728      1426     1233     2474     1097     1231     1875     2412     1884     464      2309     2750     2068     2271     1844     488      2287     0        1568     2016     2346     855      2135     1876     1989     804      978      544      2268     2854     1130     2156     1587     1430     1106     1666     2349     1331     1509     1865     1945     1863     3185     2913     1801     1272     1311     499      2060     2193     1040     1325     1922     1401     918      746      824      2038     1604     1511     2721     1404     2798     2532     2126     1564     2038     1293     653      444      1118     1971     1008     
26       1807     3092     1871     2045     1822     1759     1470     1169     2148     2153     958      3315     1328     2761     3089     2247     2240     1993     1664     2024     1902     1125     480      1081     2590     1568     0        1411     1134     2408     613      1261     1115     1670     2229     1903     3167     1722     439      1201     1833     1443     1682     3045     2706     2644     2523     2567     2628     542      2125     1613     2729     479      2025     2035     2236     767      1762     2841     364      2946     2091     2154     1644     2725     236      2749     3541     2923     1820     2080     1517     2088     1148     2672     2204     1320     2237     2643     597      
27       2357     3721     787      1769     1442     1881     463      2581     2156     3200     803      2406     2468     2794     2583     879      1215     2208     301      740      607      2504     1043     1678     1421     2016     1411     0        2488     2788     1319     163      2527     1474     2019     2544     2334     994      1416     2609     932      2695     1218     3679     1549     2359     1963     1711     1737     1931     1225     1235     2024     1091     3066     2250     1072     2048     1357     3281     1392     2995     2879     2146     2574     1810     1179     2348     2582     3353     832      670      118      1278     359      2461     2408     2088     3071     1739     1319     
28       2458     3463     3004     3055     2373     2663     2427     484      3041     2219     2087     4420     1525     3574     4099     3353     3372     2811     2702     2994     3021     113      1448     1929     3725     2346     1134     2488     0        3061     1258     2351     497      2701     3199     2460     4260     2493     1421     376      2964     1374     2772     3417     3840     3605     3576     3677     3742     594      2891     2237     3807     1601     2129     2845     3370     462      2833     3394     1103     3733     2473     3054     1997     3840     1336     3742     4652     3473     2686     3137     2580     3205     2173     3602     2993     1949     2543     3758     1616     
29       613      1000     2409     1265     3992     914      3190     2686     783      1450     2045     2559     1602     694      1724     3027     2360     590      3068     3500     2721     2971     2699     1338     2723     855      2408     2788     3061     0        2987     2663     2639     1370     1102     613      2338     3679     1974     2810     2174     1888     1688     967      2749     1206     1653     2152     2228     2643     3991     3759     1939     2127     1397     553      2588     2977     1572     492      2767     763      811      806      1144     2300     2457     1425     2790     565      3600     3226     2891     2027     2857     1082     436      1130     931      2255     1863     
30       2398     3703     1982     2462     1252     2266     1178     1502     2646     2750     1239     3557     1922     3284     3476     2198     2400     2532     1484     1741     1908     1304     357      1648     2689     2135     613      1319     1258     2987     0        1213     1462     2084     2675     2506     3438     1257     1018     1483     2019     1997     2012     3656     2814     3084     2875     2812     2860     829      1663     1064     3038     893      2624     2575     2328     795      2119     3434     264      3476     2704     2649     2256     2951     532      3159     3765     3515     1430     1924     1391     2328     970      3133     2747     1924     2851     2871     1128     
31       2216     3585     810      1688     1480     1763     539      2429     2054     3040     652      2431     2305     2699     2548     1003     1242     2088     461      894      695      2363     915      1525     1488     1876     1261     163      2351     2663     1213     0        2375     1374     1938     2400     2345     1063     1253     2461     918      2532     1141     3542     1615     2292     1925     1716     1749     1787     1332     1262     2010     929      2906     2131     1130     1917     1278     3155     1264     2901     2729     2045     2417     1828     1031     2295     2618     3229     939      828      281      1262     308      2388     2292     1933     2919     1754     1156     
32       2052     2981     2927     2787     2678     2346     2557     59       2707     1722     1984     4224     1061     3194     3813     3352     3255     2451     2777     3120     2999     385      1543     1627     3633     1989     1115     2527     497      2639     1462     2375     0        2458     2902     2029     4049     2718     1250     170      2848     881      2582     2936     3741     3294     3332     3499     3569     637      3125     2513     3584     1509     1635     2481     3291     760      2621     2943     1240     3341     2006     2723     1538     3669     1349     3450     4464     3020     2869     3195     2632     3047     2255     3274     2618     1563     2063     3588     1436     
33       1109     2356     1044     379      2817     468      1913     2517     681      2228     875      1780     1786     1325     1419     1666     1080     779      1732     2153     1352     2653     1734     862      1483     804      1670     1474     2701     1370     2084     1374     2458     0        598      1322     1595     2434     1286     2610     816      2111     323      2318     1545     1001     876      1099     1178     2131     2699     2589     1127     1216     2111     816      1268     2421     236      1855     1949     1527     1709     671      1611     1275     1588     1081     2025     1922     2306     1857     1564     760      1624     1061     956      1149     1907     1201     1094     
34       1140     2090     1443     250      3401     565      2473     2959     332      2313     1474     1532     2075     800      911      2028     1298     636      2252     2649     1777     3140     2328     1277     1636     978      2229     2019     3199     1102     2675     1938     2902     598      0        1330     1317     3001     1820     3063     1206     2408     800      2060     1653     414      574      1050     1127     2653     3240     3174     872      1795     2217     643      1544     2960     662      1526     2528     995      1703     307      1774     1201     2169     547      1777     1576     2851     2302     2098     977      2204     463      676      1418     1884     1154     1637     
35       213      1216     2337     1391     3601     878      2894     2074     1010     984      1749     2863     988      1244     2141     2954     2400     695      2841     3282     2612     2367     2254     910      2797     544      1903     2544     2460     613      2506     2400     2029     1322     1330     0        2648     3344     1490     2199     2123     1280     1636     1170     2850     1587     1902     2323     2404     2072     3690     3371     2200     1704     894      694      2589     2406     1556     953      2267     1354     389      1035     539      2490     1991     1796     3107     1035     3309     3075     2657     2073     2540     1501     738      583      586      2430     1420     
36       2458     3251     1547     1315     3755     1842     2771     4108     1639     3631     2227     220      3344     1771     736      1804     1123     1953     2421     2666     1796     4222     3084     2453     1095     2268     3167     2334     4260     2338     3438     2345     4049     1595     1317     2648     0        3273     2839     4196     1436     3676     1488     3231     1003     1137     758      631      597      3674     3362     3562     471      2688     3534     1956     1324     3935     1430     2666     3375     1878     3016     1614     3083     527      3028     922      459      2692     3029     2223     2348     1110     2654     1276     1957     2687     3191     595      2644     
37       3181     4555     1745     2751     497      2801     531      2758     3110     3827     1634     3317     3020     3759     3572     1567     2151     3121     851      747      1477     2551     1243     2435     2260     2854     1722     994      2493     3679     1257     1063     2718     2434     3001     3344     3273     0        1961     2740     1919     3165     2203     4511     2384     3350     2955     2667     2683     2082     407      376      3000     1670     3694     3165     1957     2035     2340     4167     1483     3961     3632     3103     3251     2746     1513     3342     3466     4244     297      1148     943      2261     823      3449     3331     2814     3808     2681     1955     
38       1380     2695     1687     1651     2145     1329     1606     1309     1718     1867     744      3002     1076     2324     2700     2159     2005     1554     1705     2114     1793     1382     774      642      2385     1130     439      1416     1421     1974     1018     1253     1250     1286     1820     1490     2839     1961     0        1380     1598     1280     1354     2649     2491     2233     2158     2265     2332     844      2345     1922     2386     326      1734     1596     2048     1140     1411     2416     793      2508     1713     1726     1297     2431     502      2350     3237     2497     1999     2076     1533     1803     1248     2252     1764     912      1874     2350     195      
39       2223     3140     3043     2944     2669     2509     2611     128      2873     1868     2102     4369     1228     3364     3973     3448     3381     2619     2849     3177     3100     264      1601     1786     3754     2156     1201     2609     376      2810     1483     2461     170      2610     3063     2199     4196     2740     1380     0        2973     1034     2723     3096     3863     3457     3485     3639     3708     685      3144     2515     3734     1621     1786     2650     3408     729      2767     3111     1280     3512     2171     2888     1706     3808     1430     3611     4607     3188     2906     3274     2711     3182     2323     3439     2787     1732     2224     3727     1569     
40       1912     3168     238      966      2375     1284     1392     2907     1430     2980     877      1540     2417     2007     1653     852      408      1589     1097     1459     570      2946     1671     1474     791      1587     1833     932      2964     2174     2019     918      2848     816      1206     2123     1436     1919     1598     2973     0        2717     493      3131     893      1483     1038     804      846      2369     2094     2167     1093     1364     2855     1623     487      2589     602      2651     1985     2201     2505     1413     2344     933      1657     1440     1746     2714     1719     1095     975      345      1226     1604     1747     1850     2705     854      1418     
41       1367     2108     2861     2362     3246     1847     2869     907      2146     847      1968     3875     333      2516     3303     3395     3095     1847     2985     3391     3025     1264     1922     1264     3500     1430     1443     2695     1374     1888     1997     2532     881      2111     2408     1280     3676     3165     1280     1034     2717     0        2330     2064     3588     2753     2922     3210     3288     1247     3565     3047     3205     1606     755      1867     3199     1518     2323     2123     1735     2634     1167     2167     744      3386     1653     2940     4122     2196     3245     3349     2812     2822     2518     2700     1968     992      1197     3311     1388     
42       1423     2678     722      550      2615     791      1673     2642     968      2518     772      1648     2015     1584     1470     1343     786      1100     1455     1863     1034     2736     1655     1067     1194     1106     1682     1218     2772     1688     2012     1141     2582     323      800      1636     1488     2203     1354     2723     493      2330     0        2640     1268     1153     863      916      987      2185     2440     2391     1047     1205     2396     1135     954      2449     138      2170     1914     1783     2021     954      1890     1087     1558     1177     1884     2235     2050     1547     1297     491      1418     1246     1267     1408     2220     1007     1159     
43       1331     46       3363     2232     4771     1852     4050     2967     1749     1295     2899     3450     1898     1467     2554     3983     3327     1542     3969     4408     3667     3312     3420     2080     3689     1666     3045     3679     3417     967      3656     3542     2936     2318     2060     1170     3231     4511     2649     3096     3131     2064     2640     0        3712     2098     2593     3106     3180     3135     4850     4542     2866     2875     1336     1509     3553     3458     2530     566      3409     1406     968      1771     1447     3247     3152     2309     3668     552      4464     4161     3788     2994     3701     1955     1403     1736     874      3207     2590     
44       2638     3743     841      1492     2879     1972     1926     3800     1966     3773     1762     976      3279     2373     1590     836      494      2216     1548     1715     945      3827     2487     2329     128      2349     2706     1549     3840     2749     2814     1615     3741     1545     1653     2850     1003     2384     2491     3863     893      3588     1268     3712     0        1725     1173     639      582      3247     2416     2709     987      2247     3655     2239     486      3448     1310     3178     2821     2534     3239     1943     3153     564      2515     1574     1089     3225     2116     1268     1526     785      1904     1876     2315     2676     3435     560      2311     
45       1424     2120     1708     627      3768     948      2819     3350     607      2564     1871     1357     2423     660      555      2245     1471     914      2568     2943     2042     3542     2735     1677     1739     1331     2644     2359     3605     1206     3084     2292     3294     1001     414      1587     1137     3350     2233     3457     1483     2753     1153     2098     1725     0        552      1086     1149     3064     3565     3545     783      2208     2481     902      1731     3372     1019     1535     2941     809      1929     586      2079     1195     2582     218      1584     1566     3181     2565     2426     1191     2572     152      857      1776     2091     1174     2051     
46       1707     2619     1239     560      3402     1084     2425     3390     905      2882     1635     966      2590     1202     622      1726     943      1210     2134     2476     1563     3529     2518     1716     1187     1509     2523     1963     3576     1653     2875     1925     3332     876      574      1902     758      2955     2158     3485     1038     2922     863      2593     1173     552      0        535      601      3002     3129     3187     298      2053     2783     1217     1204     3284     763      2040     2773     1360     2278     880      2325     657      2415     427      1213     2080     2757     2075     2013     707      2224     702      1242     1931     2459     627      1964     
47       2117     3134     926      933      3142     1455     2156     3558     1377     3283     1615     750      2885     1737     998      1279     523      1654     1818     2101     1201     3646     2460     1953     663      1865     2567     1711     3677     2152     2812     1716     3499     1099     1050     2323     631      2667     2265     3639     804      3210     916      3106     639      1086     535      0        80       3085     2785     2944     375      2087     3173     1670     762      3333     892      2561     2758     1895     2710     1352     2689     175      2416     937      975      2605     2436     1671     1732     485      2025     1238     1725     2245     2899     107      2072     
48       2197     3208     950      1013     3161     1536     2176     3628     1455     3364     1673     696      2964     1803     1027     1264     531      1733     1832     2100     1210     3712     2510     2030     619      1945     2628     1737     3742     2228     2860     1749     3569     1178     1127     2404     597      2683     2332     3708     846      3288     987      3180     582      1149     601      80       0        3149     2789     2966     410      2148     3254     1750     755      3393     968      2634     2812     1958     2790     1430     2769     99       2473     991      914      2677     2446     1665     1753     540      2057     1301     1803     2324     2980     27       2140     
49       2029     3182     2413     2494     2065     2137     1927     681      2523     2064     1492     3830     1263     3093     3541     2782     2778     2320     2165     2493     2442     583      916      1408     3132     1863     542      1931     594      2643     829      1787     637      2131     2653     2072     3674     2082     844      685      2369     1247     2185     3135     3247     3064     3002     3085     3149     0        2489     1889     3225     1006     1951     2358     2779     334      2251     3026     602      3264     2167     2533     1688     3247     757      3190     4061     3107     2232     2592     2030     2612     1638     3073     2516     1513     2276     3165     1037     
