

sets
i        orders          /0*80/
k        routes          /1*80/
p        positions       /0*80/
;

alias(i,j)
alias(i,h)
alias(i,hh)
alias(i,jj)
alias(k,kk)
                            Parameters

rho(i)	Processing time
/
0	0
1	45
2	39
3	22
4	12
5	60
6	79
7	83
8	4
9	70
10	70
11	92
12	24
13	60
14	93
15	49
16	35
17	91
18	35
19	50
20	77
21	26
22	16
23	2
24	93
25	84
26	51
27	14
28	20
29	54
30	59
31	86
32	85
33	72
34	98
35	25
36	76
37	42
38	89
39	9
40	15
41	91
42	82
43	62
44	36
45	49
46	46
47	74
48	89
49	65
50	97
51	10
52	16
53	35
54	16
55	86
56	79
57	40
58	55
59	56
60	47
61	55
62	10
63	69
64	94
65	78
66	85
67	55
68	18
69	65
70	75
71	37
72	17
73	30
74	17
75	76
76	44
77	59
78	2
79	31
80	36
/

gamma(i)	Duedate
/
0	0
1	36
2	57
3	56
4	97
5	91
6	30
7	89
8	34
9	32
10	18
11	62
12	37
13	24
14	98
15	83
16	16
17	30
18	40
19	10
20	57
21	91
22	5
23	10
24	92
25	98
26	97
27	18
28	11
29	28
30	18
31	96
32	78
33	59
34	41
35	70
36	28
37	39
38	48
39	76
40	84
41	39
42	72
43	45
44	26
45	51
46	9
47	64
48	32
49	34
50	99
51	91
52	40
53	90
54	82
55	66
56	24
57	38
58	18
59	49
60	25
61	55
62	95
63	43
64	99
65	65
66	55
67	47
68	98
69	32
70	8
71	24
72	96
73	79
74	18
75	31
76	86
77	90
78	61
79	60
80	7
/

sigma(i)	Size
/
0	0
1	5
2	5
3	5
4	4
5	4
6	4
7	8
8	1
9	9
10	6
11	7
12	1
13	1
14	1
15	5
16	9
17	6
18	2
19	9
20	6
21	3
22	2
23	1
24	9
25	8
26	9
27	6
28	8
29	7
30	7
31	2
32	5
33	1
34	1
35	9
36	9
37	5
38	1
39	7
40	5
41	2
42	5
43	7
44	5
45	1
46	2
47	5
48	9
49	5
50	7
51	8
52	3
53	1
54	5
55	7
56	4
57	5
58	2
59	3
60	7
61	6
62	1
63	7
64	5
65	2
66	7
67	9
68	8
69	4
70	4
71	1
72	3
73	9
74	9
75	9
76	4
77	9
78	5
79	4
80	1
/

epsilon(i)	Priority
/
0	0
1	7
2	6
3	5
4	7
5	2
6	8
7	2
8	8
9	7
10	2
11	9
12	9
13	4
14	3
15	8
16	7
17	9
18	5
19	7
20	8
21	4
22	9
23	9
24	7
25	2
26	9
27	3
28	1
29	9
30	9
31	5
32	1
33	6
34	2
35	2
36	8
37	4
38	5
39	2
40	7
41	3
42	7
43	9
44	1
45	3
46	7
47	8
48	9
49	2
50	6
51	5
52	1
53	1
54	3
55	4
56	2
57	2
58	6
59	7
60	6
61	5
62	3
63	8
64	7
65	3
66	2
67	3
68	5
69	8
70	4
71	6
72	5
73	6
74	1
75	6
76	8
77	5
78	3
79	3
80	1
/

psi	Vehicle Capacity
/ 51 /
;

Table kappa(i,j)                 Setup
         0        1        2        3        4        5        6        7        8        9        10       11       12       13       14       15       16       17       18       19       20       21       22       23       24       25       26       27       28       29       30       31       32       33       34       35       36       37       38       39       40       41       42       43       44       45       46       47       48       49       50       51       52       53       54       55       56       57       58       59       60       61       62       63       64       65       66       67       68       69       70       71       72       73       74       75       76       77       78       79       80       
0        0        2128     1897     2823     1612     1976     1323     841      270      964      3894     3309     3531     2951     4523     3438     2948     648      3086     3257     363      1606     2900     2625     345      493      1720     2685     834      2298     4139     3951     1825     3845     3583     920      2043     1700     2532     3663     2275     3638     3304     4094     1987     1365     1245     39       2975     1707     2703     3529     1852     1813     773      3146     3782     1527     2851     2226     2350     739      3256     1638     2971     968      3096     2322     1758     2747     2224     4157     2278     4066     3105     70       3055     915      922      1768     2806     
1        2128     0        2046     1417     2048     1271     912      1325     1902     1973     2344     1288     1430     863      2431     1398     1933     2162     1720     2001     1803     1905     2058     504      1906     1683     1434     1463     1448     1649     2087     1882     348      2752     1513     1845     1343     960      1629     1798     1908     1512     1811     2192     1540     937      1133     2124     1495     1792     1215     1667     1385     711      1392     2027     2719     1171     1615     128      644      1539     1443     1606     1668     1470     2320     1867     874      2143     1955     2029     1546     2001     1255     2093     2519     2107     1898     1109     1633     
2        1897     2046     0        3400     309      839      1366     1461     1925     946      2434     2532     2889     2419     3703     2664     3815     1327     1680     1714     1619     293      3877     2304     1564     1541     611      3385     1275     743      3259     3757     2021     2098     3415     2494     807      2478     1021     2568     512      3110     1931     2964     580      1279     2195     1928     1710     3044     3208     3698     2888     2372     1475     1537     2027     2499     3556     2038     2648     2052     2210     2884     3636     1087     1305     3468     2457     3857     3463     3623     812      3873     2153     1933     1185     1043     976      938      1361     
3        2823     1417     3400     0        3344     2676     2082     2278     2552     3088     3498     2165     2034     1749     2835     2199     602      3138     3033     3321     2623     3213     798      1482     2756     2545     2795     224      2476     3066     2685     1610     1379     4067     1365     2083     2753     1128     3040     2773     3317     1907     3060     3050     2938     2152     1582     2799     2794     1469     203      902      1060     1091     2323     3383     4044     1300     243      1480     773      2084     2547     1383     253      2583     3719     1027     1086     1018     1206     2193     2963     1687     2371     2762     3933     3191     3004     2488     3008     
4        1612     2048     309      3344     0        961      1267     1265     1662     650      2703     2684     3026     2523     3884     2819     3721     1024     1927     1987     1356     148      3767     2365     1288     1291     661      3309     1063     985      3444     3835     1971     2403     3483     2264     956      2360     1268     2778     801      3232     2178     3186     750      1192     2036     1645     1930     2861     3159     3715     2746     2283     1268     1819     2332     2352     3483     2060     2615     1834     2403     2711     3571     883      1611     3323     2350     3725     3304     3756     1034     3954     2327     1652     1493     738      691      980      1607     
5        1976     1271     839      2676     961      0        881      1238     1887     1262     1931     1723     2066     1580     2929     1858     3150     1620     1120     1282     1622     816      3244     1471     1637     1501     326      2695     1154     431      2492     2917     1333     1911     2578     2260     88       1907     576      1855     641      2278     1351     2276     275      788      1753     1995     1048     2616     2477     2885     2354     1741     1288     1181     1854     1998     2857     1240     1905     1812     1464     2435     2923     1008     1245     2921     1862     3271     2954     2798     355      3033     1373     1984     1346     1410     1231     253      830      
6        1323     912      1366     2082     1267     881      0        482      1152     1067     2650     1989     2231     1655     3212     2120     2456     1254     1869     2088     967      1144     2512     1364     1045     837      817      2041     548      1306     2820     2795     730      2770     2426     1395     969      1112     1445     2346     1444     2364     2058     2775     1050     95       880      1329     1718     1747     1902     2536     1532     1015     550      2024     2717     1153     2215     978      1378     960      1940     1571     2305     559      2127     2111     1092     2493     2121     2895     1237     2914     1784     1306     2211     1197     990      628      1636     
7        841      1325     1461     2278     1265     1238     482      0        677      826      3101     2468     2699     2120     3686     2598     2553     876      2305     2504     489      1184     2567     1808     581      362      1059     2192     213      1624     3299     3193     1062     3149     2823     1055     1317     1183     1814     2826     1688     2818     2508     3256     1328     530      791      846      2172     1596     2121     2856     1513     1190     69       2417     3091     1119     2368     1411     1666     602      2420     1448     2474     382      2453     2080     1201     2493     2047     3344     1578     3311     2266     823      2482     915      741      1000     2048     
8        270      1902     1925     2552     1662     1887     1152     677      0        1040     3776     3115     3319     2740     4316     3241     2681     803      2976     3165     306      1631     2638     2404     390      397      1663     2414     734      2243     3942     3701     1587     3786     3335     694      1961     1431     2457     3497     2255     3415     3183     3926     1935     1207     977      247      2848     1462     2434     3265     1585     1550     614      3068     3725     1256     2581     2006     2091     468      3092     1382     2701     902      3059     2067     1490     2493     1976     3929     2211     3815     2934     210      3048     1029     980      1661     2710     
9        964      1973     946      3088     650      1262     1067     826      1040     0        3170     2888     3187     2632     4121     3025     3379     391      2364     2481     742      665      3392     2391     654      709      945      3013     617      1470     3698     3849     1790     2984     3482     1689     1301     2008     1738     3104     1376     3355     2604     3531     1170     1035     1611     998      2310     2363     2922     3602     2332     1997     797      2338     2917     1941     3189     2024     2430     1295     2704     2234     3292     514      2206     2890     2023     3308     2842     3888     1481     3968     2590     1008     2125     150      85       1141     2055     
10       3894     2344     2434     3498     2703     1931     2650     3101     3776     3170     0        1371     1653     1749     1805     1390     4094     3543     811      721      3533     2594     4267     2041     3561     3407     2229     3633     3061     1722     1432     2713     2646     883      2559     4014     1877     3298     1441     807      1924     1906     593      869      2003     2580     3366     3910     932      4126     3311     3159     3729     3054     3161     911      917      3489     3738     2223     2849     3602     951      3938     3738     2931     1320     4190     3216     4413     4293     2156     1693     2786     1132     3895     1641     3312     3150     2125     1115     
11       3309     1288     2532     2165     2684     1723     1989     2468     3115     2888     1371     0        382      456      1234     136      2766     3182     1196     1444     2956     2539     2954     827      3033     2827     2035     2322     2524     1839     830      1440     1636     2095     1218     3132     1733     2211     1625     608      2144     644      1087     929      1954     1962     2421     3312     994      3031     1991     1792     2586     1957     2537     1593     2095     2440     2408     1163     1607     2801     490      2852     2395     2470     2059     2964     2118     3129     3092     1104     1745     1536     416      3286     2371     3038     2834     1759     1374     
12       3531     1430     2889     2034     3026     2066     2231     2699     3319     3187     1653     382      0        579      1000     286      2632     3458     1572     1811     3188     2879     2833     928      3275     3060     2370     2216     2777     2210     690      1081     1772     2432     907      3262     2084     2276     2004     847      2516     268      1447     1026     2309     2217     2547     3530     1375     3068     1882     1525     2607     2028     2768     1967     2438     2517     2277     1317     1597     2970     856      2898     2245     2743     2438     2921     2182     3035     3065     734      2113     1169     798      3502     2751     3335     3127     2077     1756     
13       2951     863      2419     1749     2523     1580     1655     2120     2740     2632     1749     456      579      0        1575     545      2347     2890     1385     1664     2609     2375     2526     375      2697     2482     1862     1892     2202     1799     1224     1353     1210     2378     1042     2706     1613     1760     1642     1044     2104     722      1352     1385     1841     1644     1992     2950     1149     2576     1565     1510     2130     1506     2189     1774     2366     1992     1990     744      1153     2398     801      2399     1988     2175     2197     2512     1667     2689     2637     1256     1695     1465     635      2922     2479     2779     2569     1552     1469     
14       4523     2431     3703     2835     3884     2929     3212     3686     4316     4121     1805     1234     1000     1575     0        1099     3400     4416     2142     2287     4175     3743     3616     1928     4257     4047     3249     3042     3752     2976     446      1387     2772     2688     1488     4258     2928     3253     2725     1185     3267     975      1928     936      3139     3190     3544     4523     2025     4021     2720     2102     3553     3010     3755     2483     2720     3497     3064     2317     2542     3970     1495     3858     3004     3704     2967     3804     3159     3853     3962     680      2894     1391     1556     4496     3301     4271     4068     2986     2414     
15       3438     1398     2664     2199     2819     1858     2120     2598     3241     3025     1390     136      286      545      1099     0        2801     3317     1290     1525     3086     2674     2993     921      3164     2957     2171     2365     2656     1966     701      1366     1746     2150     1173     3243     1867     2305     1747     596      2270     554      1161     860      2087     2094     2531     3440     1098     3120     2032     1770     2670     2052     2667     1683     2154     2538     2442     1274     1677     2921     571      2943     2423     2605     2157     3030     2212     3178     3162     983      1873     1455     530      3414     2473     3175     2970     1895     1485     
16       2948     1933     3815     602      3721     3150     2456     2553     2681     3379     4094     2766     2632     2347     3400     2801     0        3364     3603     3891     2815     3601     222      2066     2951     2761     3228     473      2763     3559     3274     2109     1819     4640     1913     2098     3232     1374     3560     3375     3790     2494     3643     3650     3399     2538     1781     2918     3366     1347     782      1357     1096     1443     2585     3941     4615     1456     358      2015     1301     2225     3142     1340     395      2898     4253     735      1372     502      911      2742     3459     2167     2964     2881     4448     3463     3294     2941     3557     
17       648      2162     1327     3138     1024     1620     1254     876      803      391      3543     3182     3458     2890     4416     3317     3364     0        2734     2862     563      1053     3350     2617     432      602      1314     3036     715      1856     4003     4044     1929     3375     3674     1494     1667     2020     2119     3439     1767     3608     2971     3868     1552     1249     1585     687      2667     2235     2988     3732     2281     2058     822      2723     3308     1908     3210     2232     2542     1170     3034     2131     3322     715      2597     2809     2052     3235     2738     4141     1861     4163     2909     706      2511     288      394      1471     2429     
18       3086     1720     1680     3033     1927     1120     1869     2305     2976     2364     811      1196     1572     1385     2142     1290     3603     2734     0        288      2727     1809     3752     1556     2752     2602     1421     3131     2255     942      1700     2634     1975     1037     2384     3253     1067     2633     660      957      1187     1839     251      1306     1204     1792     2637     3103     240      3441     2834     2895     3080     2404     2364     397      1011     2799     3260     1614     2308     2828     720      3253     3285     2122     867      3587     2559     3858     3667     2254     898      2732     793      3089     1188     2507     2341     1318     320      
19       3257     2001     1714     3321     1987     1282     2088     2504     3165     2481     721      1444     1811     1664     2287     1525     3891     2862     288      0        2904     1884     4039     1844     2917     2782     1554     3418     2435     1015     1857     2884     2246     751      2648     3481     1215     2902     742      1111     1202     2079     372      1397     1310     2006     2885     3277     528      3703     3122     3172     3352     2677     2559     203      723      3060     3548     1897     2595     3048     955      3514     3573     2289     680      3865     2830     4142     3942     2465     1000     2978     1055     3266     1014     2619     2467     1505     455      
20       363      1803     1619     2623     1356     1622     967      489      306      742      3533     2956     3188     2609     4175     3086     2815     563      2727     2904     0        1325     2794     2293     136      130      1379     2507     472      1959     3787     3654     1518     3505     3284     953      1691     1495     2184     3301     1958     3304     2942     3732     1649     1004     1047     376      2613     1674     2485     3274     1726     1567     420      2797     3444     1361     2678     1895     2084     607      2894     1568     2793     618      2768     2247     1538     2673     2175     3828     1933     3771     2744     362      2748     748      678      1408     2451     
21       1606     1905     293      3213     148      816      1144     1184     1631     665      2594     2539     2879     2375     3743     2674     3601     1053     1809     1884     1325     0        3652     2217     1271     1248     513      3183     991      872      3304     3687     1837     2334     3335     2206     815      2246     1154     2644     723      3085     2059     3055     617      1065     1938     1637     1802     2776     3026     3571     2642     2160     1194     1723     2265     2250     3357     1915     2478     1768     2266     2620     3443     805      1549     3221     2233     3618     3208     3608     912      3805     2186     1641     1460     776      688      832      1490     
22       2900     2058     3877     798      3767     3244     2512     2567     2638     3392     4267     2954     2833     2526     3616     2993     222      3350     3752     4039     2794     3652     0        2230     2930     2750     3301     634      2780     3660     3482     2331     1912     4790     2131     2023     3328     1407     3677     3561     3880     2703     3802     3847     3486     2598     1781     2869     3517     1245     963      1579     1068     1512     2594     4081     4762     1451     557      2149     1443     2193     3316     1268     613      2924     4376     608      1420     291      766      2961     3563     2389     3135     2832     4559     3467     3307     3026     3691     
23       2625     504      2304     1482     2365     1471     1364     1808     2404     2391     2041     827      928      375      1928     921      2066     2617     1556     1844     2293     2217     2230     0        2389     2169     1712     1598     1912     1768     1594     1474     844      2585     1118     2337     1523     1385     1665     1392     2060     1012     1578     1753     1745     1369     1622     2622     1315     2204     1287     1435     1762     1131     1876     1919     2564     1617     1715     398      811      2043     1093     2025     1732     1908     2294     2167     1292     2371     2284     1536     1660     1592     908      2592     2545     2533     2322     1385     1565     
24       345      1906     1564     2756     1288     1637     1045     581      390      654      3561     3033     3275     2697     4257     3164     2951     432      2752     2917     136      1271     2930     2389     0        226      1375     2642     516      1953     3863     3766     1631     3500     3397     1068     1702     1630     2189     3358     1931     3399     2973     3790     1641     1072     1182     371      2649     1803     2617     3399     1862     1696     514      2803     3436     1497     2814     1993     2208     741      2951     1701     2929     630      2750     2381     1671     2807     2307     3925     1935     3884     2806     370      2713     639      599      1437     2468     
25       493      1683     1541     2545     1291     1501     837      362      397      709      3407     2827     3060     2482     4047     2957     2761     602      2602     2782     130      1248     2750     2169     226      0        1267     2437     347      1847     3657     3540     1405     3392     3171     982      1572     1422     2066     3170     1858     3180     2816     3601     1538     873      982      504      2485     1664     2402     3175     1681     1477     293      2679     3331     1305     2611     1772     1984     591      2763     1546     2723     505      2662     2217     1459     2641     2156     3705     1818     3658     2613     488      2651     741      635      1283     2329     
26       1720     1434     611      2795     661      326      817      1059     1663     945      2229     2035     2370     1862     3249     2171     3228     1314     1421     1554     1379     513      3301     1712     1375     1267     0        2789     932      580      2814     3178     1419     2127     2829     2111     356      1918     816      2181     637      2572     1660     2602     272      723      1690     1743     1367     2557     2601     3090     2348     1789     1097     1429     2064     1970     2958     1429     2039     1658     1790     2385     3034     762      1399     2926     1888     3300     2938     3097     560      3296     1695     1735     1426     1090     920      329      1116     
27       2685     1463     3385     224      3309     2695     2041     2192     2414     3013     3633     2322     2216     1892     3042     2365     473      3036     3131     3418     2507     3183     634      1598     2642     2437     2789     0        2396     3098     2878     1834     1371     4168     1581     1910     2775     1016     3092     2929     3336     2103     3173     3222     2949     2118     1460     2659     2894     1262     334      1126     876      1028     2232     3468     4142     1158     176      1542     828      1947     2681     1189     287      2516     3783     802      990      820      982      2408     2997     1911     2501     2622     3981     3108     2928     2493     3084     
28       834      1448     1275     2476     1063     1154     548      213      734      617      3061     2524     2777     2202     3752     2656     2763     715      2255     2435     472      991      2780     1912     516      347      932      2396     0        1510     3353     3329     1216     3052     2959     1220     1227     1391     1722     2842     1542     2913     2470     3273     1204     561      1005     848      2141     1801     2314     3025     1726     1385     204      2334     2991     1333     2572     1522     1841     777      2434     1657     2676     188      2331     2293     1406     2706     2258     3443     1476     3448     2290     834      2338     715      532      937      1982     
29       2298     1649     743      3066     985      431      1306     1624     2243     1470     1722     1839     2210     1799     2976     1966     3559     1856     942      1015     1959     872      3660     1768     1953     1847     580      3098     1510     0        2530     3153     1748     1546     2834     2665     342      2336     282      1828     306      2448     1194     2221     311      1211     2182     2322     968      3046     2864     3202     2784     2165     1667     867      1484     2430     3257     1600     2293     2214     1481     2866     3316     1342     830      3350     2289     3695     3385     2943     107      3265     1442     2315     915      1606     1462     680      622      
30       4139     2087     3259     2685     3444     2492     2820     3299     3942     3698     1432     830      690      1224     446      701      3274     4003     1700     1857     3787     3304     3482     1594     3863     3657     2814     2878     3353     2530     0        1431     2434     2307     1419     3931     2488     2962     2279     747      2821     779      1493     582      2697     2792     3216     4142     1579     3758     2546     2060     3297     2712     3368     2050     2333     3201     2924     1967     2287     3618     1049     3587     2880     3295     2536     3602     2868     3697     3750     767      2449     1472     1118     4116     2868     3849     3648     2559     1969     
31       3951     1882     3757     1610     3835     2917     2795     3193     3701     3849     2713     1440     1081     1353     1387     1366     2109     4044     2634     2884     3654     3687     2331     1474     3766     3540     3178     1834     3329     3153     1431     0        2135     3513     370      3438     2957     2373     2987     1908     3458     815      2525     1971     3184     2815     2773     3939     2421     2997     1558     754      2537     2181     3257     3032     3519     2614     1809     1824     1634     3273     1930     2868     1723     3352     3491     2635     2288     2594     2811     709      3048     119      1843     3906     3793     3986     3776     2855     2782     
32       1825     348      2021     1379     1971     1333     730      1062     1587     1790     2646     1636     1772     1210     2772     1746     1819     1929     1975     2246     1518     1837     1912     844      1631     1405     1419     1371     1216     1748     2434     2135     0        2989     1765     1497     1416     658      1782     2136     1971     1839     2092     2535     1580     787      785      1817     1763     1479     1189     1813     1105     434      1124     2247     2950     844      1538     473      648      1202     1770     1291     1615     1276     2488     1633     584      1953     1698     2345     1653     2252     1584     1785     2652     1913     1710     1122     1845     
33       3845     2752     2098     4067     2403     1911     2770     3149     3786     2984     883      2095     2432     2378     2688     2150     4640     3375     1037     751      3505     2334     4790     2585     3500     3392     2127     4168     3052     1546     2307     3513     2989     0        3314     4164     1831     3642     1335     1624     1611     2697     1026     1751     1858     2683     3600     3869     1274     4433     3869     3871     4094     3422     3198     751      73       3792     4296     2649     3346     3720     1611     4245     4318     2888     793      4613     3573     4893     4687     3007     1575     3596     1748     3862     1009     3107     2988     2156     1153     
34       3583     1513     3415     1365     3483     2578     2426     2823     3335     3482     2559     1218     907      1042     1488     1173     1913     3674     2384     2648     3284     3335     2131     1118     3397     3171     2829     1581     2959     2834     1419     370      1765     3314     0        3089     2622     2026     2684     1755     3136     675      2302     1897     2848     2447     2415     3572     2160     2685     1277     641      2219     1825     2887     2781     3313     2269     1585     1457     1281     2911     1706     2547     1518     2983     3225     2370     1938     2377     2539     830      2728     488      1593     3539     3516     3619     3409     2503     2503     
35       920      1845     2494     2083     2264     2260     1395     1055     694      1689     4014     3132     3262     2706     4258     3243     2098     1494     3253     3481     953      2206     2023     2337     1068     982      2111     1910     1220     2665     3931     3438     1497     4164     3089     0        2344     1064     2833     3604     2743     3304     3428     4016     2377     1481     714      884      3085     795      2007     2895     1034     1272     1026     3419     4110     826      2060     1969     1808     453      3217     758      2187     1408     3495     1426     1151     1846     1314     3782     2610     3544     3040     849      3536     1702     1617     2010     3031     
36       2043     1343     807      2753     956      88       969      1317     1961     1301     1877     1733     2084     1613     2928     1867     3232     1667     1067     1215     1691     815      3328     1523     1702     1572     356      2775     1227     342      2488     2957     1416     1831     2622     2344     0        1994     497      1836     564      2302     1304     2253     227      876      1841     2063     1012     2705     2552     2944     2442     1827     1366     1107     1773     2087     2936     1307     1981     1895     1452     2524     3000     1075     1158     3008     1948     3357     3042     2817     268      3073     1371     2052     1257     1447     1275     341      768      
37       1700     960      2478     1128     2360     1907     1112     1183     1431     2008     3298     2211     2276     1760     3253     2305     1374     2020     2633     2902     1495     2246     1407     1385     1630     1422     1918     1016     1391     2336     2962     2373     658      3642     2026     1064     1994     0        2404     2751     2524     2283     2750     3133     2125     1201     455      1679     2421     831      1002     1853     454      254      1219     2897     3602     246      1190     1086     746      965      2403     646      1301     1524     3112     1014     94       1381     1054     2739     2249     2480     2215     1642     3250     2097     1923     1670     2493     
38       2532     1629     1021     3040     1268     576      1445     1814     2457     1738     1441     1625     2004     1642     2725     1747     3560     2119     660      742      2184     1154     3677     1665     2189     2066     816      3092     1722     282      2279     2987     1782     1335     2684     2833     497      2404     0        1563     544      2252     911      1947     567      1355     2300     2553     702      3154     2837     3097     2858     2211     1864     614      1278     2523     3243     1559     2271     2387     1233     2969     3293     1566     708      3409     2348     3734     3459     2730     257      3096     1217     2544     893      1876     1724     823      340      
39       3663     1798     2568     2773     2778     1855     2346     2826     3497     3104     807      608      847      1044     1185     596      3375     3439     957      1111     3301     2644     3561     1392     3358     3170     2181     2929     2842     1828     747      1908     2136     1624     1755     3604     1836     2751     1563     0        2107     1099     745      431      2028     2298     2909     3671     860      3581     2598     2364     3149     2497     2893     1302     1639     2969     3016     1670     2195     3237     407      3397     3004     2754     1788     3554     2661     3732     3676     1386     1756     1983     566      3650     2121     3254     3064     1968     1239     
40       2275     1908     512      3317     801      641      1444     1688     2255     1376     1924     2144     2516     2104     3267     2270     3790     1767     1187     1202     1958     723      3880     2060     1931     1858     637      3336     1542     306      2821     3458     1971     1611     3136     2743     564      2524     544      2107     0        2755     1437     2487     398      1349     2323     2302     1247     3190     3117     3492     2963     2372     1721     1025     1542     2594     3499     1869     2545     2290     1773     3016     3564     1360     830      3537     2485     3898     3559     3248     409      3570     1744     2301     796      1496     1386     856      874      
41       3638     1512     3110     1907     3232     2278     2364     2818     3415     3355     1906     644      268      722      975      554      2494     3608     1839     2079     3304     3085     2703     1012     3399     3180     2572     2103     2913     2448     779      815      1839     2697     675      3304     2302     2283     2252     1099     2755     0        1715     1222     2529     2359     2593     3634     1638     3045     1773     1311     2578     2044     2887     2234     2704     2529     2146     1411     1567     3041     1124     2883     2101     2894     2703     2843     2189     2922     2997     533      2349     901      1058     3604     3015     3501     3292     2268     2014     
42       3304     1811     1931     3060     2178     1351     2058     2508     3183     2604     593      1087     1447     1352     1928     1161     3643     2971     251      372      2942     2059     3802     1578     2973     2816     1660     3173     2470     1194     1493     2525     2092     1026     2302     3428     1304     2750     911      745      1437     1715     0        1066     1451     1987     2790     3319     342      3570     2865     2846     3190     2512     2568     556      1017     2929     3293     1695     2363     3012     597      3381     3308     2344     1043     3676     2671     3925     3766     2093     1147     2616     722      3304     1375     2749     2579     1536     571      
43       4094     2192     2964     3050     3186     2276     2775     3256     3926     3531     869      929      1026     1385     936      860      3650     3868     1306     1397     3732     3055     3847     1753     3790     3601     2602     3222     3273     2221     582      1971     2535     1751     1897     4016     2253     3133     1947     431      2487     1222     1066     0        2438     2729     3315     4102     1256     3957     2888     2533     3515     2878     3323     1599     1783     3357     3293     2064     2534     3657     839      3776     3267     3185     2073     3889     3041     4037     4020     1341     2156     2025     992      4080     2407     3681     3491     2397     1612     
44       1987     1540     580      2938     750      275      1050     1328     1935     1170     2003     1954     2309     1841     3139     2087     3399     1552     1204     1310     1649     617      3486     1745     1641     1538     272      2949     1204     311      2697     3184     1580     1858     2848     2377     227      2125     567      2028     398      2529     1451     2438     0        954      1930     2010     1185     2797     2739     3160     2565     1976     1368     1173     1795     2196     3114     1513     2169     1924     1654     2622     3183     1033     1127     3138     2087     3500     3161     3042     310      3300     1584     2004     1166     1310     1157     460      889      
45       1365     937      1279     2152     1192     788      95       530      1207     1035     2580     1962     2217     1644     3190     2094     2538     1249     1792     2006     1004     1065     2598     1369     1072     873      723      2118     561      1211     2792     2815     787      2683     2447     1481     876      1201     1355     2298     1349     2359     1987     2729     954      0        975      1373     1648     1842     1969     2581     1625     1095     596      1938     2629     1247     2291     992      1436     1041     1891     1667     2378     539      2034     2203     1178     2583     2215     2891     1144     2934     1740     1351     2115     1171     961      535      1553     
46       1245     1133     2195     1582     2036     1753     880      791      977      1611     3366     2421     2547     1992     3544     2531     1781     1585     2637     2885     1047     1938     1781     1622     1182     982      1690     1460     1005     2182     3216     2773     785      3600     2415     714      1841     455      2300     2909     2323     2593     2790     3315     1930     975      0        1225     2450     867      1457     2294     721      592      814      2848     3552     329      1631     1258     1141     514      2531     694      1747     1163     2995     1290     514      1701     1269     3079     2108     2884     2350     1188     3090     1686     1527     1501     2449     
47       39       2124     1928     2799     1645     1995     1329     846      247      998      3910     3312     3530     2950     4523     3440     2918     687      3103     3277     376      1637     2869     2622     371      504      1743     2659     848      2322     4142     3939     1817     3869     3572     884      2063     1679     2553     3671     2302     3634     3319     4102     2010     1373     1225     0        2990     1672     2681     3512     1823     1796     778      3167     3806     1502     2825     2223     2335     715      3264     1605     2946     988      3122     2289     1738     2714     2190     4153     2300     4054     3112     37       3084     952      954      1785     2825     
48       2975     1495     1710     2794     1930     1048     1718     2172     2848     2310     932      994      1375     1149     2025     1098     3366     2667     240      528      2613     1802     3517     1315     2649     2485     1367     2894     2141     968      1579     2421     1763     1274     2160     3085     1012     2421     702      860      1247     1638     342      1256     1185     1648     2450     2990     0        3237     2595     2660     2865     2187     2233     624      1250     2596     3022     1385     2073     2670     546      3048     3045     2022     1069     3363     2345     3627     3448     2077     899      2522     580      2973     1377     2457     2279     1213     394      
49       1707     1792     3044     1469     2861     2616     1747     1596     1462     2363     4126     3031     3068     2576     4021     3120     1347     2235     3441     3703     1674     2776     1245     2204     1803     1664     2557     1262     1801     3046     3758     2997     1479     4433     2685     795      2705     831      3154     3581     3190     3045     3570     3957     2797     1842     867      1672     3237     0        1455     2355     469      1083     1597     3682     4388     642      1383     1918     1478     1073     3235     188      1510     1978     3854     639      919      1051     518      3461     2970     3091     3047     1637     3957     2406     2283     2365     3279     
