

sets
i        orders          /0*5/
k        routes          /1*5/
p        positions       /0*5/
;

alias(i,j)
alias(i,h)
alias(i,hh)
alias(i,jj)
alias(k,kk)
                            Parameters

rho(i)	Processing time
/
0	0
1	44
2	62
3	19
4	49
5	61
/

gamma(i)	Duedate
/
0	0
1	32
2	42
3	40
4	11
5	29
/

sigma(i)	Size
/
0	0
1	3
2	4
3	4
4	8
5	4
/

epsilon(i)	Priority
/
0	0
1	9
2	4
3	8
4	8
5	2
/

psi	Vehicle Capacity
/ 26 /
;

Table kappa(i,j)                 Setup
         0        1        2        3        4        5        
0        0        185      88       142      105      187      
1        185      0        157      289      197      289      
2        88       157      0        133      181      272      
3        142      289      133      0        241      305      
4        105      197      181      241      0        97       
5        187      289      272      305      97       0        
;



Table delta(i,j)                 Distance
         0        1        2        3        4        5        
0        0        2820     2400     5700     5250     4530     
1        2820     0        39       117      105      164      
2        2400     39       0        110      95       125      
3        5700     117      110      0        15       151      
4        5250     105      95       15       0        140      
5        4530     164      125      151      140      0        
;

