

sets
i        orders          /0*5/
k        routes          /1*5/
p        positions       /0*5/
;

alias(i,j)
alias(i,h)
alias(i,hh)
alias(i,jj)
alias(k,kk)
                            Parameters

rho(i)	Processing time
/
0	0
1	32
2	17
3	80
4	42
5	92
/

gamma(i)	Duedate
/
0	0
1	65
2	69
3	6
4	28
5	69
/

sigma(i)	Size
/
0	0
1	8
2	6
3	6
4	6
5	2
/

epsilon(i)	Priority
/
0	0
1	3
2	3
3	2
4	2
5	5
/

psi	Vehicle Capacity
/ 13 /
;

Table kappa(i,j)                 Setup
         0        1        2        3        4        5        
0        0        89       235      85       307      280      
1        89       0        148      88       249      241      
2        235      148      0        221      247      279      
3        85       88       221      0        227      194      
4        307      249      247      227      0        70       
5        280      241      279      194      70       0        
;



Table delta(i,j)                 Distance
         0        1        2        3        4        5        
0        0        1950     3930     3630     1590     1710     
1        1950     0        79       123      67       86       
2        3930     79       0        103      147      165      
3        3630     123      103      0        167      177      
4        1590     67       147      167      0        20       
5        1710     86       165      177      20       0        
;

