

sets
i        orders          /0*5/
k        routes          /1*5/
p        positions       /0*5/
;

alias(i,j)
alias(i,h)
alias(i,hh)
alias(i,jj)
alias(k,kk)
                            Parameters

rho(i)	Processing time
/
0	0
1	2
2	90
3	32
4	96
5	71
/

gamma(i)	Duedate
/
0	0
1	64
2	5
3	96
4	2
5	40
/

sigma(i)	Size
/
0	0
1	8
2	3
3	3
4	3
5	7
/

epsilon(i)	Priority
/
0	0
1	7
2	5
3	5
4	8
5	5
/

psi	Vehicle Capacity
/ 103 /
;

Table kappa(i,j)                 Setup
         0        1        2        3        4        5        
0        0        167      170      140      278      188      
1        167      0        31       97       204      233      
2        170      31       0        73       235      259      
3        140      97       73       0        294      281      
4        278      204      235      294      0        163      
5        188      233      259      281      163      0        
;



Table delta(i,j)                 Distance
         0        1        2        3        4        5        
0        0        630      540      660      270      690      
1        630      0        27       24       13       25       
2        540      27       0        7        15       8        
3        660      24       7        0        16       1        
4        270      13       15       16       0        17       
5        690      25       8        1        17       0        
;

