
sets
i        orders          /0*20/
k        routes          /1*20/
p        positions       /0*20/
;

alias(i,j)
alias(i,h)
alias(i,hh)
alias(i,jj)
alias(k,kk)
                
                    Parameters

rho(i)	Processing time
/
0	0
1	6
2	17
3	55
4	19
5	11
6	32
7	37
8	84
9	71
10	36
11	97
12	28
13	57
14	1
15	34
16	76
17	36
18	60
19	48
20	98
/

gamma(i)	Duedate
/
0	0
1	1
2	68
3	69
4	38
5	14
6	92
7	5
8	84
9	53
10	7
11	94
12	60
13	90
14	88
15	6
16	68
17	33
18	41
19	59
20	49
/

sigma(i)	Size
/
0	0
1	2
2	1
3	2
4	3
5	3
6	5
7	8
8	7
9	3
10	8
11	4
12	7
13	8
14	4
15	8
16	9
17	5
18	2
19	9
20	3
/

epsilon(i)	Priority
/
0	0
1	2
2	1
3	5
4	9
5	2
6	5
7	2
8	2
9	2
10	7
11	2
12	9
13	9
14	3
15	1
16	1
17	5
18	1
19	2
20	7
/

psi	Vehicle Capacity
/ 21 /
;

Table kappa(i,j)                 Setup
         0        1        2        3        4        5        6        7        8        9        10       11       12       13       14       15       16       17       18       19       20       
0        0        352      502      406      310      595      232      276      148      374      120      625      169      371      385      460      194      538      309      428      519      
1        352      0        149      281      384      275      121      446      204      35       281      294      196      154      428      304      193      301      196      159      172      
2        502      149      0        350      490      174      270      567      354      134      424      173      344      219      517      335      337      278      294      176      62       
3        406      281      350      0        601      521      275      626      313      258      420      523      264      431      662      582      229      581      449      440      312      
4        310      384      490      601      0        484      327      101      296      419      208      526      346      272      75       242      381      354      196      328      538      
5        595      275      174      521      484      0        382      578      455      279      493      44       462      233      486      263      466      161      313      171      227      
6        232      121      270      275      327      382      0        365      84       142      175      406      80       194      387      333      91       368      182      233      288      
7        276      446      567      626      101      578      365      0        312      480      207      620      362      356      151      344      397      455      275      416      610      
8        148      204      354      313      296      455      84       312      0        226      106      482      50       244      365      363      85       419      204      294      372      
9        374      35       134      258      419      279      142      480      226      0        310      292      211      185      463      334      203      322      231      182      145      
10       120      281      424      420      208      493      175      207      106      310      0        527      155      262      281      340      190      422      193      323      453      
11       625      294      173      523      526      44       406      620      482      292      527      0        486      271      529      307      487      204      351      208      217      
12       169      196      344      264      346      462      80       362      50       211      155      486      0        267      414      397      35       443      240      311      354      
13       371      154      219      431      272      233      194      356      244      185      262      271      267      0        298      150      285      176      81       62       273      
14       385      428      517      662      75       486      387      151      365      463      281      529      414      298      0        227      448      341      233      346      570      
15       460      304      335      582      242      263      333      344      363      334      340      307      397      150      227      0        421      114      159      161      395      
16       194      193      337      229      381      466      91       397      85       203      190      487      35       285      448      421      0        459      265      323      341      
17       538      301      278      581      354      161      368      455      419      322      422      204      443      176      341      114      459      0        228      142      340      
18       309      196      294      449      196      313      182      275      204      231      193      351      240      81       233      159      265      228      0        144      342      
19       428      159      176      440      328      171      233      416      294      182      323      208      311      62       346      161      323      142      144      0        235      
20       519      172      62       312      538      227      288      610      372      145      453      217      354      273      570      395      341      340      342      235      0        
;



Table delta(i,j)                 Distance
         0        1        2        3        4        5        6        7        8        9        10       11       12       13       14       15       16       17       18       19       20       
0        0        4260     5730     6660     9750     3840     5280     8130     5070     10470    7890     5820     7380     7170     3300     9150     8070     2340     8940     9870     6780     
1        4260     0        318      340      248      59       317      283      249      385      385      99       240      171      251      239      290      93       249      238      320      
2        5730     318      0        43       401      279      76       258      122      273      72       326      268      331      100      374      245      226      349      420      100      
3        6660     340      43       0        395      296      119      238      115      239      48       335      256      330      141      367      224      246      339      416      69       
4        9750     248      401      395      0        211      445      179      281      273      440      149      142      86       394      28       196      248      62       34       335      
5        3840     59       279      296      211      0        290      224      196      326      343      67       182      127      227      196      231      55       200      208      268      
6        5280     317      76       119      445      290      0        321      180      348      129      347      323      367      66       419      310      235      399      460      175      
7        8130     283      258      238      179      224      321      0        141      108      279      209      48       155      290      152      17       219      117      209      171      
8        5070     249      122      115      281      196      180      141      0        187      162      225      146      215      153      253      131      157      227      301      71       
9        10470    385      273      239      273      326      348      108      187      0        265      317      157      262      337      248      97       312      212      305      173      
10       7890     385      72       48       440      343      129      279      162      265      0        383      300      378      170      412      263      292      384      463      107      
11       5820     99       326      335      149      67       347      209      225      317      383      0        161      73       286      139      220      118      152      142      296      
12       7380     240      268      256      142      182      323      48       146      157      300      161      0        107      283      114      62       185      83       169      194      
13       7170     171      331      330      86       127      367      155      215      262      378      73       107      0        313      69       169      162      79       92       279      
14       3300     251      100      141      394      227      66       290      153      337      170      286      283      313      0        370      282      171      354      406      176      
15       9150     239      374      367      28       196      419      152      253      248      412      139      114      69       370      0        169      229      35       57       307      
16       8070     290      245      224      196      231      310      17       131      97       263      220      62       169      282      169      0        222      134      226      156      
17       2340     93       226      246      248      55       235      219      157      312      292      118      185      162      171      229      222      0        225      251      227      
18       8940     249      349      339      62       200      399      117      227      212      384      152      83       79       354      35       134      225      0        93       277      
19       9870     238      420      416      34       208      460      209      301      305      463      142      169      92       406      57       226      251      93       0        360      
20       6780     320      100      69       335      268      175      171      71       173      107      296      194      279      176      307      156      227      277      360      0        
;

