
sets
i        orders          /0*20/
k        routes          /1*20/
p        positions       /0*20/
;

alias(i,j)
alias(i,h)
alias(i,hh)
alias(i,jj)
alias(k,kk)
                
                    Parameters

rho(i)	Processing time
/
0	0
1	4
2	42
3	18
4	38
5	29
6	79
7	96
8	63
9	77
10	48
11	9
12	59
13	82
14	78
15	94
16	59
17	99
18	20
19	19
20	61
/

gamma(i)	Duedate
/
0	0
1	49
2	90
3	20
4	65
5	17
6	28
7	10
8	66
9	17
10	21
11	95
12	91
13	54
14	16
15	85
16	87
17	61
18	18
19	34
20	46
/

sigma(i)	Size
/
0	0
1	9
2	4
3	1
4	4
5	5
6	4
7	6
8	7
9	2
10	8
11	3
12	4
13	5
14	6
15	5
16	1
17	4
18	8
19	9
20	5
/

epsilon(i)	Priority
/
0	0
1	4
2	6
3	2
4	4
5	6
6	2
7	9
8	1
9	5
10	8
11	3
12	6
13	1
14	7
15	5
16	2
17	2
18	6
19	9
20	2
/

psi	Vehicle Capacity
/ 32 /
;

Table kappa(i,j)                 Setup
         0        1        2        3        4        5        6        7        8        9        10       11       12       13       14       15       16       17       18       19       20       
0        0        603      455      194      290      224      218      436      397      424      246      380      391      154      524      477      139      140      195      433      421      
1        603      0        593      466      574      497      409      366      333      581      576      414      283      724      89       258      554      519      798      203      565      
2        455      593      0        298      166      244      335      700      264      30       211      186      593      599      569      663      315      325      549      402      796      
3        194      466      298      0        162      58       61       430      205      268      136      186      340      348      402      424      90       60       362      271      500      
4        290      574      166      162      0        104      217      591      251      136      45       181      497      432      526      578      153      169      389      370      658      
5        224      497      244      58       104      0        113      487      203      214      84       162      394      377      440      476      92       85       369      296      558      
6        218      409      335      61       217      113      0        375      185      307      196      191      281      366      343      363      145      109      402      221      462      
7        436      366      700      430      591      487      375      0        468      675      566      525      114      488      284      109      481      445      611      366      200      
8        397      333      264      205      251      203      185      468      0        249      265      80       355      549      304      413      289      266      567      137      605      
9        424      581      30       268      136      214      307      675      249      0        181      169      570      569      553      641      285      295      521      386      768      
10       246      576      211      136      45       84       196      566      265      181      0        203      477      387      522      559      110      131      347      373      622      
11       380      414      186      186      181      162      191      525      80       169      203      0        414      534      383      480      254      240      531      217      644      
12       391      283      593      340      497      394      281      114      355      570      477      414      0        477      195      87       405      367      580      251      290      
13       154      724      599      348      432      377      366      488      549      569      387      534      477      0        640      556      288      294      145      572      406      
14       524      89       569      402      526      440      343      284      304      553      522      383      195      640      0        180      488      451      719      167      480      
15       477      258      663      424      578      476      363      109      413      641      559      480      87       556      180      0        491      454      665      292      310      
16       139      554      315      90       153      92       145      481      289      285      110      254      405      288      488      491      0        38       278      361      518      
17       140      519      325      60       169      85       109      445      266      295      131      240      367      294      451      454      38       0        301      328      491      
18       195      798      549      362      389      369      402      611      567      521      347      531      580      145      719      665      278      301      0        622      549      
19       433      203      402      271      370      296      221      366      137      386      373      217      251      572      167      292      361      328      622      0        531      
20       421      565      796      500      658      558      462      200      605      768      622      644      290      406      480      310      518      491      549      531      0        
;



Table delta(i,j)                 Distance
         0        1        2        3        4        5        6        7        8        9        10       11       12       13       14       15       16       17       18       19       20       
0        0        5790     12570    9210     6960     9330     7890     9390     8670     12030    9750     4890     4740     10290    2430     8460     3930     1740     11250    5640     12240    
1        5790     0        311      228      101      226      312      125      307      303      162      280      222      223      175      92       89       150      225      181      370      
2        12570    311      0        113      213      108      278      244      231      24       172      362      299      88       343      261      300      361      116      238      147      
3        9210     228      113      0        128      8        185      207      147      94       143      252      187      68       230      209      196      251      132      124      144      
4        6960     101      213      128      0        125      247      112      229      203      94       253      183      125      177      97       101      175      144      121      272      
5        9330     226      108      8        125      0        194      200      156      90       136      260      193      60       235      203      197      254      123      130      149      
6        7890     312      278      185      247      194      0        357      48       254      312      119      108      254      188      344      231      229      317      131      184      
7        9390     125      244      207      112      200      357      0        335      246      73       363      294      164      275      33       189      262      133      233      348      
8        8670     307      231      147      229      156      48       335      0        207      283      160      130      216      209      326      235      247      280      128      137      
9        12030    303      24       94       203      90       254      246      207      0        173      339      277      83       324      259      285      344      124      218      127      
10       9750     162      172      143      94       136      312      73       283      173      0        341      269      92       271      91       194      269      65       201      279      
11       4890     280      362      252      253      260      119      363      160      339      341      0        71       313      111      341      190      150      366      140      297      
12       4740     222      299      187      183      193      108      294      130      277      269      71       0        244      80       274      133      121      296      69       256      
13       10290    223      88       68       125      60       254      164      216      83       92       313      244      0        273      176      218      285      64       176      188      
14       2430     175      343      230      177      235      188      275      209      324      271      111      80       273      0        248      88       41       313      108      326      
15       8460     92       261      209      97       203      344      33       326      259      91       341      274      176      248      0        161      233      155      216      353      
16       3930     89       300      196      101      197      231      189      235      285      194      190      133      218      88       161      0        75       245      107      322      
17       1740     150      361      251      175      254      229      262      247      344      269      150      121      285      41       233      75       0        317      135      358      
18       11250    225      116      132      144      123      317      133      280      124      65       366      296      64       313      155      245      317      0        227      245      
19       5640     181      238      124      121      130      131      233      128      218      201      140      69       176      108      216      107      135      227      0        223      
20       12240    370      147      144      272      149      184      348      137      127      279      297      256      188      326      353      322      358      245      223      0        
;

