
sets
i        orders          /0*20/
k        routes          /1*20/
p        positions       /0*20/
;

alias(i,j)
alias(i,h)
alias(i,hh)
alias(i,jj)
alias(k,kk)
                
                    Parameters

rho(i)	Processing time
/
0	0
1	45
2	73
3	36
4	25
5	10
6	61
7	19
8	45
9	83
10	17
11	11
12	85
13	34
14	84
15	47
16	37
17	38
18	10
19	91
20	75
/

gamma(i)	Duedate
/
0	0
1	22
2	34
3	74
4	70
5	43
6	58
7	8
8	31
9	30
10	74
11	61
12	91
13	41
14	18
15	40
16	87
17	22
18	87
19	92
20	45
/

sigma(i)	Size
/
0	0
1	9
2	3
3	7
4	9
5	9
6	1
7	2
8	8
9	2
10	7
11	6
12	5
13	1
14	7
15	7
16	8
17	4
18	7
19	9
20	4
/

epsilon(i)	Priority
/
0	0
1	3
2	1
3	9
4	1
5	2
6	8
7	3
8	5
9	8
10	8
11	9
12	8
13	9
14	2
15	9
16	9
17	2
18	3
19	2
20	8
/

psi	Vehicle Capacity
/ 13 /
;

Table kappa(i,j)                 Setup
         0        1        2        3        4        5        6        7        8        9        10       11       12       13       14       15       16       17       18       19       20       
0        0        214      199      207      241      214      149      323      144      499      318      353      391      316      243      152      220      463      415      367      468      
1        214      0        198      419      424      386      338      475      217      602      441      487      606      522      455      196      432      678      615      571      648      
2        199      198      0        330      437      241      346      303      70       405      515      304      528      493      412      50       344      608      482      545      486      
3        207      419      330      0        217      134      180      221      260      424      363      269      198      192      113      284      14       278      216      239      295      
4        241      424      437      217      0        335      92       435      374      638      151      482      268      127      124      388      218      309      398      162      499      
5        214      386      241      134      335      0        272      111      181      306      468      151      310      326      247      207      143      391      240      373      262      
6        149      338      346      180      92       272      0        380      284      579      196      423      300      187      137      297      187      359      390      234      475      
7        323      475      303      221      435      111      380      0        259      203      574      50       349      405      332      283      224      425      216      446      185      
8        144      217      70       260      374      181      284      259      0        393      462      270      458      423      342      26       274      538      421      475      437      
9        499      602      405      424      638      306      579      203      393      0        775      156      532      605      536      409      427      601      362      644      266      
10       318      441      515      363      151      468      196      574      462      775      0        619      409      261      275      469      365      435      550      276      650      
11       353      487      304      269      482      151      423      50       270      156      619      0        398      455      382      292      273      474      255      496      204      
12       391      606      528      198      268      310      300      349      458      532      409      398      0        148      162      483      184      81       187      150      306      
13       316      522      493      192      127      326      187      405      423      605      261      455      148      0        83       443      184      182      308      51       421      
14       243      455      412      113      124      247      137      332      342      536      275      382      162      83       0        362      108      225      274      134      377      
15       152      196      50       284      388      207      297      283      26       409      469      292      483      443      362      0        298      562      447      495      462      
16       220      432      344      14       218      143      187      224      274      427      365      273      184      184      108      298      0        264      206      230      288      
17       463      678      608      278      309      391      359      425      538      601      435      474      81       182      225      562      264      0        243      159      359      
18       415      615      482      216      398      240      390      216      421      362      550      255      187      308      274      447      206      243      0        329      118      
19       367      571      545      239      162      373      234      446      475      644      276      496      150      51       134      495      230      159      329      0        445      
20       468      648      486      295      499      262      475      185      437      266      650      204      306      421      377      462      288      359      118      445      0        
;



Table delta(i,j)                 Distance
         0        1        2        3        4        5        6        7        8        9        10       11       12       13       14       15       16       17       18       19       20       
0        0        8340     7380     11490    4350     7650     9060     9510     4860     7170     3120     3840     3210     10590    6750     6930     11880    10620    7560     1860     4770     
1        8340     0        179      419      402      277      302      188      182      106      173      153      323      380      152      229      366      317      312      233      181      
2        7380     179      0        240      312      100      123      72       265      72       174      148      224      201      279      57       196      147      140      183      86       
3        11490    419      240      0        348      150      116      251      476      313      368      353      292      38       506      196      95       119      133      335      277      
4        4350     402      312      348      0        269      310      384      307      336      234      250      87       331      370      271      395      366      245      169      240      
5        7650     277      100      150      269      0        47       144      327      170      221      204      190      113      356      47       141      101      41       198      127      
6        9060     302      123      116      310      47       0        143      370      196      265      246      234      78       394      85       93       56       67       245      170      
7        9510     188      72       251      384      144      143      0        316      103      237      210      296      215      317      116      182      137      185      255      158      
8        4860     182      265      476      307      327      370      316      0        214      109      123      256      440      66       285      457      408      345      161      200      
9        7170     106      72       313      336      170      196      103      214      0        144      116      249      274      215      123      265      216      207      180      96       
10       3120     173      174      368      234      221      265      237      109      144      0        28       165      333      153      182      355      308      236      66       95       
11       3840     153      148      353      250      204      246      210      123      116      28       0        174      317      157      162      334      286      223      80       76       
12       3210     323      224      292      87       190      234      296      256      249      165      174      0        269      313      186      324      290      173      99       153      
13       10590    380      201      38       331      113      78       215      440      274      333      317      269      0        469      158      77       87       101      303      240      
14       6750     152      279      506      370      356      394      317      66       215      153      157      313      469      0        310      475      426      379      215      230      
15       6930     229      57       196      271      47       85       116      285      123      182      162      186      158      310      0        173      127      83       170      86       
16       11880    366      196      95       395      141      93       182      457      265      355      334      324      77       475      173      0        49       151      339      260      
17       10620    317      147      119      366      101      56       137      408      216      308      286      290      87       426      127      49       0        122      295      212      
18       7560     312      140      133      245      41       67       185      345      207      236      223      173      101      379      83       151      122      0        202      149      
19       1860     233      183      335      169      198      245      255      161      180      66       80       99       303      215      170      339      295      202      0        97       
20       4770     181      86       277      240      127      170      158      200      96       95       76       153      240      230      86       260      212      149      97       0        
;

