
sets
i        orders          /0*20/
k        routes          /1*20/
p        positions       /0*20/
;

alias(i,j)
alias(i,h)
alias(i,hh)
alias(i,jj)
alias(k,kk)
                
                    Parameters

rho(i)	Processing time
/
0	0
1	1
2	16
3	3
4	6
5	95
6	47
7	93
8	73
9	16
10	57
11	45
12	38
13	62
14	98
15	35
16	49
17	45
18	58
19	78
20	88
/

gamma(i)	Duedate
/
0	0
1	91
2	79
3	99
4	50
5	57
6	52
7	59
8	72
9	14
10	64
11	34
12	80
13	26
14	63
15	44
16	14
17	53
18	71
19	43
20	79
/

sigma(i)	Size
/
0	0
1	2
2	7
3	1
4	4
5	5
6	4
7	3
8	3
9	4
10	9
11	5
12	1
13	8
14	2
15	5
16	3
17	2
18	5
19	8
20	5
/

epsilon(i)	Priority
/
0	0
1	3
2	5
3	2
4	3
5	8
6	7
7	4
8	2
9	1
10	6
11	5
12	5
13	2
14	4
15	3
16	3
17	3
18	2
19	2
20	5
/

psi	Vehicle Capacity
/ 29 /
;

Table kappa(i,j)                 Setup
         0        1        2        3        4        5        6        7        8        9        10       11       12       13       14       15       16       17       18       19       20       
0        0        452      364      566      574      501      137      46       133      141      6        266      295      211      307      536      319      477      654      450      542      
1        452      0        90       304      518      651      529      465      376      391      447      556      454      243      158      185      313      119      485      286      407      
2        364      90       0        341      516      613      449      376      298      315      359      491      401      154      93       241      274      168      509      289      416      
3        566      304      341      0        265      484      570      600      439      440      565      517      384      423      305      129      260      185      185      122      145      
4        574      518      516      265      0        258      514      618      444      433      575      403      292      524      440      381      279      411      146      231      120      
5        501      651      613      484      258      0        389      546      404      385      505      247      228      552      521      571      340      573      405      397      348      
6        137      529      449      570      514      389      0        175      154      141      144      143      222      309      372      571      309      525      619      447      511      
7        46       465      376      600      618      546      175      0        175      185      43       309      341      221      329      563      359      501      696      487      583      
8        133      376      298      439      444      404      154      175      0        21       133      208      181      171      218      424      187      373      521      320      409      
9        141      391      315      440      433      385      141      185      21       0        142      187      163      192      233      431      184      383      515      320      403      
10       6        447      359      565      575      505      144      43       133      142      0        271      298      206      304      533      319      474      655      449      542      
11       266      556      491      517      403      247      143      309      208      187      271      0        133      379      401      551      272      521      526      397      427      
12       295      454      401      384      292      228      222      341      181      163      298      133      0        324      308      424      148      402      401      265      298      
13       211      243      154      423      524      552      309      221      171      192      206      379      324      0        121      358      246      290      558      331      451      
14       307      158      93       305      440      521      372      329      218      233      304      401      308      121      0        238      183      172      453      225      351      
15       536      185      241      129      381      571      571      563      424      431      533      551      424      358      238      0        279      72       315      174      260      
16       319      313      274      260      279      340      309      359      187      184      319      272      148      246      183      279      0        253      336      138      224      
17       477      119      168      185      411      573      525      501      373      383      474      521      402      290      172      72       253      0        367      184      295      
18       654      485      509      185      146      405      619      696      521      515      655      526      401      558      453      315      336      367      0        228      112      
19       450      286      289      122      231      397      447      487      320      320      449      397      265      331      225      174      138      184      228      0        127      
20       542      407      416      145      120      348      511      583      409      403      542      427      298      451      351      260      224      295      112      127      0        
;



Table delta(i,j)                 Distance
         0        1        2        3        4        5        6        7        8        9        10       11       12       13       14       15       16       17       18       19       20       
0        0        5100     8730     10380    11730    12330    10560    11460    10530    12360    7200     10380    8100     7920     14520    9330     13140    7170     10620    4770     5370     
1        5100     0        230      400      326      303      298      230      376      403      210      188      348      101      410      226      344      265      193      189      136      
2        8730     230      0        241      101      138      68       203      188      183      59       206      237      201      193      42       151      131      220      147      114      
3        10380    400      241      0        259      355      227      445      67       151      211      445      82       419      319      283      337      136      459      214      269      
4        11730    326      101      259      0        102      42       230      193      140      152      252      286      277      92       100      77       196      266      241      216      
5        12330    303      138      355      102      0        127      142      291      243      197      175      368      227      130      103      50       266      186      283      233      
6        10560    298      68       227      42       127      0        235      164      129      111      250      247      261      134      83       115      154      264      199      180      
7        11460    230      203      445      230      142      235      0        390      365      243      46       434      130      272      163      192      326      51       303      232      
8        10530    376      188      67       193      291      164      390      0        88       171      395      122      379      252      227      271      115      409      201      240      
9        12360    403      183      151      140      243      129      365      88       0        193      380      210      384      174      210      211      173      394      254      270      
10       7200     210      59       211      152      197      111      243      171      193      0        237      191      209      245      96       209      82       250      89       77       
11       10380    188      206      445      252      175      250      46       395      380      237      0        426      87       305      170      226      319      14       284      211      
12       8100     348      237      82       286      368      247      434      122      210      191      426      0        384      362      280      362      108      439      160      227      
13       7920     101      201      419      277      227      261      130      379      384      209      87       384      0        348      179      274      284      92       230      157      
14       14520    410      193      319      92       130      134      272      252      174      245      305      362      348      0        184      79       282      316      333      308      
15       9330     226      42       283      100      103      83       163      227      210      96       170      280      179      184      0        127      173      184      180      132      
16       13140    344      151      337      77       50       115      192      271      211      209      226      362      274      79       127      0        267      237      299      258      
17       7170     265      131      136      196      266      154      326      115      173      82       319      108      284      282      173      267      0        333      85       132      
18       10620    193      220      459      266      186      264      51       409      394      250      14       439      92       316      184      237      333      0        297      223      
19       4770     189      147      214      241      283      199      303      201      254      89       284      160      230      333      180      299      85       297      0        74       
20       5370     136      114      269      216      233      180      232      240      270      77       211      227      157      308      132      258      132      223      74       0        
;

