

sets
i        orders          /0*10/
k        routes          /1*10/
p        positions       /0*10/
;

alias(i,j)
alias(i,h)
alias(i,hh)
alias(i,jj)
alias(k,kk)
                            Parameters

rho(i)	Processing time
/
0	0
1	33
2	32
3	79
4	36
5	20
6	80
7	25
8	61
9	21
10	86
/

gamma(i)	Duedate
/
0	0
1	71
2	6
3	42
4	45
5	40
6	43
7	78
8	41
9	40
10	29
/

sigma(i)	Size
/
0	0
1	6
2	8
3	7
4	4
5	7
6	6
7	4
8	3
9	9
10	5
/

epsilon(i)	Priority
/
0	0
1	5
2	7
3	8
4	6
5	6
6	8
7	7
8	8
9	6
10	6
/

psi	Vehicle Capacity
/ 36 /
;

Table kappa(i,j)                 Setup
         0        1        2        3        4        5        6        7        8        9        10       
0        0        456      350      416      46       355      266      281      182      280      358      
1        456      0        358      188      418      118      192      340      318      229      284      
2        350      358      0        185      347      349      293      70       185      162      75       
3        416      188      185      0        392      228      222      194      237      136      111      
4        46       418      347      392      0        313      226      277      168      257      345      
5        355      118      349      228      313      0        92       309      249      191      286      
6        266      192      293      222      226      92       0        241      162      132      242      
7        281      340      70       194      277      309      241      0        116      118      92       
8        182      318      185      237      168      249      162      116      0        104      177      
9        280      229      162      136      257      191      132      118      104      0        113      
10       358      284      75       111      345      286      242      92       177      113      0        
;



Table delta(i,j)                 Distance
         0        1        2        3        4        5        6        7        8        9        10       
0        0        1440     5490     8430     960      6330     4890     2910     9300     1380     6750     
1        1440     0        157      232      25       184      118      63       262      41       197      
2        5490     157      0        221      180      29       101      95       214      199      42       
3        8430     232      221      0        253      220      136      208      55       255      220      
4        960      25       180      253      0        208      142      86       284      21       221      
5        6330     184      29       220      208      0        115      121      206      226      13       
6        4890     118      101      136      142      115      0        75       150      153      122      
7        2910     63       95       208      86       121      75       0        225      104      134      
8        9300     262      214      55       284      206      150      225      0        290      203      
9        1380     41       199      255      21       226      153      104      290      0        239      
10       6750     197      42       220      221      13       122      134      203      239      0        
;

