

sets
i        orders          /0*20/
k        routes          /1*20/
p        positions       /0*20/
;

alias(i,j)
alias(i,h)
alias(i,hh)
alias(i,jj)
alias(k,kk)
                            Parameters

rho(i)	Processing time
/
0	0
1	49
2	77
3	80
4	27
5	4
6	78
7	30
8	74
9	53
10	45
11	3
12	50
13	28
14	96
15	46
16	67
17	63
18	87
19	33
20	48
/

gamma(i)	Duedate
/
0	0
1	91
2	28
3	15
4	62
5	80
6	50
7	32
8	1
9	11
10	51
11	3
12	16
13	3
14	54
15	68
16	20
17	11
18	85
19	69
20	59
/

sigma(i)	Size
/
0	0
1	6
2	5
3	1
4	5
5	9
6	7
7	9
8	4
9	4
10	5
11	4
12	6
13	5
14	2
15	6
16	6
17	2
18	8
19	2
20	3
/

epsilon(i)	Priority
/
0	0
1	7
2	3
3	2
4	4
5	3
6	6
7	5
8	2
9	8
10	1
11	6
12	6
13	9
14	7
15	6
16	2
17	4
18	8
19	6
20	5
/

psi	Vehicle Capacity
/ 37 /
;

Table kappa(i,j)                 Setup
         0        1        2        3        4        5        6        7        8        9        10       11       12       13       14       15       16       17       18       19       20       
0        0        439      1736     1591     1079     1322     1544     544      925      515      1223     1400     219      1183     1042     1225     806      264      1007     660      1038     
1        439      0        1741     1245     1238     1341     1573     235      1250     826      1114     995      657      1590     1199     1648     1076     533      1215     682      978      
2        1736     1741     0        1428     775      415      204      1524     1277     2220     686      1692     1806     1750     794      1918     1146     2001     918      1091     766      
3        1591     1245     1428     0        1550     1259     1398     1055     1927     2062     865      404      1794     2427     1526     2549     1700     1767     1647     1173     987      
4        1079     1238     775      1550     0        439      572      1082     515      1509     710      1637     1094     1023     39       1182     372      1335     147      575      563      
5        1322     1341     415      1259     439      0        232      1132     953      1808     400      1441     1397     1462     444      1622     784      1586     586      678      389      
6        1544     1573     204      1398     572      232      0        1364     1079     2021     581      1621     1607     1562     590      1728     942      1808     717      908      614      
7        544      235      1524     1055     1082     1132     1364     0        1183     1009     883      860      757      1584     1043     1665     983      715      1083     508      758      
8        925      1250     1277     1927     515      953      1079     1183     0        1210     1162     1924     835      521      509      673      227      1129     367      775      975      
9        515      826      2220     2062     1509     1808     2021     1009     1210     0        1737     1819     416      1257     1476     1228     1175     295      1407     1168     1548     
10       1223     1114     686      865      710      400      581      883      1162     1737     0        1044     1356     1683     693      1828     949      1475     830      577      205      
11       1400     995      1692     404      1637     1441     1621     860      1924     1819     1044     0        1616     2388     1606     2489     1700     1528     1704     1150     1095     
12       219      657      1806     1794     1094     1397     1607     757      835      416      1356     1616     0        1009     1060     1033     769      299      996      779      1159     
13       1183     1590     1750     2427     1023     1462     1562     1584     521      1257     1683     2388     1009     0        1023     170      737      1299     878      1257     1494     
14       1042     1199     794      1526     39       444      590      1043     509      1476     693      1606     1060     1023     0        1180     352      1299     144      536      538      
15       1225     1648     1918     2549     1182     1622     1728     1665     673      1228     1828     2489     1033     170      1180     0        879      1308     1036     1375     1635     
16       806      1076     1146     1700     372      784      942      983      227      1175     949      1700     769      737      352      879      0        1041     241      550      757      
17       264      533      2001     1767     1335     1586     1808     715      1129     295      1475     1528     299      1299     1299     1308     1041     0        1254     921      1296     
18       1007     1215     918      1647     147      586      717      1083     367      1407     830      1704     996      878      144      1036     241      1254     0        590      663      
19       660      682      1091     1173     575      678      908      508      775      1168     577      1150     779      1257     536      1375     550      921      590      0        381      
20       1038     978      766      987      563      389      614      758      975      1548     205      1095     1159     1494     538      1635     757      1296     663      381      0        
;



Table delta(i,j)                 Distance
         0        1        2        3        4        5        6        7        8        9        10       11       12       13       14       15       16       17       18       19       20       
0        0        1550     1040     1220     1280     1180     710      1170     1330     250      350      1100     560      1100     730      220      1120     500      990      1110     1570     
1        1550     0        71       164      120      124      106      41       32       131      188      106      113      51       138      133      165      113      62       146      41       
2        1040     71       0        166      137      135      90       32       69       87       130      39       87       60       68       83       161      82       61       147      55       
3        1220     164      166      0        49       40       76       151      132      108      149      195      85       119      181      118      11       92       111      19       194      
4        1280     120      137      49       0        12       61       115      89       106      162      172      76       80       170      116      55       83       76       36       153      
5        1180     124      135      40       12       0        54       115      93       97       151      168      67       82       163      106      44       75       75       24       156      
6        710      106      90       76       61       54       0        80       76       46       106      119      15       55       109      55       71       22       44       59       125      
7        1170     41       32       151      115      115      80       0        37       94       148      71       83       34       98       94       149      81       40       132      44       
8        1330     32       69       132      89       93       76       37       0        107      167      109      85       23       130      111      133      87       34       114      65       
9        250      131      87       108      106      97       46       94       107      0        61       101      31       84       74       9        99       25       73       94       137      
10       350      188      130      149      162      151      106      148      167      61       0        127      91       144      81       56       138      85       134      140      185      
11       1100     106      39       195      172      168      119      71       109      101      127      0        111      98       48       94       190      105      98       178      79       
12       560      113      87       85       76       67       15       83       85       31       91       111      0        62       97       40       78       7        51       68       128      
13       1100     51       60       119      80       82       55       34       23       84       144      98       62       0        113      88       117      64       11       100      75       
14       730      138      68       181      170      163      109      98       130      74       81       48       97       113      0        65       173      89       107      166      120      
15       220      133      83       118      116      106      55       94       111      9        56       94       40       88       65       0        109      32       77       104      135      
16       1120     165      161      11       55       44       71       149      133      99       138      190      78       117      173      109      0        85       109      19       192      
17       500      113      82       92       83       75       22       81       87       25       85       105      7        64       89       32       85       0        52       76       125      
18       990      62       61       111      76       75       44       40       34       73       134      98       51       11       107      77       109      52       0        92       83       
19       1110     146      147      19       36       24       59       132      114      94       140      178      68       100      166      104      19       76       92       0        175      
20       1570     41       55       194      153      156      125      44       65       137      185      79       128      75       120      135      192      125      83       175      0        
;

