

sets
i        orders          /0*20/
k        routes          /1*20/
p        positions       /0*20/
;

alias(i,j)
alias(i,h)
alias(i,hh)
alias(i,jj)
alias(k,kk)
                            Parameters

rho(i)	Processing time
/
0	0
1	47
2	61
3	30
4	1
5	30
6	19
7	30
8	8
9	21
10	64
11	60
12	34
13	44
14	85
15	30
16	61
17	50
18	99
19	59
20	93
/

gamma(i)	Duedate
/
0	0
1	60
2	14
3	84
4	61
5	66
6	86
7	21
8	67
9	25
10	51
11	94
12	24
13	82
14	4
15	97
16	28
17	42
18	47
19	39
20	99
/

sigma(i)	Size
/
0	0
1	2
2	4
3	4
4	5
5	8
6	2
7	1
8	9
9	6
10	4
11	9
12	5
13	3
14	2
15	5
16	3
17	6
18	8
19	5
20	3
/

epsilon(i)	Priority
/
0	0
1	7
2	2
3	9
4	3
5	9
6	3
7	3
8	7
9	7
10	2
11	5
12	4
13	5
14	5
15	2
16	9
17	4
18	5
19	3
20	1
/

psi	Vehicle Capacity
/ 42 /
;

Table kappa(i,j)                 Setup
         0        1        2        3        4        5        6        7        8        9        10       11       12       13       14       15       16       17       18       19       20       
0        0        751      642      1172     1372     1494     1591     1244     783      1171     887      861      1710     943      826      506      811      899      1050     1908     594      
1        751      0        1264     434      775      824      955      509      339      1343     511      686      1629     193      1120     1158     1466     1621     1402     1929     897      
2        642      1264     0        1618     1646     1823     1874     1679     1132     842      1517     984      1486     1434     528      138      205      451      581      1572     499      
3        1172     434      1618     0        478      435      587      74       498      1491     781      801      1601     246      1357     1528     1823     2009     1631     1937     1179     
4        1372     775      1646     478      0        214      228      446      588      1269     1229     674      1210     648      1252     1592     1847     2083     1488     1560     1153     
5        1494     824      1823     435      214      0        157      375      719      1482     1217     868      1409     660      1452     1759     2026     2251     1695     1760     1337     
6        1591     955      1874     587      228      157      0        530      808      1461     1367     897      1321     802      1469     1820     2074     2311     1696     1674     1379     
7        1244     509      1679     74       446      375      530      0        553      1523     844      838      1603     320      1404     1592     1885     2076     1674     1943     1233     
8        783      339      1132     498      588      719      808      553      0        1037     847      355      1289     387      864      1053     1338     1543     1142     1591     681      
9        1171     1343     842      1491     1269     1482     1461     1523     1037     0        1795     692      649      1424     354      907      952      1246     318      750      578      
10       887      511      1517     781      1229     1217     1367     844      847      1795     0        1180     2134     581      1523     1387     1696     1773     1797     2425     1278     
11       861      686      984      801      674      868      897      838      355      692      1180     0        959      738      585      945      1180     1429     842      1245     485      
12       1710     1629     1486     1601     1210     1409     1321     1603     1289     649      2134     959      0        1635     969      1538     1601     1895     956      352      1134     
13       943      193      1434     246      648      660      802      320      387      1424     581      738      1635     0        1239     1333     1637     1804     1520     1953     1033     
14       826      1120     528      1357     1252     1452     1469     1404     864      354      1523     585      969      1239     0        568      681      967      282      1103     249      
15       506      1158     138      1528     1592     1759     1820     1592     1053     907      1387     945      1538     1333     568      0        313      492      676      1650     474      
16       811      1466     205      1823     1847     2026     2074     1885     1338     952      1696     1180     1601     1637     681      313      0        293      655      1647     695      
17       899      1621     451      2009     2083     2251     2311     2076     1543     1246     1773     1429     1895     1804     967      492      293      0        946      1934     947      
18       1050     1402     581      1631     1488     1695     1696     1674     1142     318      1797     842      956      1520     282      676      655      946      0        996      519      
19       1908     1929     1572     1937     1560     1760     1674     1943     1591     750      2425     1245     352      1953     1103     1650     1647     1934     996      0        1314     
20       594      897      499      1179     1153     1337     1379     1233     681      578      1278     485      1134     1033     249      474      695      947      519      1314     0        
;



Table delta(i,j)                 Distance
         0        1        2        3        4        5        6        7        8        9        10       11       12       13       14       15       16       17       18       19       20       
0        0        840      1210     1060     1300     350      610      790      860      1160     1110     1160     1080     380      460      1060     960      1580     1370     600      1460     
1        840      0        44       145      106      104      47       147      12       71       136      133      24       118      85       87       87       79       115      86       63       
2        1210     44       0        189      142      146      66       190      37       103      180      177      25       149      107      126      129      37       150      131      59       
3        1060     145      189      0        91       72       154      53       154      113      22       33       166      128      152      82       71       223      92       59       179      
4        1300     106      142      91       0        116      141      131      118      38       70       60       117      167      163      23       34       165      9        74       107      
5        350      104      146      72       116      0        93       46       109      113      81       88       128      57       81       94       82       182      122      42       158      
6        610      47       66       154      141      93       0        139      39       111      152      152      61       83       41       119      114      101      150      96       108      
7        790      147      190      53       131      46       139      0        153      141      72       83       171      87       123      115      102      227      134      68       197      
8        860      12       37       154      118      109      39       153      0        82       147      144      23       117      80       99       99       73       127      95       68       
9        1160     71       103      113      38       113      111      141      82       0        96       88       79       154      140      31       42       126      47       74       70       
10       1110     136      180      22       70       81       152      72       147      96       0        11       156      138      156      64       55       212      70       56       164      
11       1160     133      177      33       60       88       152      83       144      88       11       0        152      145      159      56       49       207      59       58       157      
12       1080     24       25       166      117      128      61       171      23       79       156      152      0        140      103      101      104      56       126      108      47       
13       380      118      149      128      167      57       83       87       117      154      138      145      140      0        48       143      132      185      173      94       181      
14       460      85       107      152      163      81       41       123      80       140      156      159      103      48       0        140      132      141      171      102      148      
15       1060     87       126      82       23       94       119      115      99       31       64       56       101      143      140      0        13       153      31       52       101      
16       960      87       129      71       34       82       114      102      99       42       55       49       104      132      132      13       0        158      41       40       109      
17       1580     79       37       223      165      182      101      227      73       126      212      207      56       185      141      153      158      0        173      165      64       
18       1370     115      150      92       9        122      150      134      127      47       70       59       126      173      171      31       41       173      0        80       114      
19       600      86       131      59       74       42       96       68       95       74       56       58       108      94       102      52       40       165      80       0        129      
20       1460     63       59       179      107      158      108      197      68       70       164      157      47       181      148      101      109      64       114      129      0        
;

