

sets
i        orders          /0*40/
k        routes          /1*40/
p        positions       /0*40/
;

alias(i,j)
alias(i,h)
alias(i,hh)
alias(i,jj)
alias(k,kk)
                            Parameters

rho(i)	Processing time
/
0	0
1	67
2	67
3	67
4	10
5	38
6	90
7	98
8	38
9	86
10	39
11	58
12	67
13	47
14	33
15	72
16	82
17	27
18	53
19	93
20	98
21	47
22	32
23	56
24	58
25	97
26	67
27	61
28	68
29	39
30	16
31	74
32	25
33	96
34	27
35	7
36	46
37	35
38	77
39	29
40	2
/

gamma(i)	Duedate
/
0	0
1	74
2	64
3	31
4	90
5	71
6	38
7	20
8	41
9	4
10	43
11	14
12	56
13	73
14	40
15	35
16	74
17	71
18	59
19	3
20	47
21	6
22	81
23	16
24	39
25	36
26	82
27	31
28	57
29	85
30	2
31	16
32	50
33	8
34	19
35	27
36	23
37	13
38	44
39	31
40	33
/

sigma(i)	Size
/
0	0
1	2
2	2
3	2
4	4
5	4
6	1
7	7
8	1
9	7
10	6
11	8
12	2
13	9
14	8
15	8
16	5
17	1
18	3
19	7
20	1
21	7
22	9
23	9
24	7
25	2
26	2
27	8
28	3
29	1
30	4
31	7
32	5
33	7
34	8
35	2
36	4
37	2
38	1
39	7
40	2
/

epsilon(i)	Priority
/
0	0
1	4
2	7
3	5
4	7
5	7
6	6
7	1
8	9
9	9
10	9
11	9
12	1
13	2
14	5
15	4
16	9
17	4
18	9
19	6
20	4
21	9
22	2
23	4
24	5
25	5
26	4
27	5
28	6
29	3
30	7
31	7
32	5
33	3
34	5
35	8
36	7
37	8
38	3
39	1
40	8
/

psi	Vehicle Capacity
/ 58 /
;

Table kappa(i,j)                 Setup
         0        1        2        3        4        5        6        7        8        9        10       11       12       13       14       15       16       17       18       19       20       21       22       23       24       25       26       27       28       29       30       31       32       33       34       35       36       37       38       39       40       
0        0        51       326      101      340      330      223      351      336      181      315      313      419      240      38       346      202      256      369      311      287      353      189      191      398      364      346      373      312      366      249      282      168      348      185      317      284      346      123      18       107      
1        51       0        340      133      371      380      274      365      387      209      332      365      461      282      65       378      252      306      382      351      315      404      237      242      447      412      392      424      350      416      285      320      219      376      230      344      330      380      155      67       156      
2        326      340      0        231      127      484      311      25       372      158      24       389      279      209      288      139      304      325      43       207      103      425      269      373      363      330      281      431      184      361      163      179      367      110      240      92       262      161      211      312      361      
3        101      133      231      0        239      324      174      256      284      80       217      273      330      152      68       246      155      205      275      219      186      315      126      185      330      293      266      332      217      304      152      186      169      247      109      216      207      247      22       84       138      
4        340      371      127      239      0        399      237      131      266      161      105      293      152      134      308      12       239      240      142      95       56       323      211      316      242      213      163      325      71       247      98       84       318      21       188      38       163      34       217      322      335      
5        330      380      484      324      399      0        173      502      154      347      460      113      344      275      341      395      183      160      520      306      386      107      219      142      233      229      262      124      329      197      322      316      163      420      249      410      236      375      326      320      223      
6        223      274      311      174      237      173      0        330      113      177      288      99       233      106      217      235      21       32       348      154      215      141      50       86       178      147      146      157      172      143      151      152      97       256      78       242      91       220      169      207      148      
7        351      365      25       256      131      502      330      0        386      182      42       405      282      227      313      142      325      343      18       218      118      440      290      394      372      340      291      445      194      373      180      193      389      112      261      101      277      165      236      337      385      
8        336      387      372      284      266      154      113      386      0        269      347      44       190      169      330      259      134      81       401      171      268      57       157      169      85       74       112      59       195      45       212      193      190      288      178      286      109      237      275      320      252      
9        181      209      158      80       161      347      177      182      269      0        141      271      269      106      147      169      164      201      201      159      106      312      127      221      295      258      221      324      150      277      85       122      212      167      98       136      171      172      58       164      202      
10       315      332      24       217      105      460      288      42       347      141      0        365      257      185      278      117      282      301      61       183      78       401      247      352      338      306      257      406      159      337      139      154      347      90       218      69       238      138      197      300      343      
11       313      365      389      273      293      113      99       405      44       271      365      0        232      181      312      287      118      70       422      198      287      42       149      134      129      117      149      59       222      89       226      214      157      314      174      308      130      266      268      298      221      
12       419      461      279      330      152      344      233      282      190      269      257      232      0        179      396      140      247      215      290      111      194      244      240      318      124      116      88       236      119      151      183      146      331      170      234      189      144      119      310      400      374      
13       240      282      209      152      134      275      106      227      169      106      185      181      179      0        217      133      105      116      244      71       110      218      77       182      189      151      116      227      78       172      46       51       184      152      60       136      65       122      134      221      209      
14       38       65       288      68       308      341      217      313      330      147      278      312      396      217      0        315      195      249      331      286      254      353      176      200      386      350      328      371      285      356      221      255      178      314      166      283      266      315      91       29       125      
15       346      378      139      246      12       395      235      142      259      169      117      287      140      133      315      0        238      236      153      89       66       316      211      315      232      204      154      317      65       238      101      83       318      31       190      50       158      23       223      328      338      
16       202      252      304      155      239      183      21       325      134      164      282      118      247      105      195      238      0        53       343      161      212      160      36       77       198      167      162      177      177      164      147      154      85       257      66       240      103      224      150      185      129      
17       256      306      325      205      240      160      32       343      81       201      301      70       215      116      249      236      53       0        360      150      225      112      79       104      148      120      127      127      171      112      162      156      121      260      103      249      81       218      198      239      176      
18       369      382      43       275      142      520      348      18       401      201      61       422      290      244      331      153      343      360      0        232      134      456      308      413      384      354      304      460      208      387      198      208      408      122      279      115      293      176      255      355      404      
19       311      351      207      219      95       306      154      218      171      159      183      198      111      71       286      89       161      150      232      0        106      227      143      239      156      122      74       229      24       154      74       37       246      117      130      117      69       69       199      292      277      
20       287      315      103      186      56       386      215      118      268      106      78       287      194      110      254      66       212      225      134      106      0        322      179      286      262      228      180      328      84       258      64       75       284      60       153      31       159      78       163      270      293      
21       353      404      425      315      323      107      141      440      57       312      401      42       244      218      353      316      160      112      456      227      322      0        191      168      127      128      169      21       252      93       263      247      192      345      216      341      163      294      310      338      257      
22       189      237      269      126      211      219      50       290      157      127      247      149      240      77       176      211      36       79       308      143      179      191      0        106      210      175      160      206      155      180      116      129      107      228      30       208      97       200      119      171      135      
23       191      242      373      185      316      142      86       394      169      221      352      134      318      182      200      315      77       104      413      239      286      168      106      0        249      224      231      190      255      210      222      232      23       334      133      315      177      302      190      179      89       
24       398      447      363      330      242      233      178      372      85       295      338      129      124      189      386      232      198      148      384      156      262      127      210      249      0        37       81       115      179      39       220      190      268      263      221      271      125      209      316      381      325      
25       364      412      330      293      213      229      147      340      74       258      306      117      116      151      350      204      167      120      354      122      228      128      175      224      37       0        49       122      146      36       184      154      241      234      185      239      87       180      279      346      295      
26       346      392      281      266      163      262      146      291      112      221      257      149      88       116      328      154      162      127      304      74       180      169      160      231      81       49       0        166      97       84       141      109      244      185      161      190      62       131      250      328      291      
27       373      424      431      332      325      124      157      445      59       324      406      59       236      227      371      317      177      127      460      229      328      21       206      190      115      122      166      0        254      85       271      252      213      347      230      345      168      295      325      358      278      
28       312      350      184      217      71       329      172      194      195      150      159      222      119      78       285      65       177      171      208      24       84       252      155      255      179      146      97       254      0        179      65       30       260      92       138      93       92       47       196      293      287      
29       366      416      361      304      247      197      143      373      45       277      337      89       151      172      356      238      164      112      387      154      258      93       180      210      39       36       84       85       179      0        209      183      230      269      195      272      107      215      292      349      288      
30       249      285      163      152      98       322      151      180      212      85       139      226      183      46       221      101      147      162      198      74       64       263      116      222      220      184      141      271      65       209      0        37       222      113      91       92       103      96       130      231      237      
31       282      320      179      186      84       316      152      193      193      122      154      214      146      51       255      83       154      156      208      37       75       247      129      232      190      154      109      252      30       183      37       0        236      104      110      94       84       71       166      263      259      
32       168      219      367      169      318      163      97       389      190      212      347      157      331      184      178      318      85       121      408      246      284      192      107      23       268      241      244      213      260      230      222      236      0        335      131      314      187      306      176      157      65       
33       348      376      110      247      21       420      256      112      288      167      90       314      170      152      314      31       257      260      122      117      60       345      228      334      263      234      185      347      92       269      113      104      335      0        204      32       184      54       224      330      349      
34       185      230      240      109      188      249      78       261      178      98       218      174      234      60       166      190      66       103      279      130      153      216      30       133      221      185      161      230      138      195      91       110      131      204      0        182      100      181      97       166      149      
35       317      344      92       216      38       410      242      101      286      136      69       308      189      136      283      50       240      249      115      117      31       341      208      315      271      239      190      345      93       272      92       94       314      32       182      0        178      69       194      300      324      
36       284      330      262      207      163      236      91       277      109      171      238      130      144      65       266      158      103      81       293      69       159      163      97       177      125      87       62       168      92       107      103      84       187      184      100      178      0        138      192      265      230      
37       346      380      161      247      34       375      220      165      237      172      138      266      119      122      315      23       224      218      176      69       78       294      200      302      209      180      131      295      47       215      96       71       306      54       181      69       138      0        224      327      330      
38       123      155      211      22       217      326      169      236      275      58       197      268      310      134      91       223      150      198      255      199      163      310      119      190      316      279      250      325      196      292      130      166      176      224      97       194      192      224      0        106      152      
39       18       67       312      84       322      320      207      337      320      164      300      298      400      221      29       328      185      239      355      292      270      338      171      179      381      346      328      358      293      349      231      263      157      330      166      300      265      327      106      0        99       
40       107      156      361      138      335      223      148      385      252      202      343      221      374      209      125      338      129      176      404      277      293      257      135      89       325      295      291      278      287      288      237      259      65       349      149      324      230      330      152      99       0        
;



Table delta(i,j)                 Distance
         0        1        2        3        4        5        6        7        8        9        10       11       12       13       14       15       16       17       18       19       20       21       22       23       24       25       26       27       28       29       30       31       32       33       34       35       36       37       38       39       40       
0        0        2370     2290     6390     3060     1410     4290     5660     6660     6050     6070     3140     3820     3450     6930     8070     3820     5620     750      5190     5030     3420     3660     2690     4370     3600     4450     6100     5030     4390     6130     3410     5620     3880     5500     3180     5870     6460     4940     8130     6330     
1        2370     0        463      464      315      266      664      798      577      540      547      153      192      506      512      659      459      781      191      490      696      378      366      213      247      300      678      843      267      641      465      331      729      477      494      84       363      571      295      666      417      
2        2290     463      0        857      475      249      200      379      846      775      693      539      609      359      866      1012     481      418      276      591      321      484      450      475      663      552      215      380      724      250      822      512      517      474      639      541      796      818      689      952      835      
3        6390     464      857      0        425      720      1047     1098     265      304      946      329      272      698      747      207      545      1030     630      919      1139     463      818      384      217      330      1064     1223     409      1077     85       395      866      570      904      442      518      296      575      940      577      
4        3060     315      475      425      0        438      644      673      371      303      848      220      273      278      818      545      157      607      345      778      788      66       634      107      301      95       663      815      515      719      369      37       472      180      792      377      636      345      600      980      697      
5        1410     266      249      720      438      0        437      626      784      729      478      392      449      477      617      904      523      649      96       385      431      480      232      382      506      479      448      609      498      378      708      470      685      529      422      326      555      768      442      711      590      
6        4290     664      200      1047     644      437      0        253      1009     934      830      736      806      457      1046     1190     613      349      476      726      263      640      603      662      859      730      19       180      924      208      1005     681      538      600      782      741      992      977      880      1112     1028     
7        5660     798      379      1098     673      626      253      0        998      918      1064     827      898      412      1243     1204     583      132      632      960      509      644      826      728      944      768      260      264      1066     461      1040     705      378      562      1013     882      1154     960      1056     1331     1199     
8        6660     577      846      265      371      784      1009     998      0        80       1115     424      408      586      973      224      415      905      688      1067     1159     369      941      402      375      306      1028     1173     628      1090     184      333      698      436      1065     592      749      43       777      1161     812      
9        6050     540      775      304      303      729      934      918      80       0        1085     391      388      506      968      301      335      824      633      1031     1091     294      899      349      365      251      953      1096     625      1022     218      266      619      356      1033     566      750      43       764      1152     813      
10       6070     547      693      946      848      478      830      1064     1115     1085     0        694      708      952      354      1154     970      1111     536      104      670      905      247      756      749      847      833      962      553      666      976      870      1164     982      57       522      495      1114     386      310      473      
11       3140     153      539      329      220      392      736      827      424      391      694      0        71       473      609      513      378      784      301      642      811      285      519      117      123      169      752      915      295      750      317      220      684      400      642      178      417      420      393      781      479      
12       3820     192      609      272      273      449      806      898      408      388      708      71       0        538      586      467      430      853      363      666      874      336      553      179      56       203      822      986      253      814      275      266      744      454      660      185      379      411      377      766      443      
13       3450     506      359      698      278      477      457      412      586      506      952      473      538      0        1014     792      171      331      419      862      670      236      709      358      573      372      476      600      755      600      634      304      223      151      895      587      865      549      800      1149     922      
14       6930     512      866      747      818      617      1046     1243     973      968      354      609      586      1014     0        946      970      1255     620      414      952      884      461      712      603      778      1054     1205     345      928      802      826      1237     989      356      441      229      986      218      193      173      
15       8070     659      1012     207      545      904      1190     1204     224      301      1154     513      467      792      946      0        624      1118     811      1125     1310     562      1020     539      416      460      1208     1360     615      1245     196      509      920      647      1111     645      717      267      781      1139     774      
16       3820     459      481      545      157      523      613      583      415      335      970      378      430      171      970      624      0        494      441      891      802      94       741      263      453      236      632      766      673      731      475      166      324      25       913      528      793      377      751      1125     854      
17       5620     781      418      1030     607      649      349      132      905      824      1111     784      853      331      1255     1118     494      0        635      1009     613      567      866      676      894      702      361      394      1045     556      965      634      250      471      1057     865      1143     865      1056     1360     1193     
18       750      191      276      630      345      96       476      632      688      633      536      301      363      419      620      811      441      635      0        451      511      390      300      286      419      382      489      654      448      453      614      376      637      450      478      265      523      672      424      737      566      
19       5190     490      591      919      778      385      726      960      1067     1031     104      642      666      862      414      1125     891      1009     451      0        570      832      153      692      712      786      728      859      546      564      940      803      1070     901      62       481      512      1062     389      405      503      
20       5030     696      321      1139     788      431      263      509      1159     1091     670      811      874      670      952      1310     802      613      511      570      0        803      490      771      930      857      251      314      920      71       1116     825      790      795      632      756      956      1133     831      975      978      
21       3420     378      484      463      66       480      640      644      369      294      905      285      336      236      884      562      94       567      390      832      803      0        685      173      360      143      659      804      580      733      398      73       415      118      849      442      702      337      665      1045     763      
22       3660     366      450      818      634      232      603      826      941      899      247      519      553      709      461      1020     741      866      300      153      490      685      0        554      604      650      608      751      486      467      829      661      918      750      191      376      488      933      358      509      498      
23       2690     213      475      384      107      382      662      728      402      349      756      117      179      358      712      539      263      676      286      692      771      173      554      0        218      97       679      839      410      705      347      117      567      284      702      270      530      386      493      875      591      
24       4370     247      663      217      301      506      859      944      375      365      749      123      56       573      603      416      453      894      419      712      930      360      604      218      0        219      876      1039     260      871      228      287      773      478      702      230      386      384      402      787      450      
25       3600     300      552      330      95       479      730      768      306      251      847      169      203      372      778      460      236      702      382      786      857      143      650      97       219      0        748      903      455      790      276      70       559      261      794      344      580      289      562      949      643      
26       4450     678      215      1064     663      448      19       260      1028     953      833      752      822      476      1054     1208     632      361      489      728      251      659      608      679      876      748      0        165      937      200      1023     700      554      619      785      755      1003     996      890      1117     1039     
27       6100     843      380      1223     815      609      180      264      1173     1096     962      915      986      600      1205     1360     766      394      654      859      314      804      751      839      1039     903      165      0        1101     297      1179     851      629      750      918      920      1165     1139     1050     1257     1199     
28       5030     267      724      409      515      498      924      1066     628      625      553      295      253      755      345      615      673      1045     448      546      920      580      486      410      260      455      937      1101     0        874      458      514      973      695      518      184      126      641      169      534      190      
29       4390     641      250      1077     719      378      208      461      1090     1022     666      750      814      600      928      1245     731      556      453      564      71       733      467      705      871      790      200      297      874      0        1051     756      724      724      624      705      918      1064     794      965      943      
30       6130     465      822      85       369      708      1005     1040     184      218      976      317      275      634      802      196      475      965      614      940      1116     398      829      347      228      276      1023     1179     458      1051     0        335      792      500      930      458      575      212      617      993      636      
31       3410     331      512      395      37       470      681      705      333      266      870      220      266      304      826      509      166      634      376      803      825      73       661      117      287      70       700      851      514      756      335      0        488      191      815      386      637      308      608      992      699      
32       5620     729      517      866      472      685      538      378      698      619      1164     684      744      223      1237     920      324      250      637      1070     790      415      918      567      773      559      554      629      973      724      792      488      0        298      1107     808      1086     656      1023     1371     1143     
33       3880     477      474      570      180      529      600      562      436      356      982      400      454      151      989      647      25       471      450      901      795      118      750      284      478      261      619      750      695      724      500      191      298      0        925      548      814      398      770      1142     875      
34       5500     494      639      904      792      422      782      1013     1065     1033     57       642      660      895      356      1111     913      1057     478      62       632      849      191      702      702      794      785      918      518      624      930      815      1107     925      0        474      471      1063     354      342      456      
35       3180     84       541      442      377      326      741      882      592      566      522      178      185      587      441      645      528      865      265      481      756      442      376      270      230      344      755      920      184      705      458      386      808      548      474      0        280      593      223      606      335      
36       5870     363      796      518      636      555      992      1154     749      750      495      417      379      865      229      717      793      1143     523      512      956      702      488      530      386      580      1003     1165     126      918      575      637      1086     814      471      280      0        764      129      422      63       
37       6460     571      818      296      345      768      977      960      43       43       1114     420      411      549      986      267      377      865      672      1062     1133     337      933      386      384      289      996      1139     641      1064     212      308      656      398      1063     593      764      0        785      1172     827      
38       4940     295      689      575      600      442      880      1056     777      764      386      393      377      800      218      781      751      1056     424      389      831      665      358      493      402      562      890      1050     169      794      617      608      1023     770      354      223      129      785      0        389      149      
39       8130     666      952      940      980      711      1112     1331     1161     1152     310      781      766      1149     193      1139     1125     1360     737      405      975      1045     509      875      787      949      1117     1257     534      965      993      992      1371     1142     342      606      422      1172     389      0        366      
40       6330     417      835      577      697      590      1028     1199     812      813      473      479      443      922      173      774      854      1193     566      503      978      763      498      591      450      643      1039     1199     190      943      636      699      1143     875      456      335      63       827      149      366      0        
;

