

sets
i        orders          /0*40/
k        routes          /1*40/
p        positions       /0*40/
;

alias(i,j)
alias(i,h)
alias(i,hh)
alias(i,jj)
alias(k,kk)
                            Parameters

rho(i)	Processing time
/
0	0
1	71
2	87
3	8
4	33
5	48
6	16
7	56
8	78
9	64
10	91
11	63
12	97
13	56
14	26
15	75
16	70
17	24
18	52
19	40
20	80
21	11
22	54
23	59
24	76
25	39
26	30
27	45
28	51
29	84
30	30
31	72
32	9
33	79
34	96
35	49
36	5
37	79
38	36
39	17
40	52
/

gamma(i)	Duedate
/
0	0
1	75
2	70
3	64
4	69
5	40
6	52
7	70
8	41
9	90
10	14
11	32
12	70
13	4
14	20
15	3
16	88
17	48
18	29
19	94
20	13
21	27
22	70
23	95
24	43
25	64
26	52
27	5
28	5
29	35
30	18
31	73
32	73
33	99
34	18
35	52
36	22
37	27
38	51
39	10
40	55
/

sigma(i)	Size
/
0	0
1	1
2	2
3	3
4	7
5	1
6	3
7	2
8	3
9	2
10	9
11	4
12	2
13	1
14	7
15	6
16	9
17	4
18	9
19	7
20	5
21	5
22	2
23	6
24	5
25	7
26	3
27	3
28	5
29	7
30	1
31	1
32	6
33	3
34	2
35	8
36	2
37	8
38	9
39	3
40	9
/

epsilon(i)	Priority
/
0	0
1	6
2	3
3	4
4	7
5	9
6	1
7	4
8	8
9	9
10	8
11	1
12	1
13	9
14	7
15	7
16	3
17	6
18	6
19	4
20	5
21	2
22	2
23	5
24	6
25	2
26	4
27	7
28	9
29	7
30	1
31	8
32	2
33	3
34	3
35	3
36	4
37	3
38	2
39	3
40	6
/

psi	Vehicle Capacity
/ 32 /
;

Table kappa(i,j)                 Setup
         0        1        2        3        4        5        6        7        8        9        10       11       12       13       14       15       16       17       18       19       20       21       22       23       24       25       26       27       28       29       30       31       32       33       34       35       36       37       38       39       40       
0        0        201      133      134      106      187      85       129      106      290      142      106      278      174      136      178      155      111      43       194      12       111      168      77       331      146      94       101      198      256      120      206      299      43       232      150      120      315      184      158      39       
1        201      0        113      288      254      356      153      171      297      238      155      290      249      231      253      249      349      109      244      338      209      157      369      209      263      176      294      122      349      179      137      121      316      207      138      349      320      235      385      351      210      
2        133      113      0        258      225      318      141      58       240      312      182      239      313      250      242      262      255      27       167      316      136      46       289      182      346      199      221      33       323      259      25       197      363      118      221      278      247      321      306      257      161      
3        134      288      258      0        33       68       135      262      69       258      152      53       235      115      50       103      199      232      129      60       138      243      163      79       299      138      114      225      65       252      250      231      219      172      249      125      119      295      170      202      97       
4        106      254      225      33       0        101      101      234      74       242      123      58       221      101      38       94       198      199      111      90       113      214      172      46       284      112      110      193      98       229      219      203      217      148      223      136      123      277      182      201      68       
5        187      356      318      68       101      0        203      315      89       312      220      82       286      173      113      156      201      293      169      50       188      298      148      146      351      204      132      285      38       313      307      297      253      220      315      112      123      351      147      204      156      
6        85       153      141      135      101      203      0        169      151      206      58       141      197      111      105      121      237      113      123      187      97       147      237      56       247      67       161      112      197      171      143      123      230      120      149      210      185      230      251      239      68       
7        129      171      58       262      234      315      169      0        229      359      220      233      357      279      258      288      216      70       150      322      126      22       259      196      395      234      201      63       327      309      34       248      399      97       273      256      225      372      276      217      165      
8        106      297      240      69       74       89       151      229      0        316      189      17       295      175      111      167      129      217      80       116      104      214      98       99       358      181      46       207      114      300      226      267      287      132      290      63       50       350      108      132      87       
9        290      238      312      258      242      312      206      359      316      0        148      300      30       142      208      156      431      290      323      266      302      338      414      227      42       144      346      295      281      59       326      118      107      327      100      378      363      41       424      434      262      
10       142      155      182      152      123      220      58       220      189      148      0        176      140      76       107      93       290      156      178      191      154      198      283      90       189      20       210      158      204      115      190      79       180      179      100      252      230      172      296      293      119      
11       106      290      239      53       58       82       141      233      17       300      176      0        279      159      94       150      146      215      87       102      106      216      114      87       342      167      61       206      102      286      226      255      270      137      277      78       67       334      123      149      81       
12       278      249      313      235      221      286      197      357      295      30       140      279      0        120      186      131      414      290      309      239      290      335      394      211      65       131      328      294      254      77       326      127      80       317      114      357      344      71       403      417      248      
13       174      231      250      115      101      173      111      279      175      142      76       159      120      0        66       19       297      223      197      133      185      257      273      99       184      55       210      222      147      141      254      137      124      217      148      237      224      179      282      300      139      
14       136      253      242      50       38       113      105      258      111      208      107      94       186      66       0        56       236      214      147      84       144      237      208      61       250      91       149      210      97       201      239      184      178      178      201      171      160      244      217      239      96       
15       178      249      262      103      94       156      121      288      167      156      93       150      131      19       56       0        292      235      197      114      188      266      264      101      196      73       204      233      129      158      265      156      124      221      167      227      216      194      272      295      140      
16       155      349      255      199      198      201      237      216      129      431      290      146      414      297      236      292      0        244      113      240      144      213      63       204      474      289      87       232      235      405      232      360      415      141      386      90       80       461      77       3        171      
17       111      109      27       232      199      293      113      70       217      290      156      215      290      223      214      235      244      0        148      290      115      51       273      155      325      173      202      12       297      239      36       177      337      103      202      259      228      301      290      246      136      
18       43       244      167      129      111      169      123      150      80       323      178      87       309      197      147      197      113      148      0        186      34       136      125      98       365      179      54       137      188      293      150      247      321      53       273      111      79       351      142      116      60       
19       194      338      316      60       90       50       187      322      116      266      191      102      239      133      84       114      240      290      186      0        198      303      193      135      305      173      162      283      14       273      309      265      203      232      280      155      160      306      194      243      157      
20       12       209      136      138      113      188      97       126      104      302      154      106      290      185      144      188      144      115      34       198      0        110      160      87       343      158      87       105      202      268      121      218      310      34       244      143      113      327      176      147      48       
21       111      157      46       243      214      298      147      22       214      338      198      216      335      257      237      266      213      51       136      303      110      0        251      175      374      212      189      43       309      288      21       228      377      83       253      245      213      351      268      214      146      
22       168      369      289      163      172      148      237      259      98       414      283      114      394      273      208      264      63       273      125      193      160      251      0        192      456      277      76       261      184      396      268      359      382      170      383      38       52       448      17       65       168      
23       77       209      182      79       46       146      56       196      99       227      90       87       211      99       61       101      204      155      98       135      87       175      192      0        270      85       120      150      144      204      178      168      224      120      191      161      140      258      205      207      39       
24       331      263      346      299      284      351      247      395      358      42       189      342      65       184      250      196      474      325      365      305      343      374      456      270      0        186      389      331      320      87       362      149      128      368      127      421      405      29       466      477      305      
25       146      176      199      138      112      204      67       234      181      144      20       167      131      55       91       73       289      173      179      173      158      212      277      85       186      0        205      173      186      119      206      93       164      186      111      244      225      172      289      292      119      
26       94       294      221      114      110      132      161      201      46       346      210      61       328      210      149      204      87       202      54       162      87       189      76       120      389      205      0        191      159      324      203      284      327      105      309      56       26       378      91       90       93       
27       101      122      33       225      193      285      112      63       207      295      158      206      294      222      210      233      232      12       137      283      105      43       261      150      331      173      191      0        291      245      32       184      338      91       210      248      217      308      278      233      128      
28       198      349      323      65       98       38       197      327      114      281      204      102      254      147      97       129      235      297      188      14       202      309      184      144      320      186      159      291      0        288      316      279      217      235      294      147      155      321      185      238      163      
29       256      179      259      252      229      313      171      309      300      59       115      286      77       141      201      158      405      239      293      273      268      288      396      204      87       119      324      245      288      0        275      62       155      289      41       363      344      62       408      408      234      
30       120      137      25       250      219      307      143      34       226      326      190      226      326      254      239      265      232      36       150      309      121      21       268      178      362      206      203      32       316      275      0        214      371      98       239      260      229      338      286      233      152      
31       206      121      197      231      203      297      123      248      267      118      79       255      127      137      184      156      360      177      247      265      218      228      359      168      149      93       284      184      279      62       214      0        196      235      26       329      306      124      372      363      191      
32       299      316      363      219      217      253      230      399      287      107      180      270      80       124      178      124      415      337      321      203      310      377      382      224      128      164      327      338      217      155      371      196      0        342      189      344      337      145      388      418      263      
33       43       207      118      172      148      220      120      97       132      327      179      137      317      217      178      221      141      103      53       232      34       83       170      120      368      186      105      91       235      289      98       235      342      0        262      161      130      350      187      143      82       
34       232      138      221      249      223      315      149      273      290      100      100      277      114      148      201      167      386      202      273      280      244      253      383      191      127      111      309      210      294      41       239      26       189      262      0        352      330      100      396      389      216      
35       150      349      278      125      136      112      210      256      63       378      252      78       357      237      171      227      90       259      111      155      143      245      38       161      421      244      56       248      147      363      260      329      344      161      352      0        31       413      45       93       142      
36       120      320      247      119      123      123      185      225      50       363      230      67       344      224      160      216      80       228      79       160      113      213      52       140      405      225      26       217      155      344      229      306      337      130      330      31       0        396      66       84       116      
37       315      235      321      295      277      351      230      372      350      41       172      334      71       179      244      194      461      301      351      306      327      351      448      258      29       172      378      308      321      62       338      124      145      350      100      413      396      0        458      464      291      
38       184      385      306      170      182      147      251      276      108      424      296      123      403      282      217      272      77       290      142      194      176      268      17       205      466      289      91       278      185      408      286      372      388      187      396      45       66       458      0        78       183      
39       158      351      257      202      201      204      239      217      132      434      293      149      417      300      239      295      3        246      116      243      147      214      65       207      477      292      90       233      238      408      233      363      418      143      389      93       84       464      78       0        173      
40       39       210      161      97       68       156      68       165      87       262      119      81       248      139      96       140      171      136      60       157      48       146      168      39       305      119      93       128      163      234      152      191      263      82       216      142      116      291      183      173      0        
;



Table delta(i,j)                 Distance
         0        1        2        3        4        5        6        7        8        9        10       11       12       13       14       15       16       17       18       19       20       21       22       23       24       25       26       27       28       29       30       31       32       33       34       35       36       37       38       39       40       
0        0        3410     10000    9690     7750     4710     6900     3310     5890     3050     5260     2400     2180     2620     8230     7480     5240     9910     7550     6400     4290     6360     9040     2340     1660     5890     10920    2600     9850     1920     9010     9890     7250     12840    2450     8460     7620     2070     8810     3200     11840    
1        3410     0        706      633      553      153      353      343      408      89       248      525      337      107      564      475      518      730      561      468      464      447      713      323      502      330      771      414      690      470      616      651      630      944      382      698      598      454      623      48       843      
2        10000    706      0        288      962      684      406      1033     947      702      754      1220     860      813      208      256      728      973      1015     992      779      435      1118     834      1127     801      182      1120     837      1165     838      547      1187     514      879      473      1081     1001     173      750      476      
3        9690     633      288      0        723      551      280      909      752      666      584      1156     887      733      396      366      854      698      784      785      876      567      866      863      1121     606      190      1022     557      1101     569      259      976      329      919      703      853      1029     402      667      246      
4        7750     553      962      723      0        417      578      485      190      642      309      809      872      549      932      843      1068     232      68       156      1017     926      169      863      932      226      914      626      302      771      218      531      279      883      918      1170     136      958      977      529      785      
5        4710     153      684      551      417      0        286      359      303      239      109      618      491      209      583      490      652      579      435      360      607      524      583      476      637      191      712      472      536      565      463      520      543      838      535      775      482      605      638      153      734      
6        6900     353      406      280      578      286      0        645      542      388      348      877      623      454      354      270      649      645      624      589      647      405      743      600      843      397      427      749      539      822      505      359      784      597      658      620      687      761      399      388      501      
7        3310     343      1033     909      485      359      645      0        295      391      338      325      504      246      906      815      783      715      449      333      702      783      589      507      466      361      1072     144      745      286      655      840      394      1181     544      1029     443      537      964      294      1076     
8        5890     408      947      752      190      303      542      295      0        494      202      620      703      379      876      783      925      419      166      60       865      826      319      697      743      147      936      438      460      581      370      615      243      971      748      1078     190      778      928      374      866      
9        3050     89       702      666      642      239      388      391      494      0        337      517      257      146      540      456      431      818      649      554      375      392      802      240      454      419      786      436      773      463      702      713      709      986      299      637      684      383      599      121      888      
10       5260     248      754      584      309      109      348      338      202      337      0        635      580      269      674      581      759      484      327      256      710      630      474      567      692      83       759      471      459      586      378      503      445      843      625      880      375      682      727      232      737      
11       2400     525      1220     1156     809      618      877      325      620      517      635      0        452      422      1053     973      756      1040     770      655      659      874      902      471      239      675      1296     182      1067     55       978      1133     674      1456     471      1086     755      392      1111     489      1352     
12       2180     337      860      887      872      491      623      504      703      257      580      452      0        324      665      603      305      1064     868      761      211      454      1021     25       278      658      979      469      1028     409      954      964      883      1215     45       640      890      143      720      348      1122     
13       2620     107      813      733      549      209      454      246      379      146      269      422      324      0        669      581      561      748      543      438      491      537      697      317      428      341      876      307      729      367      648      729      576      1037     369      783      568      414      728      66       934      
14       8230     564      208      396      932      583      354      906      876      540      674      1053     665      669      0        93       519      992      974      928      572      227      1097     640      939      737      373      974      873      999      852      624      1120     688      681      306      1035     803      59       612      629      
15       7480     475      256      366      843      490      270      815      783      456      581      973      603      581      93       0        499      913      884      835      537      203      1010     578      871      645      390      886      800      918      773      570      1027     681      624      359      944      745      149      522      611      
16       5240     518      728      854      1068     652      649      783      925      431      759      756      305      561      519      499      0        1223     1079     986      98       297      1231     291      556      842      886      769      1153     715      1095     1007     1137     1178     285      374      1116     387      559      552      1101     
17       9910     730      973      698      232      579      645      715      419      818      484      1040     1064     748      992      913      1223     0        284      388      1186     1037     234      1051     1152     407      882      857      148      1001     140      454      474      769      1109     1265     331      1163     1028     716      683      
18       7550     561      1015     784      68       435      624      449      166      649      327      770      868      543      974      884      1079     284      0        116      1023     955      153      860      907      247      974      587      368      735      286      598      211      951      913      1202     70       944      1022     531      852      
19       6400     468      992      785      156      360      589      333      60       554      256      655      761      438      928      835      986      388      116      0        925      884      264      755      791      192      971      473      447      620      358      631      195      988      806      1135     130      832      979      434      885      
20       4290     464      779      876      1017     607      647      702      865      375      710      659      211      491      572      537      98       1186     1023     925      0        345      1176     199      458      793      927      679      1126     618      1063     1006     1066     1204     187      464      1056     290      618      492      1121     
21       6360     447      435      567      926      524      405      783      826      392      630      874      454      537      227      203      297      1037     955      884      345      0        1095     430      733      707      589      823      942      823      899      748      1064     885      464      252      1006     587      274      495      812      
22       9040     713      1118     866      169      583      743      589      319      802      474      902      1021     697      1097     1010     1231     234      153      264      1176     1095     0        1014     1053     392      1056     721      366      871      309      648      262      986      1066     1339     146      1096     1141     685      894      
23       2340     323      834      863      863      476      600      507      697      240      567      471      25       317      640      578      291      1051     860      755      199      430      1014     0        303      647      954      479      1012     426      939      943      882      1192     60       618      885      168      694      336      1099     
24       1660     502      1127     1121     932      637      843      466      743      454      692      239      278      428      939      871      556      1152     907      791      458      733      1053     303      0        754      1233     358      1150     225      1066     1152     856      1441     278      913      909      169      995      485      1342     
25       5890     330      801      606      226      191      397      361      147      419      83       675      658      341      737      645      842      407      247      192      793      707      392      647      754      0        789      502      398      629      312      488      386      840      703      956      300      755      788      310      734      
26       10920    771      182      190      914      712      427      1072     936      786      759      1296     979      876      373      390      886      882      974      971      927      589      1056     954      1233     789      0        1176     738      1241     756      432      1164     332      1004     654      1043     1122     350      810      303      
27       2600     414      1120     1022     626      472      749      144      438      436      471      182      469      307      974      886      769      857      587      473      679      823      721      479      358      502      1176     0        889      150      799      974      503      1307     502      1057     575      463      1033     369      1202     
28       9850     690      837      557      302      536      539      745      460      773      459      1067     1028     729      873      800      1153     148      368      447      1126     942      366      1012     1150     398      738      889      0        1023     90       308      576      623      1072     1158     429      1139     905      685      535      
29       1920     470      1165     1101     771      565      822      286      581      463      586      55       409      367      999      918      715      1001     735      620      618      823      871      426      225      629      1241     150      1023     0        935      1082     653      1402     431      1038     725      362      1058     434      1298     
30       9010     616      838      569      218      463      505      655      370      702      378      978      954      648      852      773      1095     140      286      358      1063     899      309      939      1066     312      756      799      90       935      0        339      496      679      998      1125     350      1061     888      608      584      
31       9890     651      547      259      531      520      359      840      615      713      503      1133     964      729      624      570      1007     454      598      631      1006     748      648      943      1152     488      432      974      308      1082     339      0        805      357      1003     927      667      1096     643      668      254      
32       7250     630      1187     976      279      543      784      394      243      709      445      674      883      576      1120     1027     1137     474      211      195      1066     1064     262      882      856      386      1164     503      576      653      496      805      0        1160     926      1316     147      930      1172     589      1060     
33       12840    944      514      329      883      838      597      1181     971      986      843      1456     1215     1037     688      681      1178     769      951      988      1204     885      986      1192     1441     840      332      1307     623      1402     679      357      1160     0        1248     983      1020     1356     676      972      105      
34       2450     382      879      919      918      535      658      544      748      299      625      471      45       369      681      624      285      1109     913      806      187      464      1066     60       278      703      1004     502      1072     431      998      1003     926      1248     0        634      935      123      734      393      1156     
35       8460     698      473      703      1170     775      620      1029     1078     637      880      1086     640      783      306      359      374      1265     1202     1135     464      252      1339     618      913      956      654      1057     1158     1038     1125     927      1316     983      634      0        1255     750      307      744      932      
36       7620     598      1081     853      136      482      687      443      190      684      375      755      890      568      1035     944      1116     331      70       130      1056     1006     146      885      909      300      1043     575      429      725      350      667      147      1020     935      1255     0        958      1083     564      921      
37       2070     454      1001     1029     958      605      761      537      778      383      682      392      143      414      803      745      387      1163     944      832      290      587      1096     168      169      755      1122     463      1139     362      1061     1096     930      1356     123      750      958      0        857      454      1262     
38       8810     623      173      402      977      638      399      964      928      599      727      1111     720      728      59       149      559      1028     1022     979      618      274      1141     694      995      788      350      1033     905      1058     888      643      1172     676      734      307      1083     857      0        671      625      
39       3200     48       750      667      529      153      388      294      374      121      232      489      348      66       612      522      552      716      531      434      492      495      685      336      485      310      810      369      685      434      608      668      589      972      393      744      564      454      671      0        869      
40       11840    843      476      246      785      734      501      1076     866      888      737      1352     1122     934      629      611      1101     683      852      885      1121     812      894      1099     1342     734      303      1202     535      1298     584      254      1060     105      1156     932      921      1262     625      869      0        
;

