
sets
i        orders          /0*10/
k        routes          /1*10/
p        positions       /0*10/
;

alias(i,j)
alias(i,h)
alias(i,hh)
alias(i,jj)
alias(k,kk)
                
                    Parameters

rho(i)	Processing time
/
0	0
1	64
2	62
3	95
4	41
5	77
6	45
7	52
8	2
9	69
10	75
/

gamma(i)	Duedate
/
0	0
1	67
2	87
3	56
4	1
5	50
6	12
7	6
8	72
9	55
10	73
/

sigma(i)	Size
/
0	0
1	5
2	4
3	7
4	6
5	1
6	1
7	2
8	2
9	4
10	7
/

epsilon(i)	Priority
/
0	0
1	1
2	7
3	7
4	1
5	4
6	1
7	4
8	9
9	5
10	9
/

psi	Vehicle Capacity
/ 32 /
;

Table kappa(i,j)                 Setup
         0        1        2        3        4        5        6        7        8        9        10       
0        0        43       10       79       96       71       31       50       98       97       96       
1        43       0        39       89       71       46       49       75       69       73       87       
2        10       39       0        69       86       61       21       43       88       87       86       
3        79       89       69       0        70       63       48       34       77       69       40       
4        96       71       86       70       0        25       75       86       8        3        36       
5        71       46       61       63       25       0        53       70       26       27       44       
6        31       49       21       48       75       53       0        25       79       76       68       
7        50       75       43       34       86       70       25       0        92       86       68       
8        98       69       88       77       8        26       79       92       0        10       44       
9        97       73       87       69       3        27       76       86       10       0        34       
10       96       87       86       40       36       44       68       68       44       34       0        
;



Table delta(i,j)                 Distance
         0        1        2        3        4        5        6        7        8        9        10       
0        0        4800     5160     4760     1220     3140     3300     5700     1580     3700     5580     
1        4800     0        249      109      228      83       145      100      161      65       216      
2        5160     249      0        144      301      229      321      187      226      199      57       
3        4760     109      144      0        253      123      218      55       169      81       107      
4        1220     228      301      253      0        147      120      292      84       185      313      
5        3140     83       229      123      147      0        96       149      78       43       215      
6        3300     145      321      218      120      96       0        236      114      137      311      
7        5700     100      187      55       292      149      236      0        211      107      139      
8        1580     161      226      169      84       78       114      211      0        107      232      
9        3700     65       199      81       185      43       137      107      107      0        178      
10       5580     216      57       107      313      215      311      139      232      178      0        
;

