
sets
i        orders          /0*10/
k        routes          /1*10/
p        positions       /0*10/
;

alias(i,j)
alias(i,h)
alias(i,hh)
alias(i,jj)
alias(k,kk)
                
                    Parameters

rho(i)	Processing time
/
0	0
1	34
2	77
3	34
4	37
5	57
6	78
7	53
8	32
9	31
10	19
/

gamma(i)	Duedate
/
0	0
1	89
2	10
3	52
4	95
5	51
6	78
7	88
8	84
9	53
10	49
/

sigma(i)	Size
/
0	0
1	7
2	1
3	4
4	8
5	8
6	5
7	6
8	5
9	7
10	4
/

epsilon(i)	Priority
/
0	0
1	1
2	9
3	6
4	3
5	6
6	2
7	9
8	3
9	6
10	7
/

psi	Vehicle Capacity
/ 12 /
;

Table kappa(i,j)                 Setup
         0        1        2        3        4        5        6        7        8        9        10       
0        0        40       7        63       97       80       30       83       21       21       41       
1        40       0        35       47       80       46       12       43       34       19       50       
2        7        35       0        55       99       78       27       78       24       19       34       
3        63       47       55       0        126      87       54       62       72       55       32       
4        97       80       99       126      0        46       77       84       76       82       127      
5        80       46       78       87       46       0        51       37       63       59       96       
6        30       12       27       54       77       51       0        54       21       8        49       
7        83       43       78       62       84       37       54       0        75       62       83       
8        21       34       24       72       76       63       21       75       0        17       57       
9        21       19       19       55       82       59       8        62       17       0        45       
10       41       50       34       32       127      96       49       83       57       45       0        
;



Table delta(i,j)                 Distance
         0        1        2        3        4        5        6        7        8        9        10       
0        0        5980     3520     3000     4460     5360     2440     3720     5260     3420     5200     
1        5980     0        230      182      128      184      364      228      94       132      40       
2        3520     230      0        65       103      314      295      277      148      123      208      
3        3000     182      65       0        75       249      257      214      119      60       153      
4        4460     128      103      75       0        251      322      245      46       71       113      
5        5360     184      314      249      251      0        264      94       247      194      159      
6        2440     364      295      257      322      264      0        170      355      257      323      
7        3720     228      277      214      245      94       170      0        258      175      191      
8        5260     94       148      119      46       247      355      258      0        98       93       
9        3420     132      123      60       71       194      257      175      98       0        98       
10       5200     40       208      153      113      159      323      191      93       98       0        
;

