
sets
i        orders          /0*10/
k        routes          /1*10/
p        positions       /0*10/
;

alias(i,j)
alias(i,h)
alias(i,hh)
alias(i,jj)
alias(k,kk)
                
                    Parameters

rho(i)	Processing time
/
0	0
1	63
2	34
3	33
4	65
5	81
6	85
7	88
8	9
9	52
10	59
/

gamma(i)	Duedate
/
0	0
1	86
2	64
3	42
4	95
5	94
6	31
7	94
8	78
9	10
10	29
/

sigma(i)	Size
/
0	0
1	7
2	6
3	2
4	6
5	2
6	5
7	4
8	2
9	5
10	8
/

epsilon(i)	Priority
/
0	0
1	3
2	7
3	2
4	5
5	3
6	3
7	9
8	8
9	8
10	3
/

psi	Vehicle Capacity
/ 8 /
;

Table kappa(i,j)                 Setup
         0        1        2        3        4        5        6        7        8        9        10       
0        0        90       55       55       49       43       42       5        5        56       72       
1        90       0        62       73       59       46       66       85       91       89       83       
2        55       62       0        10       8        39       13       53       53       93       25       
3        55       73       10       0        16       47       15       53       51       98       19       
4        49       59       8        16       0        31       8        46       47       85       33       
5        43       46       39       47       31       0        32       38       45       57       64       
6        42       66       13       15       8        32       0        40       40       82       34       
7        5        85       53       53       46       38       40       0        9        53       72       
8        5        91       53       51       47       45       40       9        0        61       69       
9        56       89       93       98       85       57       82       53       61       0        117      
10       72       83       25       19       33       64       34       72       69       117      0        
;



Table delta(i,j)                 Distance
         0        1        2        3        4        5        6        7        8        9        10       
0        0        5700     1700     5660     5560     6600     4460     400      5960     5360     2300     
1        5700     0        226      113      67       80       166      288      58       29       227      
2        1700     226      0        255      204      257      138      100      253      204      142      
3        5660     113      255      0        177      192      253      277      61       133      186      
4        5560     67       204      177      0        52       109      285      126      43       247      
5        6600     80       257      192      52       0        152      337      133      74       293      
6        4460     166      138      253      109      152      0        236      218      137      241      
7        400      288      100      277      285      337      236      0        296      272      102      
8        5960     58       253      61       126      133      218      296      0        84       218      
9        5360     29       204      133      43       74       137      272      84       0        220      
10       2300     227      142      186      247      293      241      102      218      220      0        
;

