
sets
i        orders          /0*80/
k        routes          /1*80/
p        positions       /0*80/
;

alias(i,j)
alias(i,h)
alias(i,hh)
alias(i,jj)
alias(k,kk)
                
                    Parameters

rho(i)	Processing time
/
0	0
1	15
2	93
3	82
4	65
5	58
6	67
7	32
8	30
9	9
10	67
11	21
12	12
13	47
14	9
15	72
16	55
17	16
18	35
19	20
20	47
21	86
22	80
23	5
24	50
25	31
26	74
27	53
28	6
29	26
30	73
31	43
32	17
33	79
34	87
35	57
36	11
37	17
38	11
39	11
40	3
41	42
42	40
43	23
44	32
45	85
46	66
47	25
48	12
49	39
50	96
51	84
52	4
53	13
54	82
55	39
56	25
57	35
58	83
59	51
60	38
61	88
62	41
63	35
64	50
65	85
66	65
67	2
68	33
69	50
70	63
71	9
72	64
73	88
74	37
75	73
76	77
77	40
78	52
79	80
80	48
/

gamma(i)	Duedate
/
0	0
1	37
2	76
3	10
4	57
5	83
6	73
7	81
8	36
9	37
10	27
11	64
12	91
13	67
14	14
15	34
16	81
17	30
18	1
19	4
20	19
21	59
22	7
23	61
24	54
25	72
26	63
27	20
28	16
29	66
30	6
31	82
32	4
33	50
34	82
35	52
36	83
37	94
38	5
39	90
40	82
41	63
42	59
43	67
44	51
45	88
46	97
47	71
48	80
49	75
50	22
51	92
52	42
53	75
54	52
55	15
56	19
57	1
58	38
59	69
60	74
61	49
62	35
63	6
64	29
65	12
66	55
67	17
68	6
69	5
70	34
71	41
72	96
73	85
74	41
75	43
76	36
77	79
78	34
79	76
80	89
/

sigma(i)	Size
/
0	0
1	6
2	2
3	2
4	7
5	8
6	1
7	9
8	2
9	6
10	7
11	5
12	2
13	6
14	9
15	8
16	4
17	3
18	4
19	3
20	1
21	3
22	6
23	3
24	9
25	2
26	4
27	6
28	2
29	8
30	3
31	6
32	2
33	6
34	6
35	9
36	8
37	3
38	7
39	4
40	5
41	3
42	8
43	3
44	1
45	2
46	2
47	9
48	4
49	3
50	3
51	5
52	8
53	7
54	1
55	1
56	6
57	7
58	6
59	6
60	6
61	2
62	4
63	3
64	4
65	3
66	2
67	8
68	9
69	5
70	3
71	5
72	5
73	5
74	6
75	8
76	6
77	6
78	4
79	6
80	9
/

epsilon(i)	Priority
/
0	0
1	7
2	5
3	3
4	7
5	7
6	1
7	4
8	4
9	4
10	5
11	2
12	5
13	2
14	5
15	7
16	9
17	7
18	9
19	8
20	3
21	5
22	5
23	7
24	1
25	1
26	8
27	9
28	6
29	5
30	3
31	8
32	9
33	2
34	9
35	5
36	7
37	2
38	4
39	3
40	7
41	6
42	6
43	3
44	5
45	5
46	3
47	5
48	9
49	1
50	9
51	9
52	3
53	4
54	9
55	7
56	5
57	1
58	6
59	4
60	4
61	2
62	6
63	1
64	9
65	6
66	7
67	9
68	9
69	2
70	9
71	2
72	7
73	3
74	7
75	1
76	6
77	2
78	7
79	6
80	5
/

psi	Vehicle Capacity
/ 17 /
;

Table kappa(i,j)                 Setup
         0        1        2        3        4        5        6        7        8        9        10       11       12       13       14       15       16       17       18       19       20       21       22       23       24       25       26       27       28       29       30       31       32       33       34       35       36       37       38       39       40       41       42       43       44       45       46       47       48       49       50       51       52       53       54       55       56       57       58       59       60       61       62       63       64       65       66       67       68       69       70       71       72       73       74       75       76       77       78       79       80       
0        0        407      487      197      296      181      639      183      782      457      805      517      57       86       359      300      652      259      427      473      650      439      224      597      582      732      239      583      436      599      54       303      166      375      714      579      556      452      207      562      114      185      18       788      552      387      374      596      654      351      586      77       579      513      364      694      418      644      577      739      618      582      523      385      238      398      410      325      605      440      685      471      399      256      784      303      339      693      620      394      693      
1        407      0        99       432      212      260      313      313      375      355      611      224      384      429      204      390      373      358      266      478      283      84       202      455      244      392      339      223      56       494      435      203      266      239      500      350      182      258      491      419      422      418      399      512      166      405      624      243      360      228      382      411      178      208      429      379      488      237      186      354      434      188      365      355      236      676      58       554      459      228      306      156      362      157      394      464      451      518      330      265      314      
2        487      99       0        530      312      355      338      410      312      442      664      280      456      497      207      411      414      389      239      571      184      53       296      528      273      402      375      124      51       572      520      302      332      333      553      410      198      339      588      495      484      466      477      544      67       501      723      145      396      232      447      500      93       132      436      403      585      165      178      258      499      94       442      450      334      775      145      653      531      310      294      220      353      250      300      490      550      580      371      357      300      
3        197      432      530      0        239      178      566      119      779      317      655      449      247      283      474      479      552      434      555      292      712      494      235      447      524      657      411      647      479      437      154      249      295      284      579      468      525      356      62       417      311      379      212      674      597      218      205      664      562      475      462      119      610      599      545      609      228      659      558      787      481      620      392      236      198      249      408      141      455      357      643      426      560      281      827      496      148      545      531      290      651      
4        296      212      312      239      0        115      346      132      540      196      529      224      305      357      334      441      355      396      416      286      496      289      96       331      294      439      371      436      267      352      299      10       244      83       429      286      286      157      301      293      367      401      298      493      377      202      415      455      357      347      298      263      381      409      499      398      280      424      319      561      338      395      245      160      58       470      175      345      338      143      408      189      470      113      599      493      238      420      324      109      416      
5        181      260      355      178      115      0        458      61       624      293      637      336      190      243      304      357      471      311      386      347      535      317      58       433      403      551      285      469      304      445      189      121      154      196      541      401      383      273      233      397      254      297      182      609      423      256      381      487      472      309      411      157      439      421      420      513      316      494      409      613      447      448      353      234      58       427      247      313      441      259      510      292      412      104      655      398      250      527      439      219      518      
6        639      313      338      566      346      458      0        476      305      291      342      122      637      689      516      700      91       665      570      424      442      370      418      279      68       93       643      421      343      334      645      338      544      281      237      148      140      211      627      263      692      707      638      205      354      406      694      440      66       540      186      609      315      468      741      66       479      288      168      445      226      341      234      358      403      755      267      631      277      209      120      174      673      398      459      770      495      284      61       277      125      
7        183      313      410      119      132      61       476      0        666      273      621      355      210      259      366      406      477      360      448      304      592      375      116      413      427      569      334      527      360      418      172      141      206      199      531      400      417      276      178      378      277      331      190      610      478      214      319      545      482      370      404      134      491      481      471      526      264      542      448      667      435      501      340      203      81       367      292      251      421      269      541      321      469      162      708      440      193      510      450      214      549      
8        782      375      312      779      540      624      305      666      0        572      622      365      759      803      513      718      392      699      523      712      260      365      568      584      294      287      687      290      356      639      807      530      638      513      530      451      260      469      841      566      793      778      774      452      266      673      946      297      366      538      490      780      221      379      735      333      755      147      221      199      532      232      529      620      585      1004     377      877      582      452      184      359      643      528      188      798      750      585      367      523      181      
9        457      355      442      317      196      293      291      273      572      0        348      206      480      531      520      637      248      592      598      140      612      439      292      140      278      370      566      563      411      155      440      198      438      122      262      160      320      108      371      105      546      590      463      358      495      118      408      584      264      536      146      400      481      563      695      314      188      497      364      654      164      502      75       81       239      469      299      348      148      134      398      234      663      307      683      687      211      236      240      93       405      
10       805      611      664      655      529      637      342      621      622      348      0        387      826      878      810      962      254      919      877      380      785      686      625      208      396      334      895      760      656      222      787      528      772      446      111      262      473      379      701      242      892      931      811      177      692      437      684      780      276      831      235      746      656      797      1015     293      458      630      507      784      191      681      284      423      581      741      555      644      200      404      448      455      965      629      794      1020     521      111      295      420      449      
11       517      224      280      449      224      336      122      355      365      206      387      0        517      569      426      596      152      558      490      347      427      298      297      253      77       215      535      389      268      302      523      216      428      164      276      129      116      104      511      223      573      592      517      295      318      309      590      410      145      449      167      487      293      412      642      178      389      296      160      456      219      317      175      257      281      650      169      524      255      93       200      68       583      280      481      663      391      299      112      165      207      
12       57       384      456      247      305      190      637      210      759      480      826      517      0        52       312      242      658      201      376      510      611      406      219      621      577      730      182      544      406      628      112      309      125      387      731      591      544      463      263      584      68       132      39       798      519      422      431      557      658      301      601      131      549      470      306      696      461      617      561      703      637      550      542      413      248      456      395      380      628      447      674      465      342      243      748      249      382      715      624      409      682      
13       86       429      497      283      357      243      689      259      803      531      878      569      52       0        338      234      711      199      394      557      645      445      272      672      629      781      185      578      448      678      134      362      164      440      784      644      593      515      289      636      32       107      72       851      557      469      453      589      711      324      654      163      590      500      294      748      504      659      610      738      689      589      594      463      301      473      444      408      680      500      723      517      344      293      784      224      424      767      677      462      731      
14       359      204      207      474      334      304      516      366      513      520      810      426      312      338      0        205      577      188      83       621      313      157      260      639      448      593      179      249      178      671      406      328      194      397      699      547      382      440      520      602      317      279      344      717      248      534      680      257      564      25       577      401      292      163      230      583      608      366      374      409      627      282      548      495      320      721      257      614      644      412      495      358      157      224      456      285      550      712      534      426      502      
15       300      390      411      479      441      357      700      406      718      637      962      596      242      234      205      0        749      46       214      705      504      360      345      771      632      782      72       445      377      792      355      440      203      520      855      703      573      582      504      733      202      130      282      891      452      614      672      449      740      180      726      371      497      354      65       765      671      572      572      602      771      486      682      589      401      698      432      618      778      557      693      530      121      333      648      80       598      856      708      549      700      
16       652      373      414      552      355      471      91       477      392      248      254      152      658      711      577      749      0        710      637      367      531      440      440      200      142      129      687      506      412      255      650      349      577      278      146      88       219      200      610      193      718      741      653      143      438      367      656      526      26       600      115      611      402      546      795      70       431      379      253      536      144      427      179      325      413      717      321      597      197      211      208      220      735      429      550      815      460      193      43       264      211      
17       259      358      389      434      396      311      665      360      699      592      919      558      201      199      188      46       710      0        215      659      497      337      300      727      597      749      25       436      351      748      314      395      156      477      814      663      541      540      460      689      169      105      241      853      436      568      629      442      703      165      684      328      478      347      111      730      624      552      543      595      729      470      639      543      355      657      397      574      734      516      664      493      145      290      641      105      552      813      670      505      672      
18       427      266      239      555      416      386      570      448      523      598      877      490      376      394      83       214      637      215      0        702      292      199      343      713      502      640      216      238      226      748      477      410      267      476      766      615      431      514      598      676      369      318      411      774      260      617      760      239      623      79       647      476      308      145      215      636      691      381      416      390      698      292      622      577      403      800      322      695      718      485      533      422      120      307      435      292      633      782      594      505      539      
19       473      478      571      292      286      347      424      304      712      140      380      347      510      557      621      705      367      659      702      0        747      562      368      191      417      495      633      695      535      159      441      292      502      239      330      281      460      247      328      178      578      635      484      447      629      91       308      716      387      633      252      402      618      685      768      437      77       637      504      793      243      638      190      126      308      367      426      263      198      271      536      372      751      397      822      744      146      280      368      214      542      
20       650      283      184      712      496      535      442      592      260      612      785      427      611      645      313      504      531      497      292      747      0        217      476      680      392      476      491      67       232      729      689      486      486      511      677      552      318      505      769      651      627      592      638      638      119      681      907      55       508      333      592      673      134      150      507      498      766      159      278      97       643      111      600      630      518      958      325      837      682      478      352      379      409      430      144      583      734      716      492      533      355      
21       439      84       53       494      289      317      370      375      365      439      686      298      406      445      157      360      440      337      199      562      217      0        259      536      303      441      322      152      29       577      475      280      281      323      574      426      231      341      551      501      432      413      428      575      112      486      692      170      425      182      461      457      145      124      387      437      568      218      219      300      513      143      447      438      303      742      141      622      540      311      339      232      308      213      344      438      528      596      397      349      345      
22       224      202      296      235      96       58       418      116      568      292      625      297      219      272      260      345      440      300      343      368      476      259      0        428      359      510      274      411      245      447      240      97       147      179      524      377      332      250      292      390      277      306      221      581      364      279      435      429      439      269      393      212      380      366      404      476      348      436      356      554      434      389      342      246      60       483      191      366      435      231      461      247      382      46       596      396      290      517      405      206      469      
23       597      455      528      447      331      433      279      413      584      140      208      253      621      672      639      771      200      727      713      191      680      536      428      0        299      329      702      641      507      55       578      331      575      250      139      134      364      199      495      38       687      730      604      257      571      231      498      662      225      657      93       537      546      657      828      270      266      543      407      704      58       570      91       214      379      558      396      450      8        228      399      308      788      438      725      825      319      98       217      222      404      
24       582      244      273      524      294      403      68       427      294      278      396      77       577      629      448      632      142      597      502      417      392      303      359      299      0        154      576      364      276      352      591      285      479      241      286      165      77       181      586      276      630      642      580      271      295      385      668      384      123      472      206      557      261      404      673      134      464      246      113      406      254      286      235      333      350      728      199      601      299      170      123      112      605      335      426      703      468      324      100      242      130      
25       732      392      402      657      439      551      93       569      287      370      334      215      730      781      593      782      129      749      640      495      476      441      510      329      154      0        729      467      416      383      738      431      633      373      247      214      211      300      717      323      783      796      731      166      405      488      777      484      107      617      244      702      361      525      821      58       556      316      224      458      271      385      304      442      496      838      352      716      325      301      123      265      748      489      463      855      578      306      130      366      121      
26       239      339      375      411      371      285      643      334      687      566      895      535      182      185      179      72       687      25       216      633      491      322      274      702      576      729      0        428      335      722      294      370      131      451      789      638      522      515      438      664      157      102      221      830      424      542      607      435      680      158      659      306      466      341      136      708      599      540      525      588      704      458      614      517      329      636      376      551      708      491      646      471      160      265      635      127      527      788      647      479      653      
27       583      223      124      647      436      469      421      527      290      563      760      389      544      578      249      445      506      436      238      695      67       152      411      641      364      467      428      0        169      688      622      426      419      457      650      517      287      458      703      610      561      528      570      623      70       626      843      21       485      270      556      606      106      92       453      481      709      161      253      160      608      81       558      575      454      894      269      774      643      430      346      335      357      365      207      525      674      685      465      480      350      
28       436      56       51       479      267      304      343      360      356      411      656      268      406      448      178      377      412      351      226      535      232      29       245      507      276      416      335      169      0        548      469      257      283      296      544      397      205      312      537      472      436      423      426      547      119      461      674      188      396      203      431      448      143      152      408      410      544      211      196      309      483      146      418      412      285      726      112      604      511      282      317      202      332      199      352      455      506      566      368      322      324      
29       599      494      572      437      352      445      334      418      639      155      222      302      628      678      671      792      255      748      748      159      729      577      447      55       352      383      722      688      548      0        576      353      593      275      177      188      415      236      480      78       695      743      608      301      618      218      466      709      280      688      148      535      595      699      851      325      236      595      459      756      111      618      130      215      394      524      436      422      58       265      454      353      817      462      778      842      299      121      272      246      459      
30       54       435      520      154      299      189      645      172      807      440      787      523      112      134      406      355      650      314      477      441      689      475      240      578      591      738      294      622      469      576      0        307      212      371      701      573      572      449      155      545      164      238      72       783      587      360      320      636      654      399      576      40       611      556      418      697      381      672      597      776      604      615      510      364      242      343      431      274      586      440      700      482      453      279      820      356      301      676      621      387      708      
31       303      203      302      249      10       121      338      141      530      198      528      216      309      362      328      440      349      395      410      292      486      280      97       331      285      431      370      426      257      353      307      0        244      82       426      282      276      153      311      293      371      403      304      488      367      209      426      446      351      342      295      271      371      400      497      391      289      414      309      551      336      385      244      166      65       481      165      356      338      137      399      179      466      109      588      493      248      419      317      109      407      
32       166      266      332      295      244      154      544      206      638      438      772      428      125      164      194      203      577      156      267      502      486      281      147      575      479      633      131      419      283      593      212      244      0        326      669      521      436      394      333      537      156      164      152      720      394      411      499      432      573      188      538      208      425      347      266      606      469      494      449      577      581      425      489      386      199      535      286      437      582      373      566      369      265      148      623      249      399      664      540      353      573      
33       375      239      333      284      83       196      281      199      513      122      446      164      387      440      397      520      278      477      476      239      511      323      179      250      241      373      451      457      296      275      371      82       326      0        345      204      253      77       346      212      450      485      378      413      392      170      432      478      283      413      215      333      385      447      577      328      255      415      293      564      254      404      162      118      138      491      187      364      257      72       362      154      541      188      598      575      237      337      251      29       369      
34       714      500      553      579      429      541      237      531      530      262      111      276      731      784      699      855      146      814      766      330      677      574      524      139      286      247      789      650      544      177      701      426      669      345      0        152      363      275      630      162      795      830      719      125      581      366      637      670      171      721      131      661      547      685      907      196      405      525      399      682      97       572      191      342      483      697      443      589      131      297      349      343      855      524      694      916      457      65       185      322      351      
35       579      350      410      468      286      401      148      400      451      160      262      129      591      644      547      703      88       663      615      281      552      426      377      134      165      214      638      517      397      188      573      282      521      204      152      0        234      128      525      115      653      683      582      209      447      278      568      537      106      568      40       534      418      542      754      156      343      410      275      571      91       442      90       237      342      629      292      508      134      147      267      194      703      374      591      765      371      169      88       185      272      
36       556      182      198      525      286      383      140      417      260      320      473      116      544      593      382      573      219      541      431      460      318      231      332      364      77       211      522      287      205      415      572      276      436      253      363      234      0        213      587      337      591      595      551      345      218      415      686      307      199      406      274      540      185      328      610      205      498      180      44       340      325      210      291      361      336      744      150      617      365      193      130      100      538      301      365      647      490      398      177      263      138      
37       452      258      339      356      157      273      211      276      469      108      379      104      463      515      440      582      200      540      514      247      505      341      250      199      181      300      515      458      312      236      449      153      394      77       275      128      213      0        417      162      525      556      455      336      389      204      487      479      207      459      144      410      373      463      635      252      285      389      257      546      189      395      108      152      214      547      200      421      204      29       304      126      591      249      575      641      287      274      175      65       311      
38       207      491      588      62       301      233      627      178      841      371      701      511      263      289      520      504      610      460      598      328      769      551      292      495      586      717      438      703      537      480      155      311      333      346      630      525      587      417      0        468      320      393      224      729      656      264      168      720      621      519      517      133      669      652      569      668      257      721      621      845      533      680      446      290      259      201      469      118      504      418      706      488      593      338      886      511      182      593      591      351      713      
39       562      419      495      417      293      397      263      378      566      105      242      223      584      636      602      733      193      689      676      178      651      501      390      38       276      323      664      610      472      78       545      293      537      212      162      115      337      162      468      0        651      692      569      271      540      204      481      631      216      620      79       504      516      623      790      264      249      517      381      678      67       540      54       182      341      541      361      429      44       191      383      275      751      400      701      787      296      131      203      184      388      
40       114      422      484      311      367      254      692      277      793      546      892      573      68       32       317      202      718      169      369      578      627      432      277      687      630      783      157      561      436      695      164      371      156      450      795      653      591      525      320      651      0        75       98       858      543      490      485      571      716      301      665      191      578      480      262      752      528      648      605      721      702      576      607      480      312      505      440      438      695      507      720      518      314      294      767      192      449      781      682      473      728      
41       185      418      466      379      401      297      707      331      778      590      931      592      132      107      279      130      741      105      318      635      592      413      306      730      642      796      102      528      423      743      238      403      164      485      830      683      595      556      393      692      75       0        168      884      520      545      559      536      738      259      699      262      559      442      187      770      589      632      604      689      740      553      646      530      351      580      446      510      737      536      723      532      248      312      735      118      512      821      704      510      731      
42       18       399      477      212      298      182      638      190      774      463      811      517      39       72       344      282      653      241      411      484      638      428      221      604      580      731      221      570      426      608      72       304      152      378      719      582      551      455      224      569      98       168      0        791      541      398      392      584      655      335      590      94       569      499      346      694      431      635      572      727      624      571      529      393      240      416      405      342      612      442      681      468      381      251      772      286      352      700      621      398      689      
43       788      512      544      674      493      609      205      610      452      358      177      295      798      851      717      891      143      853      774      447      638      575      581      257      271      166      830      623      547      301      783      488      720      413      125      209      345      336      729      271      858      884      791      0        558      472      752      641      152      740      212      743      517      673      937      141      520      479      371      625      204      542      283      439      550      813      462      700      250      351      288      362      874      572      630      958      564      190      183      395      287      
44       552      166      67       597      377      423      354      478      266      495      692      318      519      557      248      452      438      436      260      629      119      112      364      571      295      405      424      70       119      618      587      367      394      392      581      447      218      389      656      540      543      520      541      558      0        562      790      91       417      272      485      567      48       124      470      416      646      121      186      190      537      34       488      510      402      842      205      720      573      362      288      265      379      318      233      532      615      615      396      414      292      
45       387      405      501      218      202      256      406      214      673      118      437      309      422      469      534      614      367      568      617      91       681      486      279      231      385      488      542      626      461      218      360      209      411      170      366      278      415      204      264      204      490      545      398      472      562      0        289      646      383      545      262      319      556      608      677      433      84       584      457      735      271      574      191      53       218      350      356      230      239      221      508      319      661      310      768      653      93       328      357      153      515      
46       374      624      723      205      415      381      694      319      946      408      684      590      431      453      680      672      656      629      760      308      907      692      435      498      668      777      607      843      674      466      320      426      499      432      637      568      686      487      168      481      485      559      392      752      790      289      0        862      673      681      548      301      797      801      737      722      232      839      725      976      548      810      478      336      389      61       591      70       506      498      791      586      760      481      1014     677      199      587      647      426      798      
47       596      243      145      664      455      487      440      545      297      584      780      410      557      589      257      449      526      442      239      716      55       170      429      662      384      484      435      21       188      709      636      446      432      478      670      537      307      479      720      631      571      536      584      641      91       646      862      0        504      277      576      622      124      95       454      500      730      174      272      153      628      99       579      596      473      912      290      792      664      451      362      356      357      383      199      529      694      705      485      501      366      
48       654      360      396      562      357      472      66       482      366      264      276      145      658      711      564      740      26       703      623      387      508      425      439      225      123      107      680      485      396      280      654      351      573      283      171      106      199      207      621      216      716      738      655      152      417      383      673      504      0        588      137      616      380      527      785      50       449      354      231      511      169      405      197      339      415      734      309      612      222      214      182      210      722      425      524      808      474      219      33       272      185      
49       351      228      232      475      347      309      540      370      538      536      831      449      301      324      25       180      600      165      79       633      333      182      269      657      472      617      158      270      203      688      399      342      188      413      721      568      406      459      519      620      301      259      335      740      272      545      681      277      588      0        597      397      317      183      205      607      617      391      400      430      647      306      566      508      329      720      279      616      663      431      521      381      134      235      477      260      557      732      557      442      527      
