

sets
i        orders          /0*40/
k        routes          /1*40/
p        positions       /0*40/
;

alias(i,j)
alias(i,h)
alias(i,hh)
alias(i,jj)
alias(k,kk)
                            Parameters

rho(i)	Processing time
/
0	0
1	53
2	90
3	61
4	64
5	11
6	54
7	36
8	70
9	12
10	99
11	72
12	71
13	6
14	55
15	34
16	76
17	11
18	99
19	42
20	55
21	66
22	59
23	23
24	26
25	16
26	38
27	47
28	81
29	4
30	11
31	62
32	8
33	70
34	27
35	66
36	21
37	90
38	75
39	5
40	77
/

gamma(i)	Duedate
/
0	0
1	36
2	24
3	16
4	21
5	84
6	67
7	97
8	7
9	45
10	49
11	32
12	52
13	82
14	52
15	92
16	88
17	7
18	60
19	57
20	15
21	83
22	4
23	38
24	19
25	44
26	36
27	63
28	5
29	23
30	2
31	53
32	58
33	31
34	21
35	33
36	52
37	90
38	49
39	59
40	30
/

sigma(i)	Size
/
0	0
1	4
2	5
3	9
4	5
5	8
6	2
7	7
8	9
9	9
10	1
11	4
12	5
13	9
14	7
15	5
16	6
17	7
18	4
19	1
20	8
21	4
22	1
23	3
24	3
25	4
26	5
27	1
28	6
29	5
30	8
31	8
32	9
33	6
34	8
35	9
36	7
37	4
38	3
39	8
40	1
/

epsilon(i)	Priority
/
0	0
1	1
2	8
3	9
4	2
5	2
6	8
7	1
8	4
9	1
10	6
11	2
12	8
13	3
14	2
15	5
16	2
17	4
18	4
19	8
20	3
21	9
22	5
23	5
24	9
25	2
26	7
27	1
28	8
29	5
30	1
31	4
32	9
33	8
34	9
35	7
36	9
37	2
38	2
39	1
40	6
/

psi	Vehicle Capacity
/ 85 /
;

Table kappa(i,j)                 Setup
         0        1        2        3        4        5        6        7        8        9        10       11       12       13       14       15       16       17       18       19       20       21       22       23       24       25       26       27       28       29       30       31       32       33       34       35       36       37       38       39       40       
0        0        9        251      302      239      26       74       361      272      141      188      62       130      36       258      292      102      274      175      344      179      99       373      265      220      154      118      153      190      179      163      193      236      53       249      199      137      136      231      244      277      
1        9        0        259      310      233      36       77       363      280      149      194      68       138      28       258      291      93       280      169      353      184      101      375      264      228      162      125      161      191      172      155      202      241      44       257      192      129      145      232      250      277      
2        251      259      0        51       412      227      273      277      39       112      134      203      204      277      286      312      335      134      354      99       131      216      306      320      53       101      151      187      237      367      382      152      171      293      33       380      357      127      251      126      278      
3        302      310      51       0        461      277      319      295      40       164      178      254      245      329      325      347      387      156      404      50       177      267      326      359      99       153      202      224      281      417      434      182      206      344      69       430      409      173      290      157      312      
4        239      233      412      461      0        260      305      335      447      312      285      236      368      205      194      208      153      349      65       511      284      201      326      166      362      317      267      388      190      61       100      420      284      192      392      40       115      344      205      326      225      
5        26       36       227      277      260      0        72       355      246      119      175      54       108      62       261      295      128      259      195      319      165      99       369      272      199      133      103      128      191      200      188      167      227      79       227      220      162      109      231      229      277      
6        74       77       273      319      305      72       0        426      283      177      244      126      93       101      331      365      155      326      242      355      233      170      441      340      255      191      171      120      263      244      217      171      297      113      280      265      194      146      302      296      349      
7        361      363      277      295      335      355      426      0        314      275      191      300      413      358      142      130      373      143      316      335      202      263      31       170      236      264      258      411      180      332      379      401      132      362      243      329      366      331      144      157      111      
8        272      280      39       40       447      246      283      314      0        139      173      229      206      301      326      351      361      171      388      72       169      248      343      359      92       131      182      184      275      400      412      141      211      317      72       413      386      139      290      165      317      
9        141      149      112      164      312      119      177      275      139      0        84       90       139      165      227      259      223      153      250      210      73       110      296      253      80       14       45       136      162      262      272      135      143      180      108      276      246      57       190      125      230      
10       188      194      134      178      285      175      244      191      173      84       0        126      222      199      155      184      240      86       233      228      11       109      212      186      81       75       72       220      102      247      273      216      58       210      109      257      251      141      118      56       152      
11       62       68       203      254      236      54       126      300      229      90       126      0        144      77       208      243      132      212      171      300      116      48       314      222      165      101      58       158      138      180      183      184      174      91       195      198      157      108      177      181      223      
12       130      138      204      245      368      108      93       413      206      139      222      144      0        167      346      380      231      290      303      274      211      192      433      364      203      151      158      27       276      308      293      78       280      183      220      328      268      86       312      264      356      
13       36       28       277      329      205      62       101      358      301      165      199      77       167      0        244      277      66       285      142      373      191      96       367      247      242      177      135      189      181      144      127      229      241      17       272      165      101      168      221      255      266      
14       258      258      286      325      194      261      331      142      326      227      155      208      346      244      0        34       244      180      175      373      162      161      137      36       234      223      191      353      70       191      240      362      119      244      257      187      230      281      37       168      31       
15       292      291      312      347      208      295      365      130      351      259      184      243      380      277      34       0        273      196      199      395      192      195      118      42       260      254      224      387      104      213      264      394      141      276      281      206      257      314      68       189      34       
16       102      93       335      387      153      128      155      373      361      223      240      132      231      66       244      273      0        324      97       433      233      130      377      237      295      233      186      254      193      93       62       295      271      49       326      114      39       233      230      295      271      
17       274      280      134      156      349      259      326      143      171      153      86       212      290      285      180      196      324      0        305      201      95       194      172      216      96       139      156      282      158      320      352      265      65       296      100      326      332      204      151      30       161      
18       175      169      354      404      65       195      242      316      388      250      233      171      303      142      175      199      97       305      0        454      231      140      313      158      306      256      206      323      149      16       66       355      242      129      337      26       65       280      175      279      206      
19       344      353      99       50       511      319      355      335      72       210      228      300      274      373      373      395      433      201      454      0        227      315      366      408      149      200      250      251      331      467      481      203      254      389      119      479      456      211      339      205      360      
20       179      184      131      177      284      165      233      202      169      73       11       116      211      191      162      192      233      95       231      227      0        103      223      192      78       64       61       209      106      245      269      206      70       202      107      255      246      130      125      65       161      
21       99       101      216      267      201      99       170      263      248      110      109      48       192      96       161      195      130      194      140      315      103      0        274      174      170      116      65       204      92       152      168      226      145      103      201      166      144      146      132      164      178      
22       373      375      306      326      326      369      441      31       343      296      212      314      433      367      137      118      377      172      313      366      223      274      0        160      263      286      276      433      186      328      377      426      153      370      272      323      366      353      147      184      107      
23       265      264      320      359      166      272      340      170      359      253      186      222      364      247      36       42       237      216      158      408      192      174      160      0        266      250      213      374      91       172      224      386      155      244      291      164      218      304      69       204      63       
24       220      228      53       99       362      199      255      236      92       80       81       165      203      242      234      260      295      96       306      149      78       170      263      266      0        66       109      191      184      319      338      169      121      256      31       331      314      117      198      79       226      
25       154      162      101      153      317      133      191      264      131      14       75       101      151      177      223      254      233      139      256      200      64       116      286      250      66       0        50       147      160      269      281      142      133      192      95       282      256      67       186      112      224      
26       118      125      151      202      267      103      171      258      182      45       72       58       158      135      191      224      186      156      206      250      61       65       276      213      109      50       0        163      122      218      231      173      127      148      140      232      206      91       155      126      198      
27       153      161      187      224      388      128      120      411      184      136      220      158      27       189      353      387      254      282      323      251      209      204      433      374      191      147      163      0        284      329      316      51       279      206      206      348      290      79       318      258      361      
28       190      191      237      281      190      191      263      180      275      162      102      138      276      181      70       104      193      158      149      331      106      92       186      91       184      160      122      284      0        165      205      295      93       184      211      169      189      213      40       136      86       
29       179      172      367      417      61       200      244      332      400      262      247      180      308      144      191      213      93       320      16       467      245      152      328      172      319      269      218      329      165      0        53       363      258      131      350      21       58       289      191      295      222      
30       163      155      382      434      100      188      217      379      412      272      273      183      293      127      240      264      62       352      66       481      269      168      377      224      338      281      231      316      205      53       0        356      293      110      369      69       26       289      235      325      270      
31       193      202      152      182      420      167      171      401      141      135      216      184      78       229      362      394      295      265      355      203      206      226      426      386      169      142      173      51       295      363      356      0        273      246      177      381      329      82       326      244      366      
32       236      241      171      206      284      227      297      132      211      143      58       174      280      241      119      141      271      65       242      254      70       145      153      155      121      133      127      279      93       258      293      273      0        248      140      263      274      200      87       49       106      
33       53       44       293      344      192      79       113      362      317      180      210      91       183      17       244      276      49       296      129      389      202      103      370      244      256      192      148      206      184      131      110      246      248      0        286      152      85       185      223      266      267      
34       249      257      33       69       392      227      280      243      72       108      109      195      220      272      257      281      326      100      337      119      107      201      272      291      31       95       140      206      211      350      369      177      140      286      0        361      345      137      222      93       246      
35       199      192      380      430      40       220      265      329      413      276      257      198      328      165      187      206      114      326      26       479      255      166      323      164      331      282      232      348      169      21       69       381      263      152      361      0        78       306      191      302      218      
36       137      129      357      409      115      162      194      366      386      246      251      157      268      101      230      257      39       332      65       456      246      144      366      218      314      256      206      290      189      58       26       329      274      85       345      78       0        263      222      304      259      
37       136      145      127      173      344      109      146      331      139      57       141      108      86       168      281      314      233      204      280      211      130      146      353      304      117      67       91       79       213      289      289      82       200      185      137      306      263      0        245      178      286      
38       231      232      251      290      205      231      302      144      290      190      118      177      312      221      37       68       230      151      175      339      125      132      147      69       198      186      155      318      40       191      235      326      87       223      222      191      222      245      0        136      46       
39       244      250      126      157      326      229      296      157      165      125      56       181      264      255      168      189      295      30       279      205      65       164      184      204      79       112      126      258      136      295      325      244      49       266      93       302      304      178      136      0        154      
40       277      277      278      312      225      277      349      111      317      230      152      223      356      266      31       34       271      161      206      360      161      178      107      63       226      224      198      361      86       222      270      366      106      267      246      218      259      286      46       154      0        
;



Table delta(i,j)                 Distance
         0        1        2        3        4        5        6        7        8        9        10       11       12       13       14       15       16       17       18       19       20       21       22       23       24       25       26       27       28       29       30       31       32       33       34       35       36       37       38       39       40       
0        0        1220     860      1070     700      560      1350     940      730      1390     660      990      730      1100     1520     1200     1220     570      750      140      950      470      360      810      1290     1300     500      860      550      430      1230     230      980      1020     280      830      1060     130      1390     1670     1170     
1        1220     0        63       138      172      173      217      97       58       84       188      188      104      79       94       20       95       131      97       109      27       161      131      177      56       200      125      116      153      151      65       138      52       164      144      181      127      134      101      110      24       
2        860      63       0        76       116      143      154      117      19       130      142      128      42       29       68       75       47       122      106      77       48       111      79       161      43       137      69       53       134      99       109      108      83       101      114      122      65       99       60       85       43       
3        1070     138      76       0        81       155      88       179      88       203      129      74       41       64       91       151      57       162      164      108      124      96       74       187      98       66       58       26       162      85       183      129      155      35       133      80       12       116      68       96       116      
4        700      172      116      81       0        91       65       165      114      207      51       30       78       124      163      176      127      123      146      82       148      27       42       129      155      67       47       78       111      27       189      81       162      54       82       12       89       70       142      173      157      
5        560      173      143      155      91       0        154      114      129      167      49       120      127      166      209      166      178      57       97       66       145      64       80       39       185      158      97       138      31       71       156      35       137      140      29       102      156      43       194      224      170      
6        1350     217      154      88       65       154      0        228      160      265      108      36       112      151      179      225      145      189      209      144      196      93       101      194      185      23       97       103      176      92       247      147      219      54       148      53       100      135      156      183      198      
7        940      97       117      179      165      114      228      0        98       53       152      192      138      146      178      80       164      57       19       83       79       141      127      99       142      220      133      153      85       137      47       92       45       187      95       177      172      98       176      196      111      
8        730      58       19       88       114      129      160      98       0        115      134      130      49       49       86       65       66       103      86       62       37       105      74       144      57       144      67       63       118      94       94       93       67       108      99       122      79       86       80       103      45       
9        1390     84       130      203      207      167      265      53       115      0        201      231      163      155      177      64       173      110      69       126      82       186      166      152      139      254      169      177      137      180      20       141      48       219      145      218      194      145      182      194      106      
10       660      188      142      129      51       49       108      152      134      201      0        76       114      159      201      186      166      99       133      80       161      33       64       89       185      115      79       119      78       46       187      60       164      105      57       59       134      56       182      213      179      
11       990      188      128      74       30       120      36       192      130      231      76       0        86       130      163      194      128      153      173      108      166      57       65       159      163      38       64       81       141      56       213      111      185      40       112      18       85       99       141      171      171      
12       730      104      42       41       78       127      112      138      49       163      114      86       0        46       87       114      53       124      122      71       86       80       49       154      78       95       34       15       128      68       142      97       114      59       102      83       35       85       69       99       85       
13       1100     79       29       64       124      166      151      146      49       155      159      130      46       0        42       95       18       150      135      102      73       126      94       188      34       130      80       49       161      114      135      133      110      96       138      128      51       123      31       57       55       
14       1520     94       68       91       163      209      179      178      86       177      201      163      87       42       0        113      35       190      171      144      99       167      136      229      38       156      121      85       203      155      158      175      137      126      181      165      79       165      23       17       71       
15       1200     20       75       151      176      166      225      80       65       64       186      194      114      95       113      0        112      120      83       106      28       162      134      166      75       210      131      127      144      152      45       132      35       174      138      185      140      131      120      130      42       
16       1220     95       47       57       127      178      145      164      66       173      166      128      53       18       35       112      0        166      153      116      91       133      102      202      44       124      87       49       175      120      153      146      128      92       151      130      45       135      16       46       71       
17       570      131      122      162      123      57       189      57       103      110      99       153      124      150      190      120      166      0        42       54       106      96       93       46       159      186      106      138      27       97       102      42       87       159      43       136      159      53       181      207      136      
18       750      97       106      164      146      97       209      19       86       69       133      173      122      135      171      83       153      42       0        65       75       122      108      86       136      202      116      138      69       118      60       73       48       170      76       158      157      79       167      188      107      
19       140      109      77       108      82       66       144      83       62       126      80       108      71       102      144      106      116      54       65       0        81       60       43       85       119      137      53       85       59       54       110      31       84       107      37       94       105      25       132      160      104      
20       950      27       48       124      148      145      196      79       37       82       161      166      86       73       99       28       91       106      75       81       0        135      106      151      62       181      102      99       127      125      61       110      38       145      116      157      114      107      101      117      32       
21       470      161      111      96       27       64       93       141      105      186      33       57       80       126      167      162      133      96       122      60       135      0        32       102      154      94       46       85       83       12       170      54       144      76       54       40       101      44       149      180      150      
22       360      131      79       74       42       80       101      127      74       166      64       65       49       94       136      134      102      93       108      43       106      32       0        113      121      93       16       57       89       20       148      56       120      65       59       52       75       43       118      149      119      
23       810      177      161      187      129      39       194      99       144      152      89       159      154      188      229      166      202      46       86       85       151      102      113      0        201      196      129      167      26       108      146      58       133      176      53       141      186      70       218      245      180      
24       1290     56       43       98       155      185      185      142      57       139      185      163      78       34       38       75       44       159      136      119      62       154      121      201      0        165      109      82       175      141      120      150      100      130      156      161      86       142      46       55       33       
25       1300     200      137      66       67       158      23       220      144      254      115      38       95       130      156      210      124      186      202      137      181      94       93       196      165      0        86       84       176      90       234      145      206      36       147      56       79       133      133      160      179      
26       500      125      69       58       47       97       97       133      67       169      79       64       34       80       121      131      87       106      116      53       102      46       16       129      109      86       0        41       104      33       150      71       122      54       75       55       59       58       103      133      110      
27       860      116      53       26       78       138      103      153      63       177      119      81       15       49       85       127      49       138      138      85       99       85       57       167      82       84       41       0        141      73       157      109      129      48       113      80       20       96       64       95       95       
28       550      153      134      162      111      31       176      85       118      137      78       141      128      161      203      144      175      27       69       59       127      83       89       26       175      176      104      141      0        86       129      33       112      154      30       123      161      46       191      219      155      
29       430      151      99       85       27       71       92       137      94       180      46       56       68       114      155      152      120      97       118      54       125      12       20       108      141      90       33       73       86       0        163      55       136      68       57       40       89       43       136      167      139      
30       1230     65       109      183      189      156      247      47       94       20       187      213      142      135      158      45       153      102      60       110      61       170      148      146      120      234      150      157      129      163      0        128      28       199      132      201      173      131      162      175      87       
31       230      138      108      129      81       35       147      92       93       141      60       111      97       133      175      132      146      42       73       31       110      54       56       58       150      145      71       109      33       55       128      0        106      121      5        93       128      13       162      190      135      
32       980      52       83       155      162      137      219      45       67       48       164      185      114      110      137      35       128      87       48       84       38       144      120      133      100      206      122      129      112      136      28       106      0        171      111      173      146      107      139      155      68       
33       1020     164      101      35       54       140      54       187      108      219      105      40       59       96       126      174      92       159      170      107      145      76       65       176      130      36       54       48       154      68       199      121      171      0        124      49       47       108      103      132      144      
34       280      144      114      133      82       29       148      95       99       145      57       112      102      138      181      138      151      43       76       37       116      54       59       53       156      147      75       113      30       57       132      5        111      124      0        94       133      17       167      196      141      
35       830      181      122      80       12       102      53       177      122      218      59       18       83       128      165      185      130      136      158      94       157      40       52       141      161      56       55       80       123      40       201      93       173      49       94       0        89       82       144      174      165      
36       1060     127      65       12       89       156      100      172      79       194      134      85       35       51       79       140      45       159      157      105      114      101      75       186      86       79       59       20       161      89       173      128      146      47       133      89       0        116      56       86       104      
37       130      134      99       116      70       43       135      98       86       145      56       99       85       123      165      131      135      53       79       25       107      44       43       70       142      133      58       96       46       43       131      13       107      108      17       82       116      0        151      180      129      
38       1390     101      60       68       142      194      156      176      80       182      182      141      69       31       23       120      16       181      167      132      101      149      118      218      46       133      103      64       191      136      162      162      139      103      167      144      56       151      0        30       77       
39       1670     110      85       96       173      224      183      196      103      194      213      171      99       57       17       130      46       207      188      160      117      180      149      245      55       160      133      95       219      167      175      190      155      132      196      174      86       180      30       0        88       
40       1170     24       43       116      157      170      198      111      45       106      179      171      85       55       71       42       71       136      107      104      32       150      119      180      33       179      110      95       155      139      87       135      68       144      141      165      104      129      77       88       0        
;

