

sets
i        orders          /0*80/
k        routes          /1*80/
p        positions       /0*80/
;

alias(i,j)
alias(i,h)
alias(i,hh)
alias(i,jj)
alias(k,kk)
                            Parameters

rho(i)	Processing time
/
0	0
1	12
2	69
3	77
4	74
5	66
6	85
7	7
8	84
9	13
10	8
11	92
12	65
13	39
14	45
15	53
16	29
17	90
18	48
19	66
20	82
21	89
22	60
23	52
24	17
25	3
26	8
27	98
28	17
29	71
30	62
31	1
32	98
33	31
34	31
35	23
36	88
37	50
38	88
39	37
40	73
41	71
42	34
43	2
44	25
45	60
46	86
47	65
48	2
49	60
50	1
51	99
52	1
53	16
54	9
55	36
56	5
57	34
58	43
59	39
60	96
61	20
62	89
63	57
64	99
65	46
66	98
67	9
68	39
69	45
70	87
71	79
72	53
73	61
74	95
75	17
76	78
77	13
78	61
79	51
80	5
/

gamma(i)	Duedate
/
0	0
1	46
2	55
3	78
4	61
5	52
6	96
7	21
8	58
9	1
10	11
11	82
12	19
13	93
14	38
15	83
16	56
17	48
18	87
19	97
20	19
21	91
22	86
23	63
24	56
25	2
26	10
27	20
28	95
29	39
30	35
31	20
32	7
33	58
34	10
35	57
36	50
37	47
38	75
39	32
40	82
41	87
42	1
43	56
44	95
45	37
46	93
47	47
48	62
49	71
50	26
51	97
52	50
53	55
54	74
55	70
56	9
57	57
58	34
59	30
60	54
61	14
62	36
63	22
64	68
65	61
66	31
67	42
68	87
69	63
70	31
71	96
72	43
73	93
74	2
75	95
76	76
77	11
78	63
79	43
80	48
/

sigma(i)	Size
/
0	0
1	9
2	9
3	1
4	2
5	9
6	5
7	9
8	9
9	2
10	2
11	4
12	2
13	2
14	1
15	1
16	6
17	1
18	8
19	8
20	2
21	1
22	6
23	9
24	9
25	7
26	5
27	4
28	9
29	1
30	9
31	9
32	5
33	3
34	1
35	4
36	9
37	4
38	6
39	9
40	2
41	8
42	9
43	1
44	6
45	2
46	4
47	9
48	3
49	1
50	7
51	3
52	7
53	8
54	7
55	8
56	7
57	6
58	2
59	1
60	8
61	5
62	2
63	7
64	9
65	7
66	8
67	3
68	5
69	8
70	5
71	7
72	1
73	7
74	7
75	5
76	8
77	8
78	1
79	3
80	8
/

epsilon(i)	Priority
/
0	0
1	9
2	9
3	5
4	8
5	7
6	7
7	2
8	9
9	8
10	2
11	4
12	9
13	9
14	3
15	7
16	4
17	1
18	2
19	8
20	2
21	4
22	7
23	4
24	3
25	7
26	6
27	1
28	2
29	1
30	9
31	2
32	9
33	4
34	3
35	4
36	9
37	7
38	4
39	1
40	1
41	1
42	9
43	2
44	9
45	4
46	1
47	1
48	9
49	8
50	7
51	2
52	9
53	2
54	3
55	4
56	7
57	2
58	4
59	9
60	9
61	9
62	1
63	3
64	7
65	2
66	7
67	2
68	1
69	7
70	4
71	3
72	8
73	4
74	5
75	2
76	8
77	7
78	7
79	9
80	8
/

psi	Vehicle Capacity
/ 121 /
;

Table kappa(i,j)                 Setup
         0        1        2        3        4        5        6        7        8        9        10       11       12       13       14       15       16       17       18       19       20       21       22       23       24       25       26       27       28       29       30       31       32       33       34       35       36       37       38       39       40       41       42       43       44       45       46       47       48       49       50       51       52       53       54       55       56       57       58       59       60       61       62       63       64       65       66       67       68       69       70       71       72       73       74       75       76       77       78       79       80       
0        0        544      579      410      386      508      351      470      285      351      355      465      671      826      269      581      391      751      254      323      222      269      559      409      600      653      490      500      753      644      223      201      495      751      489      513      280      713      329      604      303      331      504      307      429      489      406      409      380      612      547      615      361      377      548      443      383      175      160      669      254      471      415      337      474      111      322      296      746      511      363      788      31       631      212      729      152      503      596      408      219      
1        544      0        96       654      370      485      351      167      345      604      189      509      316      479      315      322      181      214      556      248      625      305      81       440      148      133      67       224      245      106      322      609      83       239      85       152      267      285      495      129      399      397      251      532      458      402      226      143      566      304      356      183      492      168      268      388      501      594      539      319      530      450      148      238      202      440      413      526      244      96       186      305      522      279      513      292      456      283      103      658      326      
2        579      96       0        736      335      579      326      130      341      683      238      601      221      561      325      419      190      179      626      260      688      368      174      529      237      191      154      320      175      86       357      670      176      286      91       94       317      190      575      33       383      374      348      609      413      342      204      213      649      215      283      271      461      209      191      339      466      652      598      224      601      543      164      247      297      484      392      602      170      192      246      224      553      185      511      198      512      218      186      739      368      
3        410      654      736      0        716      260      675      687      602      63       515      198      914      657      558      462      601      857      160      568      205      386      615      230      609      695      587      468      900      758      466      220      572      753      652      718      453      919      160      769      652      677      450      134      789      818      658      522      88       869      845      601      740      546      806      774      763      242      251      914      170      258      603      579      470      380      676      145      898      570      497      958      430      869      610      930      303      778      638      6        440      
4        386      370      335      716      0        677      41       207      113      653      278      667      314      825      159      614      206      506      563      177      580      355      436      589      504      502      363      499      467      421      252      558      387      607      284      240      290      381      573      340      85       59       521      583      94       105      144      329      649      251      165      536      126      264      199      59       132      533      491      311      547      634      236      175      463      346      75       572      457      413      307      476      354      283      220      399      416      148      468      717      279      
5        508      485      579      260      677      0        638      574      576      253      413      62       787      397      523      216      504      660      296      502      389      325      423      100      396      485      425      264      720      575      437      391      402      522      514      593      387      769      190      612      639      658      239      231      766      765      573      388      190      757      765      378      744      438      702      728      764      398      369      789      278      43       491      508      282      423      664      238      721      389      386      785      513      745      653      776      357      688      436      266      412      
6        351      351      326      675      41       638      0        196      73       612      243      627      334      797      118      581      179      502      523      141      541      315      413      549      480      485      338      466      470      412      211      519      361      590      267      234      250      394      532      336      62       47       487      542      129      144      126      298      608      271      195      511      140      232      213      99       151      495      451      331      507      594      211      140      431      307      65       531      460      387      272      485      320      299      201      411      376      163      447      676      238      
7        470      167      130      687      207      574      196      0        213      629      172      582      227      641      204      456      87       308      558      146      606      301      242      505      311      297      179      343      288      215      256      587      206      401      84       43       237      247      527      144      252      243      370      554      292      235      73       185      605      185      201      345      332      142      127      221      339      566      514      227      535      534      84       132      312      385      261      545      280      231      193      318      442      182      382      262      428      123      270      689      273      
8        285      345      341      602      113      576      73       213      0        539      202      561      389      763      52       537      164      520      449      103      468      250      396      484      459      477      318      425      500      422      142      447      338      583      266      256      190      439      462      357      66       82       444      470      192      217      140      263      537      328      263      487      173      200      266      172      191      422      378      386      434      532      198      110      389      234      89       459      491      362      230      524      254      350      170      456      303      219      432      603      169      
9        351      604      683      63       653      253      612      629      539      0        457      190      856      648      495      438      542      811      98       507      158      327      570      199      570      654      537      430      850      709      403      170      524      718      598      661      393      864      110      716      588      614      414      74       725      755      597      469      62       810      784      565      677      489      747      711      700      188      191      856      106      241      546      518      427      317      613      84       847      523      441      906      369      811      548      875      240      717      596      63       377      
10       355      189      238      515      278      413      243      172      202      457      0        414      399      560      156      337      91       400      391      102      449      132      211      336      265      303      137      223      414      291      134      432      148      405      147      203      79       408      355      269      268      277      244      383      372      355      160      63       433      357      352      290      374      31       296      322      390      414      360      399      367      370      88       103      188      251      289      374      409      169      29       461      333      354      350      420      274      277      249      517      136      
11       465      509      601      198      667      62       627      582      561      190      414      0        802      460      510      268      506      696      240      496      330      312      455      78       435      524      446      298      750      605      420      334      426      569      529      605      378      791      138      634      622      643      274      174      753      759      574      400      128      767      767      421      724      442      709      720      745      343      319      803      224      65       498      503      309      389      647      182      750      416      390      814      472      758      623      799      317      692      472      204      393      
12       671      316      221      914      314      787      334      227      389      856      399      802      0        775      403      639      313      293      784      361      828      528      395      726      457      399      365      536      214      275      474      808      391      475      273      197      464      88       754      193      395      373      564      781      347      253      270      402      832      63       165      491      424      368      123      280      418      786      736      5        762      749      310      348      510      600      390      772      203      410      418      188      641      44       534      104      650      171      406      916      495      
13       826      479      561      657      825      397      797      641      763      648      560      460      775      0        715      245      619      524      674      661      769      568      399      460      330      375      464      342      611      501      664      765      439      319      557      631      593      716      566      584      828      835      329      613      919      876      684      500      586      776      835      295      933      565      747      856      947      766      725      779      650      408      589      658      376      720      848      617      618      413      533      678      819      745      901      714      679      761      376      663      648      
14       269      315      325      558      159      523      118      204      52       495      156      510      403      715      0        487      137      503      408      67       435      198      358      432      418      443      280      376      492      400      93       414      297      549      242      247      138      444      414      345      118      134      394      425      243      259      137      219      490      345      294      444      225      158      281      216      244      390      343      401      391      480      168      78       341      201      141      413      484      321      182      522      240      362      198      460      263      239      395      559      120      
15       581      322      419      462      614      216      581      456      537      438      337      268      639      245      487      0        412      462      444      440      537      324      246      238      198      284      280      115      532      392      425      532      253      307      379      461      356      603      341      449      603      614      93       389      708      681      482      285      379      623      658      172      710      350      578      653      727      530      485      642      419      204      387      440      150      474      625      390      535      231      309      600      574      601      663      607      435      580      246      467      408      
16       391      181      190      601      206      504      179      87       164      542      91       506      313      619      137      412      0        367      470      71       519      215      235      428      301      312      159      296      362      263      171      500      181      419      104      126      150      333      443      213      220      221      320      468      300      270      71       126      521      268      261      331      318      66       206      241      330      479      427      313      448      462      33       58       261      300      236      458      355      207      117      399      364      269      332      348      340      185      270      604      187      
17       751      214      179      857      506      660      502      308      520      811      400      696      293      524      503      462      367      0        768      438      839      519      243      634      266      178      279      398      89       108      528      823      287      205      263      268      479      212      701      166      560      549      422      741      576      495      382      358      769      323      420      290      632      375      331      501      635      808      754      297      741      633      338      425      389      651      567      735      98       287      399      155      727      281      690      204      670      373      224      861      535      
18       254      556      626      160      563      296      523      558      449      98       391      240      784      674      408      444      470      768      0        427      94       259      533      214      545      623      489      411      798      662      319      94       480      698      537      594      320      799      108      658      495      521      400      65       632      667      519      414      130      735      701      545      581      422      671      622      604      103      94       784      26       271      478      440      400      222      519      58       794      484      380      850      271      740      450      812      147      637      563      159      294      
19       323      248      260      568      177      502      141      146      103      507      102      496      361      661      67       440      71       438      427      0        466      187      294      417      355      377      216      326      430      334      112      446      234      483      175      189      119      392      415      282      166      174      347      433      270      263      92       161      493      309      278      383      272      96       244      226      287      424      374      361      407      459      101      14       290      239      187      423      423      259      131      465      296      318      265      408      289      210      330      570      133      
20       222      625      688      205      580      389      541      606      468      158      449      330      828      769      435      537      519      839      94       466      0        321      611      309      628      703      560      498      863      732      354      21       555      783      597      645      373      852      203      718      504      531      490      158      638      685      559      482      210      775      729      632      577      479      710      639      600      47       92       827      118      365      532      480      484      234      526      152      858      561      443      911      247      785      433      866      178      672      643      202      333      
21       269      305      368      386      355      325      315      301      250      327      132      312      528      568      198      324      215      519      259      187      321      0        300      234      332      394      241      232      541      411      112      305      239      486      278      335      68       540      229      399      313      332      239      252      441      449      273      161      307      483      464      346      419      163      420      408      439      289      234      528      235      282      220      197      204      158      338      243      537      250      121      591      256      484      343      553      152      393      335      388      89       
22       559      81       174      615      436      423      413      242      396      570      211      455      395      399      358      246      235      243      533      294      611      300      0        391      69       95       78       158      296      151      344      597      64       193      157      232      279      357      459      204      455      456      185      501      527      477      292      151      526      385      436      104      553      200      349      460      564      584      531      398      506      392      202      286      146      450      472      496      297      49       197      362      540      359      557      361      452      361      37       619      342      
23       409      440      529      230      589      100      549      505      484      199      336      78       726      460      432      238      428      634      214      417      309      234      391      0        380      468      375      240      684      539      343      307      356      523      454      529      299      718      106      563      545      566      220      153      675      680      495      324      143      690      688      371      649      364      632      641      670      311      276      727      192      62       421      424      245      323      570      156      683      350      312      745      413      682      554      727      257      613      412      235      317      
24       600      148      237      609      504      396      480      311      459      570      265      435      457      330      418      198      301      266      545      355      628      332      69       380      0        89       142      140      334      195      393      616      121      155      227      301      325      411      461      264      520      522      161      505      596      547      360      202      521      450      505      34       620      259      417      530      631      606      554      460      518      370      268      349      144      489      537      502      337      96       246      402      583      422      615      413      481      431      51       614      387      
25       653      133      191      695      502      485      485      297      477      654      303      524      399      375      443      284      312      178      623      377      703      394      95       468      89       0        166      228      252      125      437      690      158      106      218      275      373      343      544      210      532      530      250      588      589      528      359      244      607      404      474      112      625      288      382      518      634      678      624      403      596      460      279      368      226      545      546      584      256      144      290      321      634      370      642      342      546      406      60       700      436      
26       490      67       154      587      363      425      338      179      318      537      137      446      365      464      280      280      159      279      489      216      560      241      78       375      142      166      0        171      312      173      271      545      27       269      99       181      210      344      428      188      378      380      199      465      455      412      220      81       500      343      379      173      478      123      298      391      489      530      475      367      463      389      126      208      144      383      395      459      310      52       127      371      469      324      479      352      393      302      114      591      271      
27       500      224      320      468      499      264      466      343      425      430      223      298      536      342      376      115      296      398      411      326      498      232      158      240      140      228      171      0        455      310      322      488      145      289      269      351      251      509      322      353      490      500      27       367      593      565      367      169      380      515      544      135      597      234      468      537      613      481      430      538      384      235      272      325      35       390      512      365      456      128      195      520      489      496      558      515      365      466      174      473      308      
28       753      245      175      900      467      720      470      288      500      850      414      750      214      611      492      532      362      89       798      430      863      541      296      684      334      252      312      455      0        145      531      845      328      293      267      244      492      129      741      148      531      516      481      777      527      439      360      383      812      255      358      362      591      385      277      452      591      828      774      219      772      689      338      416      441      659      534      771      11       334      419      69       726      212      667      118      688      324      287      904      543      
29       644      106      86       758      421      575      412      215      422      709      291      605      275      501      400      392      263      108      662      334      732      411      151      539      195      125      173      310      145      0        420      716      185      206      158      181      370      218      599      92       467      459      336      638      500      428      287      250      669      284      364      227      547      267      271      426      553      700      646      278      636      544      233      321      295      543      477      632      145      189      291      210      620      248      592      218      562      303      145      762      427      
30       223      322      357      466      252      437      211      256      142      403      134      420      474      664      93       425      171      528      319      112      354      112      344      343      393      437      271      322      531      420      0        333      280      538      266      297      71       503      320      383      202      223      335      332      334      352      205      193      397      421      382      414      306      154      356      309      326      312      261      473      300      394      193      126      289      128      227      321      525      299      148      571      200      431      237      518      177      320      382      467      27       
31       201      609      670      220      558      391      519      587      447      170      432      334      808      765      414      532      500      823      94       446      21       305      597      307      616      690      545      488      845      716      333      0        540      771      579      626      354      833      202      701      482      509      481      160      616      663      539      465      217      755      708      621      555      461      690      617      578      25       72       807      115      365      513      460      473      213      504      153      841      547      426      893      226      765      411      847      159      651      629      217      313      
32       495      83       176      572      387      402      361      206      338      524      148      426      391      439      297      253      181      287      480      234      555      239      64       356      121      158      27       145      328      185      280      540      0        258      126      208      215      367      414      210      399      402      173      453      480      438      245      86       484      370      407      149      500      139      325      416      512      526      472      393      454      367      150      228      120      387      417      447      326      26       133      388      476      350      495      374      391      329      101      576      278      
33       751      239      286      753      607      522      590      401      583      718      405      569      475      319      549      307      419      205      698      483      783      486      193      523      155      106      269      289      293      206      538      771      258      0        323      375      472      406      611      298      638      636      304      656      693      628      465      344      666      490      569      153      730      393      476      620      739      762      709      480      671      504      385      474      298      641      652      654      300      239      390      360      732      452      747      402      636      504      156      758      535      
34       489      85       91       652      284      514      267      84       266      598      147      529      273      557      242      379      104      263      537      175      597      278      157      454      227      218      99       269      267      158      266      579      126      323      0        82       225      266      492      121      317      313      296      523      373      319      141      131      567      246      281      261      407      118      199      304      415      561      507      274      512      475      75       163      240      392      329      516      262      150      157      314      464      230      435      277      421      205      186      656      276      
35       513      152      94       718      240      593      234      43       256      661      203      605      197      631      247      461      126      268      594      189      645      335      232      529      301      275      181      351      244      181      297      626      208      375      82       0        274      207      558      102      292      281      378      586      319      253      116      205      635      164      204      336      367      172      118      246      372      606      553      198      570      554      115      175      322      426      299      578      236      231      221      275      485      153      424      221      467      131      255      721      314      
36       280      267      317      453      290      387      250      237      190      393      79       378      464      593      138      356      150      479      320      119      373      68       279      299      325      373      210      251      492      370      71       354      215      472      225      274      0        480      297      346      256      272      265      319      379      381      205      129      376      417      396      344      363      107      353      342      382      336      282      464      297      344      159      128      218      173      280      309      487      232      83       538      260      419      307      494      196      325      316      455      62       
37       713      285      190      919      381      769      394      247      439      864      408      791      88       716      444      603      333      212      799      392      852      540      357      718      411      343      344      509      129      218      503      833      367      406      266      207      480      0        758      157      456      436      537      789      425      333      306      397      834      140      247      444      498      377      182      354      494      813      760      93       776      734      321      378      487      632      454      781      118      381      422      101      684      99       595      18       674      233      360      922      520      
38       329      495      575      160      573      190      532      527      462      110      355      138      754      566      414      341      443      701      108      415      203      229      459      106      461      544      428      322      741      599      320      202      414      611      492      558      297      758      0        608      517      540      307      48       652      672      503      362      78       711      693      457      614      386      649      630      636      208      181      754      88       162      444      425      318      262      542      50       738      413      337      798      338      710      499      769      186      623      486      164      293      
39       604      129      33       769      340      612      336      144      357      716      269      634      193      584      345      449      213      166      658      282      718      399      204      563      264      210      188      353      148      92       383      701      210      298      121      102      346      157      608      0        395      383      380      642      413      338      218      246      683      194      272      298      467      239      179      339      470      682      628      196      633      577      190      269      330      511      401      635      142      224      278      192      578      160      526      164      542      213      213      772      395      
40       303      399      383      652      85       639      62       252      66       588      268      622      395      828      118      603      220      560      495      166      504      313      455      545      520      532      378      490      531      467      202      482      399      638      317      292      256      456      517      395      0        27       510      522      136      186      179      328      591      332      250      548      107      263      275      140      126      457      418      392      482      596      254      171      455      274      25       510      522      424      295      547      272      361      139      474      349      225      491      652      228      
41       331      397      374      677      59       658      47       243      82       614      277      643      373      835      134      614      221      549      521      174      531      332      456      566      522      530      380      500      516      459      223      509      402      636      313      281      272      436      540      383      27       0        521      546      112      158      172      335      615      310      224      552      98       269      255      112      112      484      445      370      507      614      254      176      465      301      18       535      506      428      305      530      300      340      161      454      374      204      491      678      250      
42       504      251      348      450      521      239      487      370      444      414      244      274      564      329      394      93       320      422      400      347      490      239      185      220      161      250      199      27       481      336      335      481      173      304      296      378      265      537      307      380      510      521      0        354      615      590      391      193      362      543      570      150      617      257      495      561      633      475      426      566      374      210      297      347      58       395      532      352      482      155      215      547      494      524      572      543      365      492      198      455      319      
43       307      532      609      134      583      231      542      554      470      74       383      174      781      613      425      389      468      741      65       433      158      252      501      153      505      588      465      367      777      638      332      160      453      656      523      586      319      789      48       642      522      546      354      0        658      684      523      395      73       736      711      503      614      414      672      641      636      169      151      781      53       207      471      445      361      256      546      12       775      454      367      833      321      737      491      801      178      643      528      136      305      
44       429      458      413      789      94       766      129      292      192      725      372      753      347      919      243      708      300      576      632      270      638      441      527      675      596      589      455      593      527      500      334      616      480      693      373      319      379      425      652      413      136      112      615      658      0        95       235      424      727      286      182      628      84       358      250      75       72       590      553      343      619      723      329      269      558      411      112      647      516      506      401      525      399      325      232      443      485      203      559      789      361      
45       489      402      342      818      105      765      144      235      217      755      355      759      253      876      259      681      270      495      667      263      685      449      477      680      547      528      412      565      439      428      352      663      438      628      319      253      381      333      672      338      186      158      590      684      95       0        198      396      749      193      87       581      176      334      163      46       166      638      596      248      650      722      293      257      531      451      169      673      428      464      383      433      458      233      309      350      520      124      505      819      379      
46       406      226      204      658      144      573      126      73       140      597      160      574      270      684      137      482      71       382      519      92       559      273      292      495      360      359      220      367      360      287      205      539      245      465      141      116      205      306      503      218      179      172      391      523      235      198      0        198      581      216      193      392      265      137      151      172      274      516      466      268      499      531      95       79       332      330      190      513      351      271      188      386      377      227      308      323      382      120      324      660      226      
47       409      143      213      522      329      388      298      185      263      469      63       400      402      500      219      285      126      358      414      161      482      161      151      324      202      244      81       169      383      250      193      465      86       344      131      205      129      397      362      246      328      335      193      395      424      396      198      0        437      368      382      226      433      65       313      368      447      450      396      403      389      348      106      158      135      302      348      388      380      106      46       437      389      358      414      407      312      304      188      526      191      
48       380      566      649      88       649      190      608      605      537      62       433      128      832      586      490      379      521      769      130      493      210      307      526      143      521      607      500      380      812      669      397      217      484      666      567      635      376      834      78       683      591      615      362      73       727      749      581      437      0        789      771      513      685      463      727      706      707      232      221      832      125      180      521      504      381      328      615      85       810      481      414      871      394      787      564      844      250      701      550      93       370      
49       612      304      215      869      251      757      271      185      328      810      357      767      63       776      345      623      268      323      735      309      775      483      385      690      450      404      343      515      255      284      421      755      370      490      246      164      417      140      711      194      332      310      543      736      286      193      216      368      789      0        107      485      362      327      65       218      356      732      683      59       714      717      269      296      486      544      326      726      244      392      379      241      582      43       471      157      598      109      401      872      443      
