

sets
i        orders          /0*80/
k        routes          /1*80/
p        positions       /0*80/
;

alias(i,j)
alias(i,h)
alias(i,hh)
alias(i,jj)
alias(k,kk)
                            Parameters

rho(i)	Processing time
/
0	0
1	61
2	16
3	35
4	9
5	30
6	6
7	95
8	60
9	13
10	8
11	98
12	73
13	58
14	13
15	5
16	88
17	58
18	68
19	37
20	20
21	48
22	91
23	29
24	33
25	29
26	21
27	28
28	12
29	29
30	21
31	78
32	19
33	38
34	23
35	60
36	56
37	35
38	39
39	6
40	85
41	26
42	83
43	37
44	67
45	31
46	54
47	49
48	11
49	59
50	74
51	38
52	72
53	61
54	45
55	71
56	3
57	51
58	30
59	92
60	44
61	86
62	91
63	12
64	84
65	98
66	91
67	27
68	14
69	43
70	41
71	74
72	77
73	50
74	23
75	49
76	48
77	52
78	61
79	85
80	36
/

gamma(i)	Duedate
/
0	0
1	17
2	12
3	78
4	39
5	55
6	29
7	29
8	25
9	82
10	49
11	2
12	59
13	65
14	20
15	1
16	64
17	46
18	85
19	64
20	65
21	14
22	45
23	5
24	44
25	57
26	49
27	35
28	66
29	3
30	79
31	18
32	30
33	37
34	98
35	98
36	3
37	87
38	21
39	94
40	5
41	11
42	88
43	67
44	45
45	36
46	48
47	64
48	90
49	67
50	60
51	34
52	38
53	53
54	79
55	56
56	12
57	1
58	96
59	5
60	55
61	2
62	10
63	91
64	22
65	18
66	41
67	41
68	41
69	11
70	28
71	77
72	24
73	18
74	49
75	26
76	9
77	65
78	54
79	18
80	25
/

sigma(i)	Size
/
0	0
1	2
2	7
3	7
4	3
5	1
6	8
7	6
8	4
9	3
10	2
11	2
12	8
13	9
14	9
15	2
16	9
17	7
18	9
19	5
20	2
21	7
22	1
23	1
24	6
25	1
26	9
27	6
28	2
29	6
30	8
31	5
32	5
33	1
34	4
35	2
36	2
37	8
38	4
39	5
40	4
41	5
42	4
43	6
44	5
45	1
46	7
47	3
48	5
49	7
50	6
51	1
52	5
53	9
54	5
55	4
56	6
57	4
58	1
59	5
60	6
61	4
62	1
63	6
64	4
65	4
66	2
67	2
68	7
69	9
70	2
71	8
72	6
73	3
74	7
75	3
76	9
77	8
78	2
79	2
80	9
/

epsilon(i)	Priority
/
0	0
1	8
2	6
3	9
4	5
5	2
6	9
7	4
8	8
9	9
10	3
11	1
12	8
13	4
14	8
15	8
16	4
17	4
18	6
19	2
20	7
21	3
22	4
23	3
24	5
25	8
26	1
27	6
28	3
29	2
30	8
31	4
32	2
33	2
34	8
35	1
36	1
37	4
38	2
39	4
40	3
41	6
42	3
43	4
44	6
45	6
46	8
47	1
48	6
49	3
50	1
51	7
52	7
53	5
54	4
55	9
56	9
57	9
58	4
59	8
60	5
61	6
62	3
63	1
64	7
65	9
66	3
67	4
68	9
69	1
70	4
71	5
72	2
73	9
74	3
75	1
76	1
77	8
78	5
79	6
80	1
/

psi	Vehicle Capacity
/ 160 /
;

Table kappa(i,j)                 Setup
         0        1        2        3        4        5        6        7        8        9        10       11       12       13       14       15       16       17       18       19       20       21       22       23       24       25       26       27       28       29       30       31       32       33       34       35       36       37       38       39       40       41       42       43       44       45       46       47       48       49       50       51       52       53       54       55       56       57       58       59       60       61       62       63       64       65       66       67       68       69       70       71       72       73       74       75       76       77       78       79       80       
0        0        354      171      618      574      445      369      313      346      400      178      326      359      190      355      227      354      293      293      239      212      151      408      360      69       194      586      628      545      179      388      506      283      439      214      429      686      466      335      524      469      279      598      440      293      100      358      116      438      479      345      450      430      408      203      240      613      498      696      372      450      195      326      560      313      79       561      592      391      334      329      216      166      737      399      340      181      352      237      323      319      
1        354      0        445      533      663      160      684      57       100      238      530      671      616      438      304      126      299      367      645      572      268      445      657      479      418      375      535      873      756      326      257      586      400      206      485      751      574      756      388      496      506      507      650      256      630      454      249      470      128      156      688      141      105      660      228      154      664      606      632      667      567      421      641      415      660      326      407      658      304      277      678      557      484      642      425      681      444      116      116      105      563      
2        171      445      0        788      739      570      451      391      470      552      170      252      487      31       521      330      519      465      254      320      199      27       535      528      130      364      757      742      680      350      545      673      454      579      45       494      854      561      506      696      640      430      766      590      202      179      515      169      488      530      385      498      491      533      360      295      781      662      867      473      615      357      413      722      246      131      722      759      555      497      267      286      67       907      570      255      13       480      342      449      459      
3        618      533      788      0        297      400      678      570      434      296      748      893      538      802      272      538      275      331      838      659      714      770      541      328      677      442      57       657      526      441      281      263      358      337      832      737      74       667      292      112      206      471      238      279      881      663      300      685      649      657      759      659      621      548      436      623      243      309      99       628      316      475      655      131      878      665      145      260      247      299      885      674      781      119      232      914      796      418      530      437      501      
4        574      663      739      297      0        585      466      677      569      453      638      756      327      762      361      608      366      313      695      501      744      714      307      215      610      382      242      366      242      413      424      77       301      523      776      510      356      418      281      218      160      319      65       462      762      572      421      590      792      815      569      804      767      314      472      689      70       77       282      411      123      382      458      388      742      645      403      42       373      387      742      528      707      347      238      781      750      556      606      558      316      
5        445      160      570      400      585      0        715      214      99       132      621      771      620      569      234      241      230      337      735      624      416      564      652      438      514      391      413      852      725      348      162      512      379      64       614      785      429      767      340      388      425      511      558      127      737      536      174      556      253      258      744      262      225      657      259      302      571      542      499      687      511      442      676      273      758      442      262      570      213      218      774      618      597      500      354      785      572      92       229      122      566      
6        369      684      451      678      466      715      0        657      637      614      285      335      142      482      518      565      520      401      276      133      578      424      160      352      343      324      625      304      287      368      587      441      358      681      467      69       752      113      422      566      472      219      523      649      363      286      561      286      790      829      111      803      777      153      464      602      533      403      713      55       373      273      43       692      323      442      701      505      557      517      315      165      389      773      460      359      464      634      572      614      177      
7        313      57       391      570      677      214      657      0        137      274      485      622      601      382      325      92       320      371      599      540      211      392      643      482      373      361      567      863      751      312      289      599      399      254      430      723      615      735      397      524      524      494      669      298      580      413      276      428      133      171      654      146      119      646      219      97       684      616      668      645      574      403      614      458      612      277      450      675      332      296      630      523      433      683      441      632      389      154      86       133      548      
8        346      100      470      434      569      99       637      137      0        138      524      672      553      470      207      142      203      285      638      537      323      465      590      394      416      315      435      799      678      268      157      492      322      119      514      705      477      697      299      396      410      443      553      160      637      440      150      459      224      245      657      236      198      594      173      211      567      515      533      613      478      365      595      320      660      342      313      561      204      182      676      528      497      545      330      686      472      16       130      24       499      
9        400      238      552      296      453      132      614      274      138      0        566      718      506      558      105      253      102      218      675      538      437      540      534      311      469      295      297      726      597      260      30       379      262      74       597      682      341      654      214      263      292      400      429      39       691      477      52       499      358      372      657      369      330      539      196      334      441      410      394      580      380      345      577      186      704      421      181      440      81       97       718      538      564      408      222      735      556      122      243      141      453      
10       178      530      170      748      638      621      285      485      524      566      0        152      346      201      505      403      505      417      115      162      338      145      391      446      111      305      708      585      538      316      550      583      391      612      181      325      820      398      456      644      570      318      677      606      132      89       520      67       604      646      214      615      600      388      371      402      691      562      814      314      518      275      252      710      138      213      713      666      544      489      152      128      105      863      517      170      183      529      414      500      331      
11       326      671      252      893      756      771      335      622      672      718      152      0        440      276      656      546      656      563      61       255      449      239      478      579      256      452      849      635      618      467      702      709      534      764      234      345      966      443      601      786      707      442      801      758      54       241      672      219      732      775      228      743      732      472      523      533      814      682      954      381      641      417      318      860      14       345      864      788      695      640      23       229      193      1005     660      25       261      678      557      649      440      
12       359      616      487      538      327      620      142      601      553      506      346      440      0        516      403      510      406      287      378      189      569      460      48       218      361      240      484      270      193      290      477      298      243      577      515      199      612      148      299      427      332      110      381      537      455      308      454      319      734      769      241      747      717      48       388      565      392      261      570      90       231      197      131      562      426      439      572      364      440      408      424      221      438      631      329      465      501      547      514      532      54       
13       190      438      31       802      762      569      482      382      470      558      201      276      516      0        533      328      531      483      282      351      183      58       565      550      157      385      773      773      709      368      553      695      474      581      49       526      867      592      524      712      659      456      788      596      224      208      524      199      474      516      416      483      478      563      370      286      803      685      883      503      638      380      444      732      271      138      731      782      565      509      293      317      97       922      588      277      18       481      340      450      487      
14       355      304      521      272      361      234      518      325      207      105      505      656      403      533      0        273      4        117      607      454      444      504      429      206      419      210      253      620      491      188      75       285      161      180      566      586      335      551      108      202      202      300      346      133      635      416      61       438      431      453      569      444      406      435      164      359      360      311      362      481      278      257      483      206      641      395      208      354      41       29       652      458      521      392      123      675      528      194      267      198      351      
15       227      126      330      538      608      241      565      92       142      253      403      546      510      328      273      0        270      296      518      449      184      327      554      405      292      273      526      775      666      224      259      531      319      259      373      631      591      644      327      476      462      404      608      286      507      327      237      343      225      263      564      238      211      556      138      85       622      543      632      553      499      313      522      439      535      205      435      611      291      244      553      433      363      655      378      557      331      154      12       124      459      
16       354      299      519      275      366      230      520      320      203      102      505      656      406      531      4        270      0        119      607      455      441      503      433      209      419      211      256      624      495      188      72       289      163      176      564      588      337      554      112      206      207      303      351      130      635      415      56       438      427      448      571      439      401      438      161      355      365      315      365      483      282      258      485      206      641      393      209      358      40       25       652      459      520      394      128      675      526      189      263      194      354      
17       293      367      465      331      313      337      401      371      285      218      417      563      287      483      117      296      119      0        510      344      434      444      316      111      348      111      294      516      393      114      189      236      44       290      508      469      403      435      41       232      179      183      320      250      549      331      167      353      495      523      457      508      472      321      158      375      335      246      404      364      203      149      367      303      548      351      309      320      156      121      557      353      451      448      105      584      474      275      295      268      235      
18       293      645      254      838      695      735      276      599      638      675      115      61       378      282      607      518      607      510      0        193      441      235      416      521      226      400      793      578      557      419      657      649      479      724      246      291      911      385      547      730      649      382      741      714      90       199      627      179      716      758      173      727      713      411      482      515      754      622      896      320      581      362      257      810      48       325      815      727      647      593      48       169      188      949      605      86       265      643      529      614      379      
19       239      572      320      659      501      624      133      540      537      538      162      255      189      351      454      449      455      344      193      0        446      292      232      335      210      244      611      424      377      279      516      457      307      599      339      189      733      241      376      548      463      192      548      576      266      152      487      153      670      710      119      683      660      227      365      477      560      428      711      153      388      196      94       648      240      310      654      534      495      447      241      34       261      766      428      279      333      537      457      513      185      
20       212      268      199      714      744      416      578      211      323      437      338      449      569      183      444      184      441      434      441      446      0        210      617      529      240      368      697      839      750      331      440      669      443      442      232      635      771      677      472      642      612      480      754      471      400      295      416      301      291      333      541      300      296      617      284      115      769      671      806      584      624      388      536      622      442      136      618      754      467      415      462      419      256      833      531      453      193      336      195      307      525      
21       151      445      27       770      714      564      424      392      465      540      145      239      460      58       504      327      503      444      235      292      210      0        508      504      104      342      738      715      653      330      532      649      432      570      63       468      837      534      486      676      618      404      742      579      191      152      502      142      495      538      360      505      496      506      346      299      757      637      848      445      590      332      386      708      232      122      708      735      539      482      253      259      46       889      550      244      41       473      339      443      432      
22       408      657      535      541      307      652      160      643      590      534      391      478      48       565      429      554      433      316      416      232      617      508      0        233      410      282      485      223      146      331      504      289      273      607      562      204      613      128      323      431      335      149      365      563      496      356      483      366      776      811      268      789      758      7        428      610      375      248      564      105      226      241      161      575      464      488      586      346      464      437      460      265      485      627      344      503      549      583      557      570      95       
23       360      479      528      328      215      438      352      482      394      311      446      579      218      550      206      405      209      111      521      335      529      504      233      0        401      166      277      414      286      198      281      145      87       386      568      415      402      360      98       216      128      143      237      336      576      370      265      390      606      635      431      619      584      240      266      481      252      142      376      305      95       174      327      344      564      430      354      231      236      220      569      353      502      431      111      603      539      384      404      379      175      
24       69       418      130      677      610      514      343      373      416      469      111      256      361      157      419      292      419      348      226      210      240      104      410      401      0        241      642      623      553      236      456      546      331      509      166      397      747      449      389      580      517      299      639      509      223      57       426      61       493      536      301      505      488      408      272      292      654      533      752      357      486      228      303      625      244      106      627      632      457      400      261      180      103      795      453      270      142      421      303      392      330      
25       194      375      364      442      382      391      324      361      315      295      305      452      240      385      210      273      211      111      400      244      368      342      282      166      241      0        403      501      394      49       271      311      90       358      405      393      514      382      150      340      276      132      403      332      438      220      243      242      494      529      362      507      476      285      147      337      418      306      512      298      259      50       284      410      438      263      415      398      251      202      447      248      345      558      213      473      374      311      276      293      187      
26       586      535      757      57       242      413      625      567      435      297      708      849      484      773      253      526      256      294      793      611      697      738      485      277      642      403      0        600      469      407      278      206      316      349      801      683      128      611      253      63       152      421      186      287      840      624      291      646      655      667      709      666      627      493      414      611      192      252      110      574      260      433      603      161      835      638      176      207      236      282      841      628      746      155      190      872      766      419      518      434      449      
27       628      873      742      657      366      852      304      863      799      726      585      635      270      773      620      775      624      516      578      424      839      715      223      414      623      501      600      0        133      550      695      396      477      800      764      293      721      192      512      561      473      370      431      750      666      567      679      573      995      1028     406      1008     976      222      645      833      433      350      648      270      359      463      333      726      624      707      739      408      649      634      614      458      686      713      513      659      756      791      778      781      317      
28       545      756      680      526      242      725      287      751      678      597      538      618      193      709      491      666      495      393      557      377      750      653      146      286      553      394      469      133      0        441      566      264      356      671      708      307      592      201      384      428      339      270      307      619      639      501      551      512      881      912      398      894      861      149      531      731      312      218      524      237      226      363      300      593      605      625      606      285      519      507      599      410      631      589      381      643      693      668      668      660      225      
29       179      326      350      441      413      348      368      312      268      260      316      467      290      368      188      224      188      114      419      279      331      330      331      198      236      49       407      550      441      0        240      339      112      320      394      437      510      431      156      345      292      181      428      299      447      227      210      250      444      479      398      458      427      334      98       291      443      340      517      345      293      96       328      394      453      238      397      425      228      174      464      277      340      559      220      486      360      265      227      246      237      
30       388      257      545      281      424      162      587      289      157      30       550      702      477      553      75       259      72       189      657      516      440      532      504      281      456      271      278      695      566      240      0        350      234      105      590      656      332      625      183      239      263      372      401      61       678      461      30       483      380      397      633      392      353      510      185      342      415      380      378      553      350      321      551      182      688      414      179      412      51       70       701      517      554      397      191      720      550      141      250      156      424      
31       506      586      673      263      77       512      441      599      492      379      583      709      298      695      285      531      289      236      649      457      669      649      289      145      546      311      206      396      264      339      350      0        227      451      712      493      331      412      203      166      88       267      93       391      711      512      345      531      714      738      537      727      690      297      394      611      108      46       275      387      68       317      426      334      694      575      348      86       298      310      697      480      645      338      161      733      684      479      528      481      275      
32       283      400      454      358      301      379      358      399      322      262      391      534      243      474      161      319      163      44       479      307      443      432      273      87       331      90       316      477      356      112      234      227      0        334      495      425      432      391      69       253      186      139      316      294      523      308      211      329      526      557      417      540      505      278      181      394      331      228      423      320      183      116      324      341      519      348      348      313      199      165      527      317      434      472      126      556      464      314      319      304      190      
33       439      206      579      337      523      64       681      254      119      74       612      764      577      581      180      259      176      290      724      599      442      570      607      386      509      358      349      800      671      320      105      451      334      0        624      750      370      725      288      324      363      470      495      62       733      524      123      545      312      320      718      322      284      612      241      331      507      483      436      649      454      409      643      212      750      448      203      507      154      169      765      596      599      440      295      779      582      105      247      135      524      
34       214      485      45       832      776      614      467      430      514      597      181      234      515      49       566      373      564      508      246      339      232      63       562      568      166      405      801      764      708      394      590      712      495      624      0        505      899      578      549      739      681      464      805      636      180      209      561      196      523      565      392      532      527      559      406      334      820      699      911      493      653      395      432      768      230      176      767      798      600      543      251      305      77       951      613      232      42       524      385      493      489      
35       429      751      494      737      510      785      69       723      705      682      325      345      199      526      586      631      588      469      291      189      635      468      204      415      397      393      683      293      307      437      656      493      425      750      505      0        811      108      489      626      531      286      570      717      381      340      630      337      855      894      118      868      843      196      533      665      579      452      767      109      427      342      110      757      335      499      766      551      625      586      323      216      430      829      525      368      508      703      638      682      241      
36       686      574      854      74       356      429      752      615      477      341      820      966      612      867      335      591      337      403      911      733      771      837      613      402      747      514      128      721      592      510      332      331      432      370      899      811      0        739      365      186      279      545      294      317      953      734      355      756      682      687      834      691      654      621      499      675      295      377      97       702      388      548      729      158      951      730      167      316      305      360      959      748      850      71       306      987      862      461      582      483      576      
37       466      756      561      667      418      767      113      735      697      654      398      443      148      592      551      644      554      435      385      241      677      534      128      360      449      382      611      192      201      431      625      412      391      725      578      108      739      0        446      558      463      256      481      685      474      391      602      394      869      906      214      882      854      121      529      690      489      368      686      93       351      335      147      703      432      542      714      460      587      556      422      274      501      750      471      467      574      692      649      676      201      
38       335      388      506      292      281      340      422      397      299      214      456      601      299      524      108      327      112      41       547      376      472      486      323      98       389      150      253      512      384      156      183      203      69       288      549      489      365      446      0        190      140      203      283      240      588      371      166      393      516      542      485      529      493      329      192      408      298      219      362      381      179      184      390      273      586      393      280      284      141      122      594      386      493      408      64       622      516      288      324      285      249      
39       524      496      696      112      218      388      566      524      396      263      644      786      427      712      202      476      206      232      730      548      642      676      431      216      580      340      63       561      428      345      239      166      253      324      739      626      186      558      190      0        95       359      175      261      776      560      248      582      620      636      648      632      593      438      358      561      186      210      172      516      210      369      543      170      771      578      184      192      192      231      778      564      683      219      127      808      704      381      469      393      389      
40       469      506      640      206      160      425      472      524      410      292      570      707      332      659      202      462      207      179      649      463      612      618      335      128      517      276      152      473      339      292      263      88       186      363      681      531      279      463      140      95       0        271      146      303      702      491      261      512      634      655      557      646      609      343      330      545      160      126      247      422      116      295      451      253      692      530      266      151      212      229      697      481      620      303      83       730      650      396      457      401      297      
41       279      507      430      471      319      511      219      494      443      400      318      442      110      456      300      404      303      183      382      192      480      404      149      143      299      132      421      370      270      181      372      267      139      470      464      286      545      256      203      359      271      0        360      433      444      255      348      272      626      661      288      640      608      152      278      464      373      243      519      180      200      93       188      474      427      358      483      348      339      303      430      213      391      575      245      466      442      437      408      422      56       
42       598      650      766      238      65       558      523      669      553      429      677      801      381      788      346      608      351      320      741      548      754      742      365      237      639      403      186      431      307      428      401      93       316      495      805      570      294      481      283      175      146      360      0        432      804      605      403      625      778      798      623      790      752      373      475      690      15       121      217      468      160      411      512      341      787      665      356      23       350      374      789      572      739      282      229      826      777      539      604      545      364      
43       440      256      590      279      462      127      649      298      160      39       606      758      537      596      133      286      130      250      714      576      471      579      563      336      509      332      287      750      619      299      61       391      294      62       636      717      317      685      240      261      303      433      432      0        731      517      89       538      370      380      694      380      342      569      236      365      444      425      378      613      398      382      612      159      744      459      152      445      100      131      758      577      604      386      239      775      595      144      276      168      485      
44       293      630      202      881      762      737      363      580      637      691      132      54       455      224      635      507      635      549      90       266      400      191      496      576      223      438      840      666      639      447      678      711      523      733      180      381      953      474      588      776      702      444      804      731      0        219      647      197      686      729      262      696      686      491      495      488      817      687      946      404      644      408      340      841      53       303      844      792      674      618      74       236      147      995      649      53       210      644      518      614      449      
45       100      454      179      663      572      536      286      413      440      477      89       241      308      208      416      327      415      331      199      152      295      152      356      370      57       220      624      567      501      227      461      512      308      524      209      340      734      391      371      560      491      255      605      517      219      0        430      22       538      579      248      550      531      354      283      339      620      495      732      299      449      196      245      621      227      160      624      596      455      399      241      123      135      779      433      259      192      444      337      416      280      
46       358      249      515      300      421      174      561      276      150      52       520      672      454      524      61       237      56       167      627      487      416      502      483      265      426      243      291      679      551      210      30       345      211      123      561      630      355      602      166      248      261      348      403      89       647      430      0        452      375      395      605      387      349      488      155      322      416      372      395      528      339      293      524      208      658      386      207      412      56       45       671      487      524      418      184      690      521      135      229      144      401      
47       116      470      169      685      590      556      286      428      459      499      67       219      319      199      438      343      438      353      179      153      301      142      366      390      61       242      646      573      512      250      483      531      329      545      196      337      756      394      393      582      512      272      625      538      197      22       452      0        551      593      240      563      545      364      304      351      639      513      753      304      468      217      247      644      205      167      647      615      477      422      219      122      120      801      455      237      183      463      354      435      294      
48       438      128      488      649      792      253      790      133      224      358      604      732      734      474      431      225      427      495      716      670      291      495      776      606      493      494      655      995      881      444      380      714      526      312      523      855      682      869      516      620      634      626      778      370      686      538      375      551      0        42       782      13       28       779      350      201      791      735      748      778      696      536      746      525      723      390      514      786      429      405      743      652      539      752      553      739      484      239      219      233      681      
49       479      156      530      657      815      258      829      171      245      372      646      775      769      516      453      263      448      523      758      710      333      538      811      635      536      529      667      1028     912      479      397      738      557      320      565      894      687      906      542      636      655      661      798      380      729      579      395      593      42       0        823      33       52       814      383      243      811      760      756      816      722      572      785      531      766      433      520      807      447      428      786      692      582      758      576      782      526      259      257      257      716      
