
sets
i        orders          /0*10/
k        routes          /1*10/
p        positions       /0*10/
;

alias(i,j)
alias(i,h)
alias(i,hh)
alias(i,jj)
alias(k,kk)
                
                    Parameters

rho(i)	Processing time
/
0	0
1	86
2	86
3	54
4	88
5	9
6	81
7	84
8	30
9	13
10	51
/

gamma(i)	Duedate
/
0	0
1	42
2	62
3	49
4	97
5	76
6	82
7	18
8	97
9	49
10	21
/

sigma(i)	Size
/
0	0
1	2
2	3
3	8
4	9
5	2
6	8
7	8
8	9
9	7
10	5
/

epsilon(i)	Priority
/
0	0
1	6
2	4
3	6
4	4
5	8
6	2
7	8
8	5
9	3
10	7
/

psi	Vehicle Capacity
/ 42 /
;

Table kappa(i,j)                 Setup
         0        1        2        3        4        5        6        7        8        9        10       
0        0        41       70       77       61       111      92       53       102      55       114      
1        41       0        34       46       36       74       76       24       63       15       81       
2        70       34       0        15       19       41       52       18       32       20       47       
3        77       46       15       0        17       35       38       24       32       34       36       
4        61       36       19       17       0        52       40       12       48       29       53       
5        111      74       41       35       52       0        59       58       13       59       17       
6        92       76       52       38       40       59       0        52       64       69       48       
7        53       24       18       24       12       58       52       0        50       18       61       
8        102      63       32       32       48       13       64       50       0        48       29       
9        55       15       20       34       29       59       69       18       48       0        67       
10       114      81       47       36       53       17       48       61       29       67       0        
;



Table delta(i,j)                 Distance
         0        1        2        3        4        5        6        7        8        9        10       
0        0        204      196      135      141      205      40       237      262      157      21       
1        204      0        292      105      307      159      227      249      262      47       200      
2        196      292      0        187      104      162      231      102      123      256      217      
3        135      105      187      0        206      87       171      160      179      69       142      
4        141      307      104      206      0        225      163      197      221      262      161      
5        205      159      162      87       225      0        244      91       102      144      217      
6        40       227      231      171      163      244      0        277      302      181      29       
7        237      249      102      160      197      91       277      0        26       227      254      
8        262      262      123      179      221      102      302      26       0        243      279      
9        157      47       256      69       262      144      181      227      243      0        154      
10       21       200      217      142      161      217      29       254      279      154      0        
;

