
sets
i        orders          /0*10/
k        routes          /1*10/
p        positions       /0*10/
;

alias(i,j)
alias(i,h)
alias(i,hh)
alias(i,jj)
alias(k,kk)
                
                    Parameters

rho(i)	Processing time
/
0	0
1	93
2	33
3	92
4	77
5	2
6	63
7	62
8	3
9	50
10	15
/

gamma(i)	Duedate
/
0	0
1	34
2	18
3	34
4	91
5	82
6	13
7	28
8	14
9	71
10	3
/

sigma(i)	Size
/
0	0
1	3
2	2
3	1
4	6
5	7
6	5
7	9
8	5
9	1
10	5
/

epsilon(i)	Priority
/
0	0
1	3
2	4
3	6
4	9
5	7
6	8
7	8
8	5
9	2
10	6
/

psi	Vehicle Capacity
/ 38 /
;

Table kappa(i,j)                 Setup
         0        1        2        3        4        5        6        7        8        9        10       
0        0        63       58       14       85       94       55       94       104      36       51       
1        63       0        45       70       32       33       87       34       76       63       27       
2        58       45       0        71       40       58       49       55       46       81       19       
3        14       70       71       0        95       102      68       103      117      26       62       
4        85       32       40       95       0        19       89       16       49       93       34       
5        94       33       58       102      19       0        106      4        67       96       48       
6        55       87       49       68       89       106      0        104      78       91       61       
7        94       34       55       103      16       4        104      0        63       97       46       
8        104      76       46       117      49       67       78       63       0        126      60       
9        36       63       81       26       93       96       91       97       126      0        66       
10       51       27       19       62       34       48       61       46       60       66       0        
;



Table delta(i,j)                 Distance
         0        1        2        3        4        5        6        7        8        9        10       
0        0        256      191      69       225      197      119      169      233      154      262      
1        256      0        146      296      39       59       146      115      51       114      94       
2        191      146      0        197      146      118      148      48       96       148      88       
3        69       296      197      0        271      239      175      191      263      209      280      
4        225      39       146      271      0        33       110      106      66       77       118      
5        197      59       118      239      33       0        87       74       57       59       109      
6        119      146      148      175      110      87       0        103      138      35       182      
7        169      115      48       191      106      74       103      0        73       100      93       
8        233      51       96       263      66       57       138      73       0        115      52       
9        154      114      148      209      77       59       35       100      115      0        164      
10       262      94       88       280      118      109      182      93       52       164      0        
;

