
sets
i        orders          /0*10/
k        routes          /1*10/
p        positions       /0*10/
;

alias(i,j)
alias(i,h)
alias(i,hh)
alias(i,jj)
alias(k,kk)
                
                    Parameters

rho(i)	Processing time
/
0	0
1	62
2	60
3	91
4	3
5	20
6	87
7	69
8	96
9	72
10	99
/

gamma(i)	Duedate
/
0	0
1	20
2	86
3	81
4	26
5	40
6	3
7	30
8	49
9	20
10	46
/

sigma(i)	Size
/
0	0
1	5
2	7
3	4
4	6
5	5
6	2
7	9
8	5
9	1
10	6
/

epsilon(i)	Priority
/
0	0
1	7
2	5
3	4
4	3
5	9
6	2
7	7
8	9
9	7
10	1
/

psi	Vehicle Capacity
/ 31 /
;

Table kappa(i,j)                 Setup
         0        1        2        3        4        5        6        7        8        9        10       
0        0        58       85       98       71       3        114      85       97       57       62       
1        58       0        77       85       84       55       97       48       62       50       32       
2        85       77       0        13       27       85       30       42       41       30       45       
3        98       85       13       0        40       98       16       44       38       42       52       
4        71       84       27       40       0        73       55       63       66       35       55       
5        3        55       85       98       73       0        115      83       96       57       61       
6        114      97       30       16       55       115      0        51       42       58       65       
7        85       48       42       44       63       83       51       0        14       35       22       
8        97       62       41       38       66       96       42       14       0        44       36       
9        57       50       30       42       35       57       58       35       44       0        21       
10       62       32       45       52       55       61       65       22       36       21       0        
;



Table delta(i,j)                 Distance
         0        1        2        3        4        5        6        7        8        9        10       
0        0        268      264      137      27       177      251      123      18       249      61       
1        268      0        164      187      270      144      16       220      273      40       232      
2        264      164      0        268      282      90       162      152      258      191      205      
3        137      187      268      0        121      184      171      193      152      153      150      
4        27       270      282      121      0        193      253      147      45       247      84       
5        177      144      90       184      193      0        134      82       173      153      121      
6        251      16       162      171      253      134      0        207      257      31       217      
7        123      220      152      193      147      82       207      0        113      221      63       
8        18       273      258      152      45       173      257      113      0        256      53       
9        249      40       191      153      247      153      31       221      256      0        222      
10       61       232      205      150      84       121      217      63       53       222      0        
;

