
sets
i        orders          /0*10/
k        routes          /1*10/
p        positions       /0*10/
;

alias(i,j)
alias(i,h)
alias(i,hh)
alias(i,jj)
alias(k,kk)
                
                    Parameters

rho(i)	Processing time
/
0	0
1	18
2	14
3	38
4	4
5	53
6	34
7	95
8	97
9	95
10	52
/

gamma(i)	Duedate
/
0	0
1	31
2	97
3	95
4	52
5	57
6	45
7	68
8	70
9	98
10	39
/

sigma(i)	Size
/
0	0
1	7
2	2
3	6
4	5
5	9
6	1
7	5
8	5
9	4
10	2
/

epsilon(i)	Priority
/
0	0
1	5
2	1
3	5
4	9
5	4
6	4
7	5
8	4
9	4
10	7
/

psi	Vehicle Capacity
/ 35 /
;

Table kappa(i,j)                 Setup
         0        1        2        3        4        5        6        7        8        9        10       
0        0        99       7        75       44       55       55       60       72       93       79       
1        99       0        97       34       69       75       53       64       69       50       49       
2        7        97       0        75       47       49       50       54       75       94       80       
3        75       34       75       0        37       72       48       64       36       26       18       
4        44       69       47       37       0        69       51       66       28       49       35       
5        55       75       49       72       69       0        24       11       93       98       87       
6        55       53       50       48       51       24       0        16       72       74       63       
7        60       64       54       64       66       11       16       0        88       90       79       
8        72       69       75       36       28       93       72       88       0        29       20       
9        93       50       94       26       49       98       74       90       29       0        14       
10       79       49       80       18       35       87       63       79       20       14       0        
;



Table delta(i,j)                 Distance
         0        1        2        3        4        5        6        7        8        9        10       
0        0        41       110      184      20       97       243      152      182      225      234      
1        41       0        70       143      59       58       241      111      144      187      199      
2        110      70       0        74       124      12       227      56       73       144      169      
3        184      143      74       0        199      86       257      50       24       106      145      
4        20       59       124      199      0        112      234      169      196      245      255      
5        97       58       12       86       112      0        226      65       85       151      175      
6        243      241      227      257      234      226      0        277      233      360      393      
7        152      111      56       50       169      65       277      0        68       87       116      
8        182      144      73       24       196      85       233      68       0        131      170      
9        225      187      144      106      245      151      360      87       131      0        42       
10       234      199      169      145      255      175      393      116      170      42       0        
;

