

sets
i        orders          /0*5/
k        routes          /1*5/
p        positions       /0*5/
;

alias(i,j)
alias(i,h)
alias(i,hh)
alias(i,jj)
alias(k,kk)
                            Parameters

rho(i)	Processing time
/
0	0
1	8
2	43
3	11
4	34
5	79
/

gamma(i)	Duedate
/
0	0
1	70
2	85
3	14
4	2
5	45
/

sigma(i)	Size
/
0	0
1	4
2	5
3	3
4	3
5	4
/

epsilon(i)	Priority
/
0	0
1	9
2	1
3	9
4	3
5	8
/

psi	Vehicle Capacity
/ 40 /
;

Table kappa(i,j)                 Setup
         0        1        2        3        4        5        
0        0        578      361      530      507      537      
1        578      0        216      477      108      443      
2        361      216      0        412      160      390      
3        530      477      412      0        373      39       
4        507      108      160      373      0        340      
5        537      443      390      39       340      0        
;



Table delta(i,j)                 Distance
         0        1        2        3        4        5        
0        0        130      220      340      210      260      
1        130      0        19       28       31       12       
2        220      19       0        11       43       24       
3        340      28       11       0        55       29       
4        210      31       43       55       0        43       
5        260      12       24       29       43       0        
;

