

sets
i        orders          /0*5/
k        routes          /1*5/
p        positions       /0*5/
;

alias(i,j)
alias(i,h)
alias(i,hh)
alias(i,jj)
alias(k,kk)
                            Parameters

rho(i)	Processing time
/
0	0
1	90
2	47
3	41
4	10
5	4
/

gamma(i)	Duedate
/
0	0
1	14
2	65
3	19
4	76
5	84
/

sigma(i)	Size
/
0	0
1	4
2	8
3	6
4	4
5	9
/

epsilon(i)	Priority
/
0	0
1	3
2	2
3	3
4	8
5	8
/

psi	Vehicle Capacity
/ 22 /
;

Table kappa(i,j)                 Setup
         0        1        2        3        4        5        
0        0        361      663      151      429      460      
1        361      0        399      251      75       384      
2        663      399      0        512      335      300      
3        151      251      512      0        306      322      
4        429      75       335      306      0        370      
5        460      384      300      322      370      0        
;



Table delta(i,j)                 Distance
         0        1        2        3        4        5        
0        0        100      120      240      240      90       
1        100      0        5        34       17       20       
2        120      5        0        36       21       21       
3        240      34       36       0        45       14       
4        240      17       21       45       0        32       
5        90       20       21       14       32       0        
;

