
sets
i        orders          /0*20/
k        routes          /1*20/
p        positions       /0*20/
;

alias(i,j)
alias(i,h)
alias(i,hh)
alias(i,jj)
alias(k,kk)
                
                    Parameters

rho(i)	Processing time
/
0	0
1	71
2	70
3	91
4	81
5	50
6	30
7	1
8	33
9	8
10	30
11	79
12	18
13	40
14	22
15	88
16	50
17	51
18	52
19	47
20	69
/

gamma(i)	Duedate
/
0	0
1	21
2	45
3	18
4	99
5	66
6	23
7	81
8	17
9	29
10	53
11	7
12	27
13	51
14	12
15	3
16	81
17	70
18	22
19	34
20	7
/

sigma(i)	Size
/
0	0
1	6
2	7
3	8
4	8
5	3
6	1
7	2
8	7
9	4
10	3
11	6
12	3
13	9
14	4
15	4
16	2
17	2
18	8
19	1
20	8
/

epsilon(i)	Priority
/
0	0
1	8
2	9
3	9
4	7
5	8
6	5
7	2
8	5
9	9
10	2
11	6
12	6
13	5
14	3
15	2
16	4
17	8
18	1
19	1
20	6
/

psi	Vehicle Capacity
/ 31 /
;

Table kappa(i,j)                 Setup
         0        1        2        3        4        5        6        7        8        9        10       11       12       13       14       15       16       17       18       19       20       
0        0        275      202      202      128      324      238      117      385      460      439      83       207      351      319      121      389      371      194      430      90       
1        275      0        197      397      254      380      37       315      243      188      173      307      467      145      431      389      471      178      249      470      279      
2        202      197      0        397      278      468      179      305      186      371      363      174      404      182      489      270      550      367      318      573      141      
3        202      397      397      0        143      189      361      92       570      549      520      275      140      513      142      240      217      404      167      276      291      
4        128      254      278      143      0        200      218      68       438      412      385      211      233      373      211      232      274      284      67       307      211      
5        324      380      468      189      200      0        355      218      607      474      443      407      329      522      80       406      90       303      150      106      411      
6        238      37       179      361      218      355      0        278      256      223      205      273      429      166      402      353      445      188      218      449      246      
7        117      315      305      92       68       218      278      0        478      479      453      196      165      424      203      189      275      352      123      321      207      
8        385      243      186      570      438      607      256      478      0        332      340      359      590      107      643      454      695      413      461      704      327      
9        460      188      371      549      412      474      223      479      332      0        31       495      641      229      544      577      561      175      383      537      468      
10       439      173      363      520      385      443      205      453      340      31       0        478      615      235      513      557      529      143      354      506      452      
11       83       307      174      275      211      407      273      196      359      495      478      0        241      348      399      96       471      431      275      513      32       
12       207      467      404      140      233      329      429      165      590      641      615      241      0        557      275      163      348      516      283      411      269      
13       351      145      182      513      373      522      166      424      107      229      235      348      557      0        568      443      612      307      383      615      316      
14       319      431      489      142      211      80       402      203      643      544      513      399      275      568      0        379      75       376      184      136      409      
15       121      389      270      240      232      406      353      189      454      577      557      96       163      443      379      0        454      492      299      506      128      
16       389      471      550      217      274      90       445      275      695      561      529      471      348      612      75       454      0        387      234      69       479      
17       371      178      367      404      284      303      188      352      413      175      143      431      516      307      376      492      387      0        237      362      411      
18       194      249      318      167      67       150      218      123      461      383      354      275      283      383      184      299      234      237      0        255      272      
19       430      470      573      276      307      106      449      321      704      537      506      513      411      615      136      506      69       362      255      0        517      
20       90       279      141      291      211      411      246      207      327      468      452      32       269      316      409      128      479      411      272      517      0        
;



Table delta(i,j)                 Distance
         0        1        2        3        4        5        6        7        8        9        10       11       12       13       14       15       16       17       18       19       20       
0        0        3990     2670     5550     3360     2970     5130     5430     6210     3600     4800     4170     7440     4200     3180     870      540      3570     4500     660      3180     
1        3990     0        47       62       94       162      102      213      149      145      81       181      202      68       106      111      142      152      155      156      96       
2        2670     47       0        97       67       120      103      182      148      111      85       146      198      66       73       64       96       116      128      110      65       
3        5550     62       97       0        107      186      76       214      115      157      59       192      166      63       121      159      191      165      154      206      112      
4        3360     94       67       107      0        78       61       119      94       52       57       88       139      44       14       83       108      60       62       125      7        
5        2970     162      120      186      78       0        132      82       147      39       134      41       172      122      64       84       84       32       68       96       73       
6        5130     102      103      76       61       132      0        141      47       96       21       126      100      37       72       142      169      105      83       186      68       
7        5430     213      182      214      119      82       141      0        128      71       154      41       126      154      109      163      166      67       60       179      118      
8        6210     149      148      115      94       147      47       128      0        108      68       128      53       84       101      178      202      115      83       219      101      
9        3600     145      111      157      52       39       96       71       108      0        101      36       135      93       39       97       108      8        31       124      49       
10       4800     81       85       59       57       134      21       154      68       101      0        134      121      20       70       130      160      110      94       176      64       
11       4170     181      146      192      88       41       126      41       128      36       134      0        142      129      76       122      125      29       45       138      86       
12       7440     202      198      166      139      172      100      126      53       135      121      142      0        136      142      220      240      140      104      256      144      
13       4200     68       66       63       44       122      37       154      84       93       20       129      136      0        58       111      141      102      93       157      50       
14       3180     106      73       121      14       64       72       109      101      39       70       76       142      58       0        78       100      46       55       117      10       
15       870      111      64       159      83       84       142      163      178      97       130      122      220      111      78       0        32       98       126      47       77       
16       540      142      96       191      108      84       169      166      202      108      160      125      240      141      100      32       0        107      140      17       101      
17       3570     152      116      165      60       32       105      67       115      8        110      29       140      102      46       98       107      0        36       121      56       
18       4500     155      128      154      62       68       83       60       83       31       94       45       104      93       55       126      140      36       0        155      63       
19       660      156      110      206      125      96       186      179      219      124      176      138      256      157      117      47       17       121      155      0        118      
20       3180     96       65       112      7        73       68       118      101      49       64       86       144      50       10       77       101      56       63       118      0        
;

