
sets
i        orders          /0*20/
k        routes          /1*20/
p        positions       /0*20/
;

alias(i,j)
alias(i,h)
alias(i,hh)
alias(i,jj)
alias(k,kk)
                
                    Parameters

rho(i)	Processing time
/
0	0
1	8
2	83
3	27
4	42
5	41
6	52
7	45
8	68
9	53
10	63
11	64
12	63
13	17
14	64
15	34
16	69
17	99
18	72
19	40
20	18
/

gamma(i)	Duedate
/
0	0
1	39
2	65
3	4
4	93
5	29
6	67
7	38
8	86
9	85
10	35
11	86
12	33
13	56
14	58
15	16
16	52
17	30
18	67
19	4
20	30
/

sigma(i)	Size
/
0	0
1	5
2	4
3	7
4	8
5	7
6	1
7	1
8	5
9	9
10	7
11	3
12	8
13	9
14	5
15	5
16	5
17	5
18	2
19	5
20	5
/

epsilon(i)	Priority
/
0	0
1	9
2	8
3	1
4	7
5	9
6	9
7	2
8	4
9	2
10	6
11	3
12	3
13	9
14	9
15	6
16	3
17	8
18	3
19	6
20	7
/

psi	Vehicle Capacity
/ 26 /
;

Table kappa(i,j)                 Setup
         0        1        2        3        4        5        6        7        8        9        10       11       12       13       14       15       16       17       18       19       20       
0        0        612      329      315      321      278      301      149      492      574      210      218      672      534      645      510      39       431      143      473      332      
1        612      0        371      297      477      602      358      586      125      499      557      393      62       535      48       113      573      189      472      139      534      
2        329      371      0        172      424      231      47       239      250      282      409      186      418      269      387      259      292      191      199      257      474      
3        315      297      172      0        271      361      129      306      179      441      296      96       357      438      331      198      276      122      176      157      327      
4        321      477      424      271      0        532      377      422      400      705      128      242      538      693      523      421      303      369      283      364      58       
5        278      602      231      361      532      0        249      129      480      344      460      310      649      287      617      489      264      419      250      483      565      
6        301      358      47       129      377      249      0        232      234      329      365      140      410      316      379      246      263      171      164      233      427      
7        149      586      239      306      422      129      232      0        461      441      337      228      640      394      610      474      136      396      150      452      448      
8        492      125      250      179      400      480      234      461      0        422      460      275      181      447      153      21       453      64       350      38       459      
9        574      499      282      441      705      344      329      441      422      0        690      468      515      67       485      416      545      395      470      450      756      
10       210      557      409      296      128      460      365      337      460      690      0        226      619      665      600      481      204      414      225      428      122      
11       218      393      186      96       242      310      140      228      275      468      226      0        453      452      428      294      180      216      84       254      289      
12       672      62       418      357      538      649      410      640      181      515      619      453      0        557      31       165      633      245      530      200      595      
13       534      535      269      438      693      287      316      394      447      67       665      452      557      0        527      443      507      411      441      471      741      
14       645      48       387      331      523      617      379      610      153      485      600      428      31       527      0        136      606      216      503      175      581      
15       510      113      259      198      421      489      246      474      21       416      481      294      165      443      136      0        470      79       367      58       480      
16       39       573      292      276      303      264      263      136      453      545      204      180      633      507      606      470      0        391      104      434      320      
17       431      189      191      122      369      419      171      396      64       395      414      216      245      411      216      79       391      0        288      65       428      
18       143      472      199      176      283      250      164      150      350      470      225      84       530      441      503      367      104      288      0        333      318      
19       473      139      257      157      364      483      233      452      38       450      428      254      200      471      175      58       434      65       333      0        422      
20       332      534      474      327      58       565      427      448      459      756      122      289      595      741      581      480      320      428      318      422      0        
;



Table delta(i,j)                 Distance
         0        1        2        3        4        5        6        7        8        9        10       11       12       13       14       15       16       17       18       19       20       
0        0        960      4410     2670     1560     2220     2790     2910     2280     3330     4140     4680     3210     1740     5850     1560     780      3030     2040     1470     2070     
1        960      0        136      66       48       84       118      113      74       139      154      183      75       25       189      85       10       112      93       17       102      
2        4410     136      0        79       95       91       148      108      73       170      123      188      153      138      55       180      131      89       138      128      183      
3        2670     66       79       0        50       80       139      112      53       162      148      197      77       60       134      137      65       100      118      53       148      
4        1560     48       95       50       0        39       90       71       26       114      111      152      105      64       144      91       40       65       68       50       100      
5        2220     84       91       80       39       0        61       32       27       85       72       117      144      102      129      92       74       28       47       89       92       
6        2790     118      148      139      90       61       0        41       89       23       61       64       191      143      174      71       108      60       25       130      57       
7        2910     113      108      112      71       32       41       0        58       62       41       86       176      133      133      97       102      19       42       119      90       
8        2280     74       73       53       26       27       89       58       0        112      95       144      122      87       119      107      66       47       72       74       112      
9        3330     139      170      162      114      85       23       62       112      0        69       46       212      164      192      79       129      81       46       152      61       
10       4140     154      123      148      111      72       61       41       95       69       0        67       216      174      130      130      144      47       76       161      118      
11       4680     183      188      197      152      117      64       86       144      46       67       0        254      207      197      125      172      102      89       194      106      
12       3210     75       153      77       105      144      191      176      122      212      216      254      0        49       208      159      84       169      166      60       177      
13       1740     25       138      60       64       102      143      133      87       164      174      207      49       0        193      110      35       130      118      13       128      
14       5850     189      55       134      144      129      174      133      119      192      130      197      208      193      0        221      182      114      172      182      220      
15       1560     85       180      137      91       92       71       97       107      79       130      125      159      110      221      0        78       110      55       101      21       
16       780      10       131      65       40       74       108      102      66       129      144      172      84       35       182      78       0        102      83       24       94       
17       3030     112      89       100      65       28       60       19       47       81       47       102      169      130      114      110      102      0        57       116      106      
18       2040     93       138      118      68       47       25       42       72       46       76       89       166      118      172      55       83       57       0        105      48       
19       1470     17       128      53       50       89       130      119      74       152      161      194      60       13       182      101      24       116      105      0        118      
20       2070     102      183      148      100      92       57       90       112      61       118      106      177      128      220      21       94       106      48       118      0        
;

