
sets
i        orders          /0*20/
k        routes          /1*20/
p        positions       /0*20/
;

alias(i,j)
alias(i,h)
alias(i,hh)
alias(i,jj)
alias(k,kk)
                
                    Parameters

rho(i)	Processing time
/
0	0
1	26
2	66
3	75
4	38
5	56
6	39
7	34
8	96
9	82
10	95
11	25
12	74
13	87
14	16
15	97
16	84
17	23
18	12
19	17
20	83
/

gamma(i)	Duedate
/
0	0
1	98
2	49
3	46
4	49
5	18
6	30
7	77
8	4
9	2
10	77
11	55
12	68
13	82
14	3
15	34
16	28
17	17
18	12
19	62
20	85
/

sigma(i)	Size
/
0	0
1	6
2	9
3	9
4	7
5	2
6	7
7	2
8	2
9	4
10	5
11	5
12	4
13	8
14	3
15	1
16	8
17	2
18	1
19	9
20	3
/

epsilon(i)	Priority
/
0	0
1	8
2	8
3	6
4	9
5	3
6	6
7	8
8	4
9	1
10	6
11	7
12	8
13	9
14	4
15	1
16	5
17	8
18	8
19	2
20	2
/

psi	Vehicle Capacity
/ 42 /
;

Table kappa(i,j)                 Setup
         0        1        2        3        4        5        6        7        8        9        10       11       12       13       14       15       16       17       18       19       20       
0        0        352      202      354      21       424      148      296      596      24       578      409      466      561      265      620      327      446      421      257      411      
1        352      0        159      254      338      209      389      268      245      369      288      313      451      289      314      269      25       333      95       154      243      
2        202      159      0        205      194      304      281      177      397      217      428      272      380      421      277      422      134      304      219      70       315      
3        354      254      205      0        356      460      471      66       394      356      536      66       197      541      482      420      243      99       226      138      485      
4        21       338      194      356      0        404      132      300      584      46       559      413      476      542      243      608      314      450      411      252      391      
5        424      209      304      460      404      0        382      461      327      448      163      521      656      140      234      339      216      542      284      338      49       
6        148      389      281      471      132      382      0        422      629      165      546      533      606      522      164      650      368      568      477      350      354      
7        296      268      177      66       300      461      422      0        441      296      556      113      203      557      452      467      252      149      262      123      481      
8        596      245      397      394      584      327      629      441      0        613      260      423      564      288      526      26       269      422      185      367      376      
9        24       369      217      356      46       448      165      296      613      0        601      409      458      584      289      638      345      445      436      267      436      
10       578      288      428      536      559      163      546      556      260      601      0        587      731      34       396      259      306      601      318      441      200      
11       409      313      272      66       413      521      533      113      423      409      587      0        144      595      549      447      304      36       271      204      548      
12       466      451      380      197      476      656      606      203      564      458      731      144      0        738      653      587      440      141      415      323      680      
13       561      289      421      541      542      140      522      557      288      584      34       595      738      0        369      289      305      610      329      439      171      
14       265      314      277      482      243      234      164      452      526      289      396      549      653      369      0        544      300      581      409      345      197      
15       620      269      422      420      608      339      650      467      26       638      259      447      587      289      544      0        293      445      211      393      388      
16       327      25       134      243      314      216      368      252      269      345      306      304      440      305      300      293      0        327      111      134      245      
17       446      333      304      99       450      542      568      149      422      445      601      36       141      610      581      445      327      0        282      236      572      
18       421      95       219      226      411      284      477      262      185      436      318      271      415      329      409      211      111      282      0        182      324      
19       257      154      70       138      252      338      350      123      367      267      441      204      323      439      345      393      134      236      182      0        358      
20       411      243      315      485      391      49       354      481      376      436      200      548      680      171      197      388      245      572      324      358      0        
;



Table delta(i,j)                 Distance
         0        1        2        3        4        5        6        7        8        9        10       11       12       13       14       15       16       17       18       19       20       
0        0        3990     1170     4680     4410     1380     3360     4410     5700     660      1140     4230     3900     5700     4290     3450     1530     3120     4740     2400     5340     
1        3990     0        119      32       192      87       197      216      183      154      151      223      71       178      150      171      153      31       262      58       156      
2        1170     119      0        136      113      44       89       120      151      58       77       118      98       151      104      81       89       88       147      61       139      
3        4680     32       136      0        189      111      204      218      169      178      178      227      61       163      143      173      182      52       271      77       141      
4        4410     192      113      189      0        152      57       37       71       159      184      55       128      77       50       32       198      165      110      145      84       
5        1380     87       44       111      152      0        133      163      177      66       68       162      94       176      132      122      75       59       190      37       160      
6        3360     197      89       204      57       133      0        37       126      118      145      29       148      131      93       39       160      166      67       141      133      
7        4410     216      120      218      37       163      37       0        106      155      181      20       158      113      86       45       196      187      73       164      121      
8        5700     183      151      169      71       177      126      106      0        207      228      126      112      8        46       91       241      165      180      156      29       
9        660      154      58       178      159      66       118      155      207      0        27       146      152      208      161      127      41       125      155      101      197      
10       1140     151      77       178      184      68       145      181      228      27       0        173      161      228      181      152      14       126      181      105      216      
11       4230     223      118      227      55       162      29       20       126      146      173      0        169      133      102      54       187      192      54       168      139      
12       3900     71       98       61       128      94       148      158      112      152      161      169      0        107      82       114      169      56       216      59       85       
13       5700     178      151      163      77       176      131      113      8        208      228      133      107      0        47       95       241      161      187      152      22       
14       4290     150      104      143      50       132      93       86       46       161      181      102      82       47       0        54       194      128      156      114      41       
15       3450     171      81       173      32       122      39       45       91       127      152      54       114      95       54       0        166      142      104      120      95       
16       1530     153      89       182      198      75       160      196      241      41       14       187      169      241      194      166      0        130      195      112      228      
17       3120     31       88       52       165      59       166      187      165      125      126      192      56       161      128      142      130      0        231      27       141      
18       4740     262      147      271      110      190      67       73       180      155      181      54       216      187      156      104      195      231      0        205      193      
19       2400     58       61       77       145      37       141      164      156      101      105      168      59       152      114      120      112      27       205      0        134      
20       5340     156      139      141      84       160      133      121      29       197      216      139      85       22       41       95       228      141      193      134      0        
;

