

sets
i        orders          /0*80/
k        routes          /1*80/
p        positions       /0*80/
;

alias(i,j)
alias(i,h)
alias(i,hh)
alias(i,jj)
alias(k,kk)
                            Parameters

rho(i)	Processing time
/
0	0
1	7
2	10
3	33
4	79
5	61
6	62
7	62
8	26
9	23
10	53
11	76
12	97
13	86
14	59
15	1
16	11
17	9
18	26
19	69
20	1
21	35
22	86
23	84
24	42
25	27
26	94
27	92
28	37
29	59
30	63
31	38
32	15
33	41
34	96
35	72
36	22
37	3
38	66
39	85
40	71
41	94
42	72
43	63
44	30
45	41
46	4
47	84
48	15
49	35
50	93
51	14
52	42
53	67
54	44
55	98
56	56
57	6
58	86
59	72
60	76
61	8
62	2
63	60
64	86
65	66
66	65
67	71
68	32
69	89
70	59
71	76
72	20
73	75
74	34
75	20
76	45
77	20
78	61
79	52
80	49
/

gamma(i)	Duedate
/
0	0
1	2
2	47
3	39
4	55
5	32
6	51
7	73
8	92
9	63
10	17
11	87
12	61
13	32
14	64
15	60
16	89
17	27
18	56
19	34
20	13
21	74
22	46
23	36
24	97
25	95
26	14
27	86
28	37
29	82
30	19
31	41
32	83
33	13
34	91
35	71
36	71
37	19
38	4
39	40
40	70
41	81
42	29
43	70
44	4
45	42
46	7
47	15
48	16
49	62
50	79
51	39
52	69
53	45
54	98
55	57
56	26
57	98
58	99
59	85
60	67
61	29
62	61
63	32
64	41
65	75
66	47
67	21
68	5
69	36
70	82
71	87
72	61
73	75
74	34
75	42
76	95
77	47
78	11
79	31
80	44
/

sigma(i)	Size
/
0	0
1	1
2	1
3	5
4	1
5	4
6	2
7	4
8	7
9	8
10	7
11	4
12	1
13	3
14	5
15	9
16	5
17	8
18	4
19	4
20	5
21	6
22	4
23	2
24	5
25	2
26	1
27	3
28	7
29	8
30	3
31	2
32	6
33	5
34	8
35	9
36	6
37	3
38	3
39	1
40	1
41	2
42	3
43	7
44	6
45	2
46	8
47	6
48	7
49	8
50	6
51	7
52	3
53	3
54	7
55	3
56	6
57	9
58	7
59	9
60	7
61	5
62	4
63	4
64	7
65	4
66	3
67	3
68	5
69	9
70	8
71	9
72	4
73	6
74	6
75	1
76	4
77	6
78	3
79	7
80	1
/

epsilon(i)	Priority
/
0	0
1	7
2	6
3	4
4	2
5	1
6	7
7	9
8	7
9	5
10	7
11	7
12	3
13	5
14	3
15	3
16	7
17	4
18	8
19	9
20	7
21	5
22	7
23	4
24	3
25	3
26	2
27	9
28	5
29	4
30	9
31	9
32	2
33	8
34	9
35	6
36	7
37	6
38	6
39	6
40	9
41	6
42	9
43	7
44	3
45	6
46	6
47	8
48	5
49	3
50	1
51	8
52	8
53	9
54	7
55	2
56	1
57	4
58	9
59	3
60	3
61	9
62	4
63	1
64	7
65	7
66	5
67	4
68	3
69	4
70	3
71	9
72	2
73	4
74	9
75	7
76	6
77	2
78	4
79	5
80	1
/

psi	Vehicle Capacity
/ 30 /
;

Table kappa(i,j)                 Setup
         0        1        2        3        4        5        6        7        8        9        10       11       12       13       14       15       16       17       18       19       20       21       22       23       24       25       26       27       28       29       30       31       32       33       34       35       36       37       38       39       40       41       42       43       44       45       46       47       48       49       50       51       52       53       54       55       56       57       58       59       60       61       62       63       64       65       66       67       68       69       70       71       72       73       74       75       76       77       78       79       80       
0        0        450      222      543      238      547      134      169      470      485      402      673      500      297      346      420      297      126      185      140      75       429      453      321      566      665      257      110      179      637      172      442      502      447      493      719      377      343      505      772      436      543      494      464      435      442      696      318      525      479      594      525      330      571      114      434      235      441      566      470      180      532      553      438      267      294      249      149      632      610      500      199      65       455      577      537      451      393      98       541      498      
1        450      0        336      720      539      155      531      504      379      751      171      222      215      522      148      148      175      455      443      558      374      32       457      593      171      249      389      554      565      395      280      696      734      742      49       581      188      640      366      559      24       108      653      23       733      487      249      218      439      287      200      421      622      528      551      456      219      589      678      595      521      92       449      647      516      297      422      379      186      234      642      337      484      64       168      571      491      280      414      127      665      
2        222      336      0        724      438      477      353      179      536      690      381      542      478      475      310      244      266      145      357      362      179      306      560      519      496      584      66       282      248      652      181      642      698      658      364      788      190      550      554      810      315      445      667      340      646      565      550      132      601      499      526      593      535      671      333      546      206      606      727      629      195      429      624      624      451      358      90       286      519      554      667      299      285      311      499      666      573      432      130      383      673      
3        543      720      724      0        308      688      430      710      384      140      555      884      576      250      574      800      567      669      369      450      550      723      285      228      698      775      780      589      699      545      556      133      86       191      767      447      788      228      426      562      725      739      66       743      197      243      931      751      361      487      707      382      232      303      489      275      572      130      94       126      718      743      378      105      277      428      782      439      820      693      80       436      484      770      720      208      244      448      634      847      55       
4        238      539      438      308      0        574      124      402      366      252      415      747      487      83       396      571      364      364      97       150      258      531      303      83       591      688      486      284      392      559      297      205      264      222      589      574      544      113      412      656      535      600      265      560      211      272      784      495      397      426      612      406      97       409      186      281      337      221      343      254      410      596      425      202      54       262      483      171      692      614      274      202      177      570      609      347      282      345      332      658      266      
5        547      155      477      688      574      0        598      632      310      747      159      197      113      535      200      303      249      579      487      630      473      187      405      610      19       119      535      656      687      260      376      694      720      750      164      460      343      659      279      418      179      72       622      166      743      444      247      369      355      204      49       334      642      444      632      412      314      564      629      561      649      86       357      634      538      312      566      440      132      79       607      387      566      213      34       509      445      246      532      232      636      
6        134      531      353      430      124      598      0        286      447      356      441      750      528      201      402      530      360      254      130      35       183      515      403      201      617      716      391      160      269      633      256      317      379      315      578      677      493      215      490      748      521      609      389      548      303      379      780      437      490      485      641      495      204      516      63       381      312      345      467      377      292      602      518      324      170      301      382      158      701      651      398      212      68       548      632      463      389      398      232      636      390      
7        169      504      179      710      402      632      286      0        620      642      510      717      611      466      444      424      393      56       354      276      196      476      615      484      652      746      165      147      70       769      272      603      664      599      537      873      370      501      649      915      484      610      663      511      587      607      729      311      679      610      681      676      490      732      238      597      325      610      735      639      17       596      705      604      436      437      137      308      690      705      669      350      225      487      658      704      616      530      107      562      666      
8        470      379      536      384      366      310      447      620      0        464      209      507      196      296      261      499      284      564      317      482      423      394      99       365      317      391      602      571      648      194      360      415      428      480      420      254      509      412      48       302      392      369      321      402      476      143      557      496      65       105      324      56       397      150      503      112      331      270      319      259      635      376      87       348      314      183      621      322      442      308      303      272      451      440      340      199      140      110      514      502      335      
9        485      751      690      140      252      747      356      642      464      0        599      937      641      232      602      807      583      609      339      368      510      749      367      172      760      846      738      507      619      645      541      54       54       55       800      575      786      142      511      685      752      789      165      773      64       323      981      741      459      559      774      477      155      418      407      352      572      196      230      216      648      789      480      116      246      453      733      415      876      766      187      431      421      792      781      325      327      501      582      876      152      
10       402      171      381      555      415      159      441      510      209      599      0        338      100      380      70       292      117      454      328      474      333      184      286      454      176      275      445      512      557      272      240      545      577      598      215      431      309      503      202      433      183      190      488      194      590      318      381      307      271      129      200      255      486      359      478      286      185      426      509      429      527      190      285      490      381      154      471      284      279      210      476      229      413      230      193      400      321      109      405      297      501      
11       673      222      542      884      747      197      750      717      507      937      338      0        311      717      351      307      390      671      653      778      597      245      602      792      190      158      585      776      782      430      502      883      912      936      182      634      362      840      475      570      237      148      818      209      929      641      53       412      551      402      191      529      823      639      772      608      441      758      826      757      734      150      550      826      717      490      619      595      65       221      803      548      706      230      167      706      641      438      633      170      831      
12       500      215      478      576      487      113      528      611      196      641      100      311      0        438      169      358      218      555      407      562      432      239      292      513      122      206      542      609      658      183      341      588      611      648      245      366      385      562      166      348      234      176      511      234      641      332      361      394      243      91       133      222      545      333      570      300      285      454      515      449      628      186      246      527      445      229      569      373      246      128      495      317      506      279      145      395      332      143      506      324      524      
13       297      522      475      250      83       535      201      466      296      232      380      717      438      0        374      575      352      422      119      230      300      518      224      75       550      643      530      359      464      490      313      178      227      220      571      493      555      124      344      578      521      569      197      544      212      190      758      512      320      368      568      332      107      327      264      202      340      145      270      176      476      568      348      148      31       228      532      191      659      566      202      199      243      561      570      264      200      294      385      646      201      
14       346      148      310      574      396      200      402      444      261      602      70       351      169      374      0        239      50       388      302      433      274      149      323      446      219      319      374      456      494      343      178      548      586      594      197      496      248      494      263      503      151      207      507      171      586      349      387      240      326      196      247      312      476      411      432      319      118      444      538      452      461      201      343      499      369      149      400      245      299      265      498      197      366      195      232      439      353      152      340      275      519      
15       420      148      244      800      571      303      530      424      499      807      292      307      358      575      239      0        234      384      475      550      351      119      562      639      318      384      279      509      492      541      277      754      800      789      147      720      55       682      495      705      125      246      735      137      779      586      309      112      563      419      345      547      664      649      533      557      236      670      773      682      439      228      577      715      562      373      314      400      298      381      728      376      471      91       311      679      591      391      355      140      745      
16       297      175      266      567      364      249      360      393      284      583      117      390      218      352      50       234      0        338      267      389      224      167      333      421      269      368      331      406      443      386      127      529      571      571      224      529      231      467      294      544      171      250      501      196      562      353      422      211      350      234      297      338      449      430      386      326      67       436      539      448      410      242      370      485      343      139      355      205      342      315      493      162      319      209      280      449      359      174      289      295      512      
17       126      455      145      669      364      579      254      56       564      609      454      671      555      422      388      384      338      0        307      250      141      428      561      447      598      693      152      142      110      712      215      567      628      569      489      817      332      467      592      858      436      559      619      463      557      555      685      272      623      553      628      620      455      679      215      544      270      565      690      593      73       545      650      564      393      381      133      256      641      650      624      295      188      442      605      653      564      473      50       520      623      
18       185      443      357      369      97       487      130      354      317      339      328      653      407      119      302      475      267      307      0        165      181      433      278      167      504      603      410      265      361      503      202      288      342      315      492      551      449      207      359      619      438      508      314      464      305      261      689      401      361      357      527      366      190      395      186      258      239      258      383      285      365      503      390      267      95       178      413      76       600      533      318      105      143      473      521      353      270      272      267      560      320      
19       140      558      362      450      150      630      35       276      482      368      474      778      562      230      433      550      389      250      165      0        199      541      436      222      648      748      394      139      251      668      280      332      394      323      604      710      510      229      525      783      547      639      413      575      311      412      807      453      524      520      673      530      220      549      39       415      338      372      493      405      280      631      553      346      200      335      382      190      731      684      424      245      79       573      663      494      422      433      236      661      413      
20       75       374      179      550      258      473      183      196      423      510      333      597      432      300      274      351      224      141      181      199      0        353      420      340      493      592      230      182      229      578      97       463      520      479      417      676      311      370      453      720      361      468      495      389      467      416      620      254      482      419      521      479      355      537      182      403      160      436      560      462      211      457      508      447      274      241      232      118      556      539      497      153      120      380      503      515      425      336      93       467      501      
21       429      32       306      723      531      187      515      476      394      749      184      245      239      518      149      119      167      428      433      541      353      0        467      588      203      281      358      531      538      421      261      694      734      738      64       604      156      634      384      586      8        140      657      36       729      496      267      186      455      307      232      438      616      544      532      465      202      593      686      601      493      123      467      647      510      297      391      366      213      266      647      328      466      46       200      583      499      291      388      128      669      
22       453      457      560      285      303      405      403      615      99       367      286      602      292      224      323      562      333      561      278      436      420      467      0        284      414      490      624      543      633      280      378      320      329      387      501      274      564      328      144      354      467      460      221      480      384      44       651      542      98       202      422      113      315      118      463      21       365      171      225      160      628      466      125      251      248      203      638      306      537      408      204      268      421      514      437      116      41       176      514      583      235      
23       321      593      519      228      83       610      201      484      365      172      454      792      513      75       446      639      421      447      167      222      340      588      284      0        625      718      568      361      471      559      370      123      181      150      643      544      616      49       413      636      592      643      192      615      140      246      832      569      383      441      643      396      32       377      260      263      403      161      274      195      492      642      409      123      77       302      566      243      734      641      205      263      259      630      645      301      254      369      415      716      191      
24       566      171      496      698      591      19       617      652      317      760      176      190      122      550      219      318      269      598      504      648      493      203      414      625      0        100      553      675      707      255      396      707      732      764      176      457      360      675      285      410      195      79       633      181      757      454      242      387      361      212      30       339      657      449      651      422      334      575      637      571      669      96       360      647      554      329      585      458      125      63       617      405      585      227      23       516      454      259      552      240      646      
25       665      249      584      775      688      119      716      746      391      846      275      158      206      643      319      384      368      693      603      748      592      281      490      718      100      0        639      774      803      279      495      794      815      854      237      482      433      768      351      413      273      141      711      251      848      533      210      468      423      289      75       401      751      507      751      501      432      657      708      650      763      158      417      731      649      426      671      558      107      82       694      505      685      293      88       583      531      349      648      277      725      
26       257      389      66       780      486      535      391      165      602      738      445      585      542      530      374      279      331      152      410      394      230      358      624      568      553      639      0        294      235      717      246      691      749      702      411      854      223      596      620      875      366      498      724      390      691      628      588      173      667      565      583      659      582      736      362      610      272      664      786      688      177      482      690      677      504      424      35       343      567      613      725      361      323      356      554      729      637      498      158      420      730      
27       110      554      282      589      284      656      160      147      571      507      512      776      609      359      456      509      406      142      265      139      182      531      543      361      675      774      294      0        112      743      279      472      534      461      595      814      460      368      608      874      538      650      549      566      449      526      796      400      622      586      703      624      360      660      100      523      342      504      627      535      148      639      650      484      327      400      274      250      738      720      558      304      122      553      686      616      536      500      155      636      550      
28       179      565      248      699      392      687      269      70       648      619      557      782      658      464      494      492      443      110      361      251      229      538      633      471      707      803      235      112      0        807      317      584      646      573      600      898      438      481      681      948      547      669      657      574      561      620      795      379      704      649      736      703      472      751      212      614      375      609      733      640      58       656      731      594      433      469      205      328      752      758      665      376      220      552      714      714      630      565      154      628      659      
29       637      395      652      545      559      260      633      769      194      645      272      430      183      490      343      541      386      712      503      668      578      421      280      559      255      279      717      743      807      0        497      599      603      667      418      204      569      605      146      164      416      332      489      413      664      324      484      577      186      158      242      167      591      248      685      298      450      449      464      431      785      346      167      530      508      343      742      494      368      209      469      439      628      459      275      338      318      243      662      491      503      
30       172      280      181      556      297      376      256      272      360      541      240      502      341      313      178      277      127      215      202      280      97       261      378      370      396      495      246      279      317      497      0        489      541      518      325      614      247      409      383      646      268      371      495      296      507      383      528      199      423      339      424      417      392      490      270      364      63       432      550      453      288      360      448      460      295      178      261      126      460      443      493      121      204      292      406      484      391      261      165      380      503      
31       442      696      642      133      205      694      317      603      415      54       545      883      588      178      548      754      529      567      288      332      463      694      320      123      707      794      691      472      584      599      489      0        62       70       746      541      734      103      462      647      697      735      134      719      71       275      926      689      414      507      721      431      113      380      371      303      518      151      211      176      609      735      436      70       194      399      689      364      822      714      155      377      379      738      728      289      281      448      538      822      124      
32       502      734      698      86       264      720      379      664      428      54       577      912      611      227      586      800      571      628      342      394      520      734      329      181      732      815      749      534      646      603      541      62       0        105      783      524      782      165      473      635      736      765      116      757      113      285      958      740      417      526      744      436      174      370      433      315      566      158      176      172      671      767      437      87       247      437      747      417      850      733      137      425      440      779      754      276      288      474      597      861      102      
33       447      742      658      191      222      750      315      599      480      55       598      936      648      220      594      789      571      569      315      323      479      738      387      150      764      854      702      461      573      667      518      70       105      0        792      611      765      109      528      717      741      788      203      764      12       343      978      717      482      569      780      499      125      450      362      369      553      221      276      246      604      787      505      140      228      448      696      391      877      774      225      413      382      780      785      359      348      505      545      866      192      
34       493      49       364      767      589      164      578      537      420      800      215      182      245      571      197      147      224      489      492      604      417      64       501      643      176      237      411      595      600      418      325      746      783      792      0        611      196      690      403      580      57       100      700      29       783      533      203      238      478      324      202      459      672      568      596      502      265      637      724      643      553      82       486      696      566      346      445      427      156      239      689      386      529      56       166      615      536      325      451      82       713      
35       719      581      788      447      574      460      677      873      254      575      431      634      366      493      496      720      529      817      551      710      676      604      274      544      457      482      854      814      898      204      614      541      524      611      611      0        740      581      235      119      600      531      410      601      612      302      688      736      194      301      446      197      571      167      737      295      582      395      354      366      887      544      167      472      520      437      874      570      572      414      388      523      692      646      477      252      292      356      768      688      422      
36       377      188      190      788      544      343      493      370      509      786      309      362      385      555      248      55       231      332      449      510      311      156      564      616      360      433      223      460      438      569      247      734      782      765      196      740      0        656      510      734      164      292      724      181      754      584      364      60       574      438      388      560      639      658      491      557      216      659      768      674      385      275      591      699      540      367      258      373      350      422      718      356      431      139      355      680      590      399      306      196      734      
37       343      640      550      228      113      659      215      501      412      142      503      840      562      124      494      682      467      467      207      229      370      634      328      49       675      768      596      368      481      605      409      103      165      109      690      581      656      0        460      677      638      692      206      662      98       288      880      607      427      490      693      441      17       414      268      308      446      190      289      223      507      690      453      131      124      350      591      282      782      690      223      307      278      676      694      333      296      418      440      762      202      
38       505      366      554      426      412      279      490      649      48       511      202      475      166      344      263      495      294      592      359      525      453      384      144      413      285      351      620      608      681      146      383      462      473      528      403      235      510      460      0        267      381      343      364      388      524      188      526      503      76       79       288      55       445      166      544      159      347      315      356      303      664      352      83       395      361      212      641      358      410      269      346      305      490      429      308      232      185      122      542      484      378      
39       772      559      810      562      656      418      748      915      302      685      433      570      348      578      503      705      544      858      619      783      720      586      354      636      410      413      875      874      948      164      646      647      635      717      580      119      734      677      267      0        580      489      520      576      717      390      623      740      259      310      393      252      666      267      805      376      604      498      470      471      930      505      231      578      602      479      899      624      513      357      498      572      754      623      428      360      382      385      808      650      533      
40       436      24       315      725      535      179      521      484      392      752      183      237      234      521      151      125      171      436      438      547      361      8        467      592      195      273      366      538      547      416      268      697      736      741      57       600      164      638      381      580      0        131      658      28       732      496      260      195      453      304      224      435      620      542      539      465      209      594      687      602      501      115      465      650      514      299      399      372      205      258      648      333      472      47       192      582      500      290      396      124      670      
41       543      108      445      739      600      72       609      610      369      789      190      148      176      569      207      246      250      559      508      639      468      140      460      643      79       141      498      650      669      332      371      735      765      788      100      531      292      692      343      489      131      0        673      110      780      498      192      326      419      266      102      399      675      510      636      465      308      613      686      613      627      17       423      679      569      341      530      452      92       140      659      404      570      154      66       569      499      292      516      160      686      
42       494      653      667      66       265      622      389      663      321      165      488      818      511      197      507      735      501      619      314      413      495      657      221      192      633      711      724      549      657      489      495      134      116      203      700      410      724      206      364      520      658      673      0        676      205      178      865      688      304      422      643      324      205      254      450      211      508      64       82       61       672      676      322      75       226      362      727      381      754      629      22       374      439      703      655      160      180      381      581      781      14       
43       464      23       340      743      560      166      548      511      402      773      194      209      234      544      171      137      196      463      464      575      389      36       480      615      181      251      390      566      574      413      296      719      757      764      29       601      181      662      388      576      28       110      676      0        756      511      232      217      461      309      208      443      644      551      567      480      236      613      702      619      528      93       471      670      538      320      424      398      178      244      666      358      500      47       174      595      514      304      424      104      688      
44       435      733      646      197      211      743      303      587      476      64       590      929      641      212      586      779      562      557      305      311      467      729      384      140      757      848      691      449      561      664      507      71       113      12       783      612      754      98       524      717      732      780      205      756      0        340      970      706      479      564      774      496      115      450      350      365      543      220      280      246      592      779      503      139      218      440      684      381      869      768      227      404      370      771      778      359      346      499      533      857      195      
45       442      487      565      243      272      444      379      607      143      323      318      641      332      190      349      586      353      555      261      412      416      496      44       246      454      533      628      526      620      324      383      275      285      343      533      302      584      288      188      390      496      498      178      511      340      0        689      557      140      244      464      156      276      137      441      32       378      127      190      117      620      502      165      207      217      217      639      299      577      450      162      267      404      542      477      100      9        209      509      615      192      
46       696      249      550      931      784      247      780      729      557      981      381      53       361      758      387      309      422      685      689      807      620      267      651      832      242      210      588      796      795      484      528      926      958      978      203      688      364      880      526      623      260      192      865      232      970      689      0        419      603      452      244      581      862      691      799      656      468      805      876      805      745      191      603      871      756      530      623      627      117      274      851      583      733      243      219      756      690      484      649      168      878      
47       318      218      132      751      495      369      437      311      496      741      307      412      394      512      240      112      211      272      401      453      254      186      542      569      387      468      173      400      379      577      199      689      740      717      238      736      60       607      503      740      195      326      688      217      706      557      419      0        562      436      417      549      591      642      432      533      181      624      736      641      327      310      581      658      494      340      207      325      394      448      684      315      373      183      386      656      564      386      245      251      697      
48       525      439      601      361      397      355      490      679      65       459      271      551      243      320      326      563      350      623      361      524      482      455      98       383      361      423      667      622      704      186      423      414      417      482      478      194      574      427      76       259      453      419      304      461      479      140      603      562      0        154      363      21       414      90       548      119      396      263      286      245      693      428      28       344      343      245      685      376      486      342      284      329      500      501      384      160      133      175      574      559      318      
49       479      287      499      487      426      204      485      610      105      559      129      402      91       368      196      419      234      553      357      520      419      307      202      441      212      289      565      586      649      158      339      507      526      569      324      301      438      490      79       310      304      266      422      309      564      244      452      436      154      0        220      134      474      245      533      212      294      368      424      361      626      274      162      443      380      187      588      339      337      207      406      283      474      351      235      304      243      87       503      405      436      
