

sets
i        orders          /0*80/
k        routes          /1*80/
p        positions       /0*80/
;

alias(i,j)
alias(i,h)
alias(i,hh)
alias(i,jj)
alias(k,kk)
                            Parameters

rho(i)	Processing time
/
0	0
1	43
2	74
3	75
4	61
5	87
6	52
7	36
8	32
9	49
10	27
11	72
12	57
13	3
14	64
15	80
16	66
17	61
18	60
19	73
20	78
21	69
22	98
23	86
24	52
25	4
26	90
27	31
28	72
29	76
30	18
31	52
32	32
33	52
34	80
35	17
36	25
37	44
38	3
39	34
40	85
41	59
42	54
43	5
44	31
45	63
46	41
47	8
48	95
49	66
50	42
51	73
52	41
53	43
54	89
55	81
56	68
57	60
58	26
59	33
60	34
61	75
62	72
63	91
64	60
65	34
66	72
67	11
68	91
69	79
70	92
71	40
72	69
73	51
74	12
75	6
76	26
77	45
78	1
79	20
80	31
/

gamma(i)	Duedate
/
0	0
1	73
2	32
3	36
4	58
5	48
6	26
7	78
8	59
9	72
10	67
11	71
12	31
13	45
14	35
15	6
16	73
17	4
18	70
19	53
20	53
21	2
22	45
23	10
24	77
25	76
26	37
27	69
28	33
29	70
30	73
31	68
32	41
33	86
34	30
35	67
36	67
37	59
38	32
39	22
40	49
41	36
42	70
43	53
44	7
45	50
46	83
47	85
48	95
49	76
50	60
51	1
52	62
53	59
54	26
55	60
56	82
57	16
58	74
59	95
60	48
61	70
62	26
63	81
64	97
65	40
66	22
67	37
68	59
69	81
70	79
71	35
72	51
73	11
74	36
75	59
76	32
77	3
78	73
79	69
80	34
/

sigma(i)	Size
/
0	0
1	3
2	5
3	1
4	5
5	2
6	1
7	3
8	3
9	7
10	7
11	2
12	5
13	4
14	6
15	7
16	7
17	3
18	4
19	7
20	7
21	8
22	4
23	8
24	8
25	4
26	7
27	1
28	3
29	5
30	8
31	4
32	5
33	5
34	3
35	5
36	3
37	9
38	7
39	4
40	8
41	6
42	4
43	2
44	9
45	1
46	2
47	8
48	9
49	4
50	1
51	6
52	8
53	1
54	3
55	6
56	2
57	6
58	1
59	9
60	5
61	4
62	8
63	1
64	6
65	4
66	4
67	8
68	4
69	5
70	7
71	1
72	9
73	9
74	3
75	8
76	4
77	9
78	2
79	4
80	5
/

epsilon(i)	Priority
/
0	0
1	9
2	9
3	1
4	8
5	1
6	1
7	8
8	4
9	9
10	5
11	9
12	3
13	9
14	3
15	3
16	5
17	4
18	6
19	4
20	7
21	8
22	5
23	8
24	3
25	7
26	9
27	6
28	6
29	2
30	6
31	1
32	1
33	8
34	7
35	7
36	1
37	6
38	8
39	6
40	2
41	9
42	2
43	8
44	8
45	2
46	2
47	7
48	6
49	5
50	4
51	7
52	9
53	7
54	2
55	7
56	3
57	1
58	3
59	7
60	2
61	1
62	3
63	4
64	9
65	6
66	5
67	9
68	4
69	1
70	3
71	9
72	9
73	8
74	4
75	8
76	2
77	7
78	5
79	1
80	7
/

psi	Vehicle Capacity
/ 63 /
;

Table kappa(i,j)                 Setup
         0        1        2        3        4        5        6        7        8        9        10       11       12       13       14       15       16       17       18       19       20       21       22       23       24       25       26       27       28       29       30       31       32       33       34       35       36       37       38       39       40       41       42       43       44       45       46       47       48       49       50       51       52       53       54       55       56       57       58       59       60       61       62       63       64       65       66       67       68       69       70       71       72       73       74       75       76       77       78       79       80       
0        0        648      227      268      26       277      649      693      380      676      640      522      491      608      513      293      206      480      202      432      276      318      158      439      515      481      421      353      196      519      287      334      420      319      174      372      206      246      300      613      616      144      456      443      166      300      353      327      435      593      134      342      371      205      262      69       306      292      95       181      649      119      351      422      243      436      148      106      302      440      397      516      310      521      254      194      341      351      337      429      468      
1        648      0        434      723      639      504      3        670      269      37       30       289      229      521      627      392      625      637      849      760      889      389      738      228      147      482      452      752      845      449      518      435      654      374      817      278      744      461      770      507      140      596      616      309      748      466      453      793      628      673      649      959      981      443      533      609      846      545      623      657      86       537      409      226      448      273      682      604      346      460      517      366      727      162      438      480      729      885      398      474      399      
2        227      434      0        317      212      267      434      673      178      464      421      383      324      550      523      71       213      504      429      419      497      103      356      214      316      431      363      373      418      448      288      149      349      97       386      157      385      196      453      549      429      243      476      221      367      136      180      482      467      602      217      565      592      62       278      177      496      310      241      235      449      146      154      214      52       209      251      228      109      266      379      409      436      331      55       49       352      541      244      262      271      
3        268      723      317      0        245      516      724      943      492      757      704      698      642      840      769      335      104      740      351      171      471      333      409      495      625      714      647      86       312      742      531      294      203      348      260      463      464      462      562      841      741      406      715      432      414      258      286      588      695      851      138      518      550      351      510      221      547      543      361      95       755      335      321      522      282      455      120      368      427      337      640      717      578      644      291      270      78       589      539      320      394      
4        26       639      212      245      0        289      639      710      372      667      629      525      490      621      531      275      180      499      217      408      298      299      184      426      508      493      431      329      206      529      301      312      394      301      178      362      232      253      325      625      612      163      475      424      192      277      330      353      454      611      109      363      393      197      277      44       332      307      116      156      643      121      330      413      223      420      126      124      294      416      411      522      335      516      235      176      317      377      342      405      446      
5        277      504      267      516      289      0        503      427      269      520      508      284      289      331      260      324      423      237      421      657      416      358      271      372      357      204      145      592      438      244      20       415      606      344      436      293      256      72       266      336      420      142      210      446      280      404      448      289      199      340      379      482      499      206      29       297      347      47       192      421      471      181      415      308      319      411      406      175      226      531      124      254      222      345      323      288      575      383      107      528      524      
6        649      3        434      724      639      503      0        667      269      34       33       286      227      518      625      393      627      635      849      762      889      390      737      229      146      480      450      754      845      446      517      437      656      376      817      278      743      461      769      504      137      595      614      311      748      468      455      792      626      671      650      958      981      443      532      610      845      543      623      659      82       537      411      226      450      275      683      604      347      462      515      363      725      161      439      481      731      884      397      476      401      
7        693      670      673      943      710      427      667      0        585      660      692      391      471      150      186      712      850      224      786      1082     725      742      627      679      566      243      310      1019     816      243      411      808      1023     724      830      624      582      486      514      163      531      549      242      787      631      807      841      511      269      119      806      770      771      617      433      723      605      402      600      848      592      608      799      598      726      741      832      587      591      912      302      317      459      535      727      705      1001     612      431      915      886      
8        380      269      178      492      372      269      269      585      0        296      263      230      157      443      473      164      388      467      579      572      623      181      472      105      138      346      287      540      576      342      287      247      484      162      550      40       483      209      523      436      251      332      440      203      483      262      278      549      442      541      395      692      716      175      295      345      589      316      355      413      273      267      231      43       209      158      429      337      77       334      332      279      487      153      202      227      517      631      181      340      302      
9        676      37       464      757      667      520      34       660      296      0        65       287      237      512      628      425      659      640      875      797      912      423      760      262      166      483      457      788      872      446      532      471      691      409      846      308      763      481      786      497      129      617      619      346      770      502      490      808      633      670      681      981      1003     471      549      639      864      558      647      690      68       562      445      253      481      309      714      627      373      497      524      363      741      174      471      512      765      902      412      511      436      
10       640      30       421      704      629      508      33       692      263      65       0        307      242      542      643      375      608      651      841      736      886      370      735      211      153      498      465      730      836      467      523      413      629      357      806      267      743      462      773      529      165      594      629      285      745      446      431      797      640      691      634      955      979      435      537      598      846      550      619      641      115      530      387      219      433      251      667      600      339      433      528      384      731      173      422      467      707      886      403      448      372      
11       522      289      383      698      525      284      286      391      230      287      307      0        83       241      340      390      594      354      696      797      700      411      554      304      175      195      179      756      706      160      289      478      713      392      695      270      540      279      538      229      161      415      335      419      563      490      509      556      351      385      582      766      783      349      313      513      626      309      459      610      223      404      461      226      426      371      615      439      275      562      247      77       486      143      422      429      735      658      188      569      523      
12       491      229      324      642      490      289      227      471      157      237      242      83       0        321      402      321      537      409      678      729      697      339      546      222      97       258      223      694      683      232      299      404      641      319      666      195      541      263      554      311      132      403      387      337      556      420      434      575      398      455      534      765      784      302      319      472      636      324      441      558      183      372      386      146      363      288      568      421      215      483      288      153      506      69       357      372      672      672      182      490      442      
13       608      521      550      840      621      331      518      150      443      512      542      241      321      0        177      581      741      212      733      967      695      609      574      534      416      127      192      911      757      103      321      676      899      590      762      483      539      377      493      17       382      469      212      644      580      679      709      499      241      175      707      750      757      498      347      626      588      321      521      745      444      508      665      453      601      597      736      505      459      775      214      168      435      384      601      587      892      606      306      779      745      
14       513      627      523      769      531      260      625      186      473      628      643      340      402      177      0        573      681      40       600      916      543      605      441      576      497      145      187      849      629      185      241      667      866      589      644      508      396      328      333      193      501      368      56       672      445      659      700      334      82       81       631      592      595      463      260      548      427      226      418      675      563      437      663      497      576      630      655      406      459      779      145      265      276      471      578      548      832      439      296      778      762      
15       293      392      71       335      275      324      393      712      164      425      375      390      321      581      573      0        234      557      493      407      566      34       427      164      291      469      402      376      479      478      345      95       323      26       443      130      457      252      524      578      408      314      529      151      437      100      128      552      522      649      259      633      661      127      339      236      567      369      312      265      420      217      90       189      57       144      292      299      122      206      427      429      505      312      46       99       354      612      282      205      203      
16       206      625      213      104      180      423      627      850      388      659      608      594      537      741      681      234      0        654      346      236      454      237      361      397      523      616      549      170      315      642      440      209      215      250      267      361      412      365      505      742      638      327      627      346      368      170      210      533      610      762      77       511      543      247      421      143      508      454      289      42       653      244      235      420      180      363      89       291      322      279      547      614      513      541      189      165      151      552      438      264      327      
17       480      637      504      740      499      237      635      224      467      640      651      354      409      212      40       557      654      0        561      889      503      590      403      571      503      159      188      820      591      206      218      650      843      574      607      500      357      308      293      227      515      336      27       663      407      641      683      294      45       113      601      552      555      443      234      519      387      200      385      646      577      410      648      495      556      623      624      374      446      764      134      281      236      478      560      526      804      399      287      762      750      
18       202      849      429      351      217      421      849      786      579      875      841      696      678      733      600      493      346      561      0        518      124      516      160      642      711      613      564      430      43       660      424      522      547      519      92       574      205      418      290      742      807      281      544      641      154      485      536      306      517      672      272      167      200      406      397      258      232      416      237      306      845      312      543      622      440      637      258      257      502      618      521      676      334      714      452      393      429      263      507      604      655      
19       432      760      419      171      408      657      762      1082     572      797      736      797      729      967      916      407      236      889      518      0        641      392      579      543      691      844      776      88       478      865      674      332      112      411      426      536      633      595      730      966      808      562      863      451      584      309      308      757      846      997      298      685      717      468      656      376      718      689      522      251      808      479      355      592      371      488      287      526      522      311      779      828      743      716      375      379      93       760      660      295      376      
20       276      889      497      471      298      416      889      725      623      912      886      700      697      695      543      566      454      503      124      641      0        593      151      700      746      585      546      553      168      636      413      610      662      592      217      625      161      434      212      706      829      295      491      717      141      576      629      218      462      608      377      69       95       460      388      343      128      397      267      417      873      360      628      667      518      706      369      286      549      714      493      667      266      743      530      469      550      147      516      702      744      
21       318      389      103      333      299      358      390      742      181      423      370      411      339      609      605      34       237      590      516      392      593      0        457      161      300      499      433      368      500      506      378      67       302      19       461      144      488      285      557      605      417      346      562      124      467      82       99       585      555      681      272      660      688      161      373      258      598      403      343      272      423      248      57       200      75       127      303      330      150      173      459      454      538      323      63       123      345      643      312      173      169      
22       158      738      356      409      184      271      737      627      472      760      735      554      546      574      441      427      361      403      160      579      151      457      0        552      594      456      409      495      188      503      271      483      576      453      209      476      56       283      155      583      678      143      385      578      10       452      505      179      358      515      286      220      244      314      244      227      148      259      118      332      722      214      498      516      385      563      291      135      399      594      363      525      185      591      396      336      486      193      367      584      616      
23       439      228      214      495      426      372      229      679      105      262      211      304      222      534      576      164      397      571      642      543      700      161      552      0        153      445      389      527      633      436      391      212      443      146      600      79       570      308      618      525      267      419      545      115      563      241      236      645      547      643      424      769      795      239      396      392      679      419      434      430      265      339      188      81       222      67       457      417      156      267      437      366      586      183      211      258      504      722      286      276      220      
24       515      147      316      625      508      357      146      566      138      166      153      175      97       416      497      291      523      503      711      691      746      300      594      153      0        354      315      667      711      329      370      359      594      282      687      162      597      314      622      405      117      451      479      267      604      383      385      646      489      552      533      815      836      312      386      483      698      397      481      549      135      399      337      103      343      219      567      461      215      420      376      249      579      33       334      364      644      737      250      430      371      
25       481      482      431      714      493      204      480      243      346      483      498      195      258      127      145      469      616      159      613      844      585      499      456      445      354      0        67       786      635      53       195      564      781      481      638      384      425      251      392      131      357      343      143      549      463      563      597      404      164      198      580      644      654      377      221      500      487      198      395      619      419      381      556      365      483      504      609      378      348      669      93       122      335      327      483      465      767      511      187      671      645      
26       421      452      363      647      431      145      450      310      287      457      465      179      223      192      187      402      549      188      564      776      546      433      409      389      315      67       0        719      582      98       140      498      713      415      582      324      385      185      366      194      338      287      164      489      417      496      531      382      175      254      515      608      621      309      167      435      459      150      338      553      398      316      490      310      416      445      544      320      282      604      68       123      312      291      416      397      700      487      120      606      582      
27       353      752      373      86       329      592      754      1019     540      788      730      756      694      911      849      376      170      820      430      88       553      368      495      527      667      786      719      0        390      811      609      317      153      385      338      507      550      535      648      912      785      488      795      449      500      286      300      674      776      930      221      597      629      415      589      302      632      622      445      174      792      412      343      566      331      479      205      451      481      328      716      781      663      689      337      329      23       674      607      311      391      
28       196      845      418      312      206      438      845      816      576      872      836      706      683      757      629      479      315      591      43       478      168      500      188      633      711      635      582      390      0        679      442      501      510      504      52       568      238      427      328      764      810      296      573      624      185      463      512      346      546      703      244      207      239      401      415      242      274      436      248      274      845      312      523      618      424      624      226      267      498      591      543      690      369      716      436      379      389      307      518      577      632      
29       519      449      448      742      529      244      446      243      342      446      467      160      232      103      185      478      642      206      660      865      636      506      503      436      329      53       98       811      679      0        237      572      796      487      680      381      475      280      445      101      318      385      193      544      511      575      606      457      215      224      611      695      706      397      264      532      540      244      436      648      380      413      562      354      498      498      640      419      355      673      143      82       388      300      497      485      791      564      204      676      644      
30       287      518      288      531      301      20       517      411      287      532      523      289      299      321      241      345      440      218      424      674      413      378      271      391      370      195      140      609      442      237      0        436      625      365      443      312      252      93       254      326      430      148      190      466      279      424      468      276      179      322      394      477      493      226      27       312      338      28       200      437      482      196      435      325      339      431      421      183      246      551      110      254      208      357      343      308      591      373      120      549      544      
31       334      435      149      294      312      415      437      808      247      471      413      478      404      676      667      95       209      650      522      332      610      67       483      212      359      564      498      317      501      572      436      0        237      86       458      209      520      343      596      672      476      387      622      138      493      39       33       625      614      744      260      675      705      211      427      267      628      459      375      249      477      286      26       262      103      162      288      365      217      117      521      521      583      385      95       149      294      674      377      113      134      
32       420      654      349      203      394      606      656      1023     484      691      629      713      641      899      866      323      215      843      547      112      662      302      576      443      594      781      713      153      510      796      625      237      0        321      458      446      627      539      720      897      710      532      816      344      583      223      208      748      802      947      290      714      746      405      610      355      723      644      500      247      706      439      257      499      297      384      293      499      443      200      725      751      724      621      298      318      139      767      594      184      265      
33       319      374      97       348      301      344      376      724      162      409      357      392      319      590      589      26       250      574      519      411      592      19       453      146      282      481      415      385      504      487      365      86       321      0        467      125      483      271      549      586      399      339      547      124      464      101      118      577      540      665      281      659      688      151      360      261      593      390      338      284      407      243      74       181      80       120      313      325      132      189      443      434      529      305      68       125      362      638      295      190      180      
34       174      817      386      260      178      436      817      830      550      846      806      695      666      762      644      443      267      607      92       426      217      461      209      600      687      638      582      338      52       680      443      458      458      467      0        539      264      417      359      769      790      294      587      584      209      419      468      379      562      720      198      259      291      375      416      208      315      440      243      224      822      294      480      592      386      587      177      261      472      544      548      685      394      694      398      344      337      350      508      530      587      
35       372      278      157      463      362      293      278      624      40       308      267      270      195      483      508      130      361      500      574      536      625      144      476      79       162      384      324      507      568      381      312      209      446      125      539      0        492      228      539      477      278      341      473      165      487      226      239      565      473      578      374      695      720      168      317      331      600      340      358      388      293      266      191      59       181      122      408      340      77       294      366      320      506      182      172      205      485      643      213      299      262      
36       206      744      385      464      232      256      743      582      483      763      743      540      541      539      396      457      412      357      205      633      161      488      56       570      597      425      385      550      238      475      252      520      627      483      264      492      0        282      98       549      673      151      341      606      55       491      544      123      313      467      338      225      242      337      227      273      110      235      145      385      721      239      532      527      419      587      345      158      415      633      332      505      131      591      429      371      540      155      359      624      652      
37       246      461      196      462      253      72       461      486      209      481      462      279      263      377      328      252      365      308      418      595      434      285      283      308      314      251      185      535      427      280      93       343      539      271      417      228      282      0        314      379      394      140      280      375      293      332      375      339      271      407      330      502      523      135      90       251      384      118      180      368      439      133      342      251      248      342      360      160      156      458      185      270      278      309      252      220      516      424      91       456      451      
38       300      770      453      562      325      266      769      514      523      786      773      538      554      493      333      524      505      293      290      730      212      557      155      618      622      392      366      648      328      445      254      596      720      549      359      539      98       314      0        505      684      210      283      668      152      570      622      29       254      396      433      259      264      398      236      364      95       230      224      481      737      309      605      565      493      644      442      231      463      712      304      490      58       611      502      447      638      120      373      704      724      
39       613      507      549      841      625      336      504      163      436      497      529      229      311      17       193      578      742      227      742      966      706      605      583      525      405      131      194      912      764      101      326      672      897      586      769      477      549      379      505      0        368      475      226      637      589      675      705      512      254      192      709      762      769      498      353      629      600      328      527      747      429      511      660      445      599      589      738      510      455      770      221      159      447      373      598      586      892      619      305      774      738      
40       616      140      429      741      612      420      137      531      251      129      165      161      132      382      501      408      638      515      807      808      829      417      678      267      117      357      338      785      810      318      430      476      710      399      790      278      673      394      684      368      0        535      496      376      688      500      502      705      512      541      645      896      916      418      450      590      768      454      571      664      62       497      453      219      459      330      679      551      323      531      406      236      635      98       450      478      762      803      314      542      478      
41       144      596      243      406      163      142      595      549      332      617      594      415      403      469      368      314      327      336      281      562      295      346      143      419      451      343      287      488      296      385      148      387      532      339      294      341      151      140      210      475      535      0        312      460      153      363      415      238      291      448      267      363      385      189      122      186      259      148      51       313      578      101      396      376      284      438      288      38       263      504      255      395      197      448      292      239      473      303      227      497      514      
42       456      616      476      715      475      210      614      242      440      619      629      335      387      212      56       529      627      27       544      863      491      562      385      545      479      143      164      795      573      193      190      622      816      547      587      473      341      280      283      226      496      312      0        636      389      613      655      287      29       136      576      542      547      415      207      493      378      173      361      620      558      383      620      469      529      596      599      350      419      736      108      264      226      456      532      498      778      394      260      735      723      
43       443      309      221      432      424      446      311      787      203      346      285      419      337      644      672      151      346      663      641      451      717      124      578      115      267      549      489      449      624      544      466      138      344      124      584      165      606      375      668      637      376      460      636      0        588      176      148      696      634      743      392      784      812      270      465      383      716      493      462      385      364      366      111      193      200      48       421      448      220      155      529      478      644      298      188      248      426      761      376      167      104      
44       166      748      367      414      192      280      748      631      483      770      745      563      556      580      445      437      368      407      154      584      141      467      10       563      604      463      417      500      185      511      279      493      583      464      209      487      55       293      152      589      688      153      389      588      0        461      515      176      362      518      293      210      233      324      253      235      140      267      129      339      732      224      507      526      395      573      297      146      410      603      370      534      185      601      406      346      491      185      377      593      626      
45       300      466      136      258      277      404      468      807      262      502      446      490      420      679      659      100      170      641      485      309      576      82       452      241      383      563      496      286      463      575      424      39       223      101      419      226      491      332      570      675      500      363      613      176      461      0        53       599      603      738      222      640      670      198      413      232      598      446      347      210      505      262      64       283      84       196      249      339      221      142      515      528      560      406      81       124      263      644      375      134      169      
46       353      453      180      286      330      448      455      841      278      490      431      509      434      709      700      128      210      683      536      308      629      99       505      236      385      597      531      300      512      606      468      33       208      118      468      239      544      375      622      705      502      415      655      148      515      53       0        651      646      777      269      692      722      243      459      285      652      491      400      252      500      314      48       291      132      180      294      391      250      89       555      553      611      412      125      176      277      698      410      82       119      
47       327      793      482      588      353      289      792      511      549      808      797      556      575      499      334      552      533      294      306      757      218      585      179      645      646      404      382      674      346      457      276      625      748      577      379      565      123      339      29       512      705      238      287      696      176      599      651      0        258      393      461      259      261      427      260      392      93       251      253      508      758      338      634      590      522      671      469      260      490      741      318      505      70       634      531      476      664      107      396      733      753      
48       435      628      467      695      454      199      626      269      442      633      640      351      398      241      82       522      610      45       517      846      462      555      358      547      489      164      175      776      546      215      179      614      802      540      562      473      313      271      254      254      512      291      29       634      362      603      646      258      0        159      557      513      518      405      192      474      349      158      339      602      573      367      613      472      518      595      579      329      415      729      112      283      197      466      522      486      760      365      261      727      718      
49       593      673      602      851      611      340      671      119      541      670      691      385      455      175      81       649      762      113      672      997      608      681      515      643      552      198      254      930      703      224      322      744      947      665      720      578      467      407      396      192      541      448      136      743      518      738      777      393      159      0        712      652      652      542      341      629      486      308      498      756      603      518      739      562      655      699      736      487      533      854      223      307      342      523      657      628      913      493      370      855      836      
