

sets
i        orders          /0*80/
k        routes          /1*80/
p        positions       /0*80/
;

alias(i,j)
alias(i,h)
alias(i,hh)
alias(i,jj)
alias(k,kk)
                            Parameters

rho(i)	Processing time
/
0	0
1	52
2	5
3	99
4	19
5	65
6	41
7	77
8	32
9	42
10	94
11	39
12	59
13	34
14	94
15	66
16	26
17	82
18	82
19	8
20	87
21	38
22	68
23	31
24	59
25	78
26	57
27	90
28	24
29	11
30	2
31	84
32	14
33	53
34	51
35	86
36	87
37	56
38	86
39	81
40	68
41	94
42	3
43	30
44	4
45	37
46	71
47	54
48	3
49	16
50	28
51	2
52	66
53	39
54	13
55	57
56	91
57	12
58	60
59	34
60	56
61	92
62	18
63	22
64	95
65	5
66	20
67	64
68	60
69	14
70	59
71	89
72	39
73	23
74	22
75	32
76	6
77	40
78	36
79	10
80	17
/

gamma(i)	Duedate
/
0	0
1	71
2	86
3	1
4	10
5	92
6	58
7	17
8	59
9	31
10	76
11	82
12	28
13	8
14	71
15	73
16	89
17	82
18	51
19	30
20	72
21	96
22	53
23	21
24	65
25	30
26	97
27	63
28	41
29	76
30	48
31	45
32	62
33	30
34	92
35	26
36	23
37	62
38	80
39	20
40	26
41	94
42	96
43	4
44	52
45	38
46	78
47	47
48	88
49	64
50	73
51	38
52	45
53	9
54	36
55	36
56	79
57	60
58	20
59	6
60	80
61	55
62	95
63	39
64	97
65	85
66	88
67	67
68	53
69	52
70	75
71	92
72	16
73	33
74	79
75	21
76	11
77	27
78	72
79	92
80	53
/

sigma(i)	Size
/
0	0
1	8
2	7
3	6
4	1
5	4
6	9
7	3
8	8
9	8
10	2
11	7
12	8
13	9
14	2
15	9
16	3
17	3
18	3
19	5
20	3
21	3
22	3
23	2
24	6
25	1
26	5
27	8
28	9
29	6
30	5
31	2
32	9
33	5
34	6
35	3
36	5
37	2
38	8
39	1
40	9
41	8
42	3
43	1
44	1
45	8
46	6
47	2
48	2
49	9
50	8
51	4
52	3
53	8
54	1
55	8
56	7
57	4
58	2
59	4
60	7
61	7
62	7
63	8
64	4
65	2
66	9
67	9
68	1
69	7
70	2
71	8
72	4
73	7
74	6
75	6
76	9
77	4
78	3
79	3
80	5
/

epsilon(i)	Priority
/
0	0
1	4
2	7
3	6
4	1
5	2
6	7
7	3
8	3
9	7
10	9
11	3
12	1
13	3
14	9
15	8
16	2
17	4
18	3
19	1
20	7
21	8
22	7
23	5
24	5
25	2
26	3
27	9
28	2
29	4
30	5
31	7
32	6
33	4
34	2
35	3
36	7
37	7
38	2
39	5
40	5
41	8
42	8
43	2
44	4
45	3
46	5
47	9
48	3
49	6
50	6
51	7
52	8
53	2
54	5
55	8
56	9
57	1
58	8
59	1
60	5
61	3
62	3
63	8
64	3
65	6
66	9
67	2
68	6
69	9
70	2
71	8
72	2
73	6
74	8
75	4
76	2
77	3
78	8
79	6
80	1
/

psi	Vehicle Capacity
/ 38 /
;

Table kappa(i,j)                 Setup
         0        1        2        3        4        5        6        7        8        9        10       11       12       13       14       15       16       17       18       19       20       21       22       23       24       25       26       27       28       29       30       31       32       33       34       35       36       37       38       39       40       41       42       43       44       45       46       47       48       49       50       51       52       53       54       55       56       57       58       59       60       61       62       63       64       65       66       67       68       69       70       71       72       73       74       75       76       77       78       79       80       
0        0        749      484      406      522      378      527      396      512      303      459      726      795      258      776      115      631      442      277      769      335      344      188      731      394      578      586      535      579      245      497      543      703      774      601      147      366      611      345      620      591      295      561      273      363      485      449      566      734      545      131      765      708      237      478      503      79       561      550      599      738      294      787      814      643      593      472      806      420      813      454      549      452      558      447      450      205      585      690      895      310      
1        749      0        424      495      269      665      268      386      663      661      292      59       46       669      29       680      559      692      522      100      419      502      561      281      504      515      407      527      544      574      352      346      130      30       217      754      433      390      481      192      497      617      544      499      526      707      302      577      564      208      732      338      271      801      470      258      794      343      483      214      234      636      187      100      313      327      418      87       332      112      522      657      308      329      415      375      652      461      81       145      465      
2        484      424      0        90       389      637      164      371      716      587      232      372      457      565      439      376      716      695      207      500      227      465      327      592      510      652      578      634      162      241      74       84       468      434      434      569      402      584      139      233      139      233      662      378      507      731      234      181      780      258      542      651      570      652      46       210      556      507      610      428      565      248      566      522      174      127      16       435      220      530      573      734      321      103      469      84       305      115      343      545      373      
3        406      495      90       0        414      602      227      367      696      546      259      448      532      518      513      294      718      665      139      563      206      443      268      632      493      653      591      629      187      161      145      171      522      509      471      504      389      601      80       310      188      142      659      345      485      703      258      187      792      309      477      689      609      591      72       256      481      525      611      466      611      158      622      590      265      217      86       515      234      596      561      718      337      190      468      123      217      178      416      624      348      
4        522      269      389      414      0        397      246      128      410      392      157      277      314      403      298      480      348      428      365      255      240      234      348      228      234      289      196      286      549      413      321      351      184      299      78       499      170      197      358      267      516      484      310      252      257      448      157      570      396      159      480      279      204      537      431      186      552      121      249      76       221      503      264      305      395      372      374      350      180      299      261      411      83       347      147      306      484      482      250      406      215      
5        378      665      637      602      397      0        572      302      135      74       462      673      710      119      694      434      286      67       473      634      410      181      352      507      162      253      319      210      787      484      602      649      562      695      453      250      256      348      522      633      775      570      224      259      144      110      452      790      391      523      253      514      492      214      659      516      343      344      246      455      537      581      608      685      729      689      620      747      444      676      157      174      385      654      250      561      506      752      644      797      265      
6        527      268      164      227      246      572      0        273      625      538      111      223      306      529      287      439      592      621      268      337      198      391      342      432      422      530      443      520      312      318      90       106      303      283      277      572      317      443      216      94       274      350      546      333      429      650      120      338      643      96       546      492      410      641      211      62       587      368      489      272      402      369      401      362      158      127      155      297      129      369      474      635      200      100      359      106      395      239      190      401      312      
7        396      386      371      367      128      302      273      0        352      281      162      382      433      284      415      365      350      347      281      383      163      122      232      338      148      285      232      263      532      320      320      362      312      415      206      371      48       248      296      331      509      402      292      124      158      376      154      545      427      221      351      379      314      414      404      215      424      179      243      204      341      419      391      432      432      397      354      461      154      427      204      365      84       364      100      287      384      480      350      528      87       
8        512      663      716      696      410      135      625      352      0        209      514      683      704      254      691      560      176      82       576      612      492      252      465      455      206      171      269      141      874      595      671      714      545      693      445      385      315      295      616      671      856      683      136      353      211      58       506      882      275      558      389      446      445      342      745      564      479      321      187      449      494      695      569      663      783      749      700      749      506      651      151      40       425      717      268      635      626      829      659      781      347      
9        303      661      587      546      392      74       538      281      209      0        432      662      707      45       690      361      346      140      411      641      363      160      287      534      166      305      352      260      732      418      559      607      568      691      457      180      233      382      465      608      723      503      280      210      137      184      421      733      452      501      181      548      516      163      606      486      272      362      289      458      558      513      625      692      693      650      571      740      409      684      191      246      365      614      255      516      435      702      631      799      226      
10       459      292      232      259      157      462      111      162      514      432      0        266      337      425      318      388      490      510      238      330      127      281      271      373      311      426      347      413      393      289      168      204      276      315      212      482      206      352      213      178      363      347      441      233      319      539      11       413      549      85       457      429      349      544      273      54       509      275      385      207      354      366      374      368      269      235      217      347      40       370      364      525      93       204      251      148      367      331      231      437      207      
11       726      59       372      448      277      673      223      382      683      662      266      0        84       667      67       650      591      705      486      158      391      502      537      329      511      542      436      551      487      537      303      292      174      62       240      742      430      422      439      139      439      574      570      487      531      724      277      520      605      181      718      388      316      795      417      225      775      367      508      236      284      593      243      159      254      270      367      80       305      171      537      680      300      275      425      329      615      403      35       178      456      
12       795      46       457      532      314      710      306      433      704      707      337      84       0        716      19       724      593      735      565      112      464      548      607      304      548      551      443      566      569      616      387      376      163      23       259      801      479      425      521      223      520      657      581      546      572      749      347      603      592      252      779      358      297      848      502      301      840      383      522      256      255      675      197      89       333      353      452      60       377      105      564      696      355      359      459      413      695      485      116      99       512      
13       258      669      565      518      403      119      529      284      254      45       425      667      716      0        698      319      388      184      382      655      345      169      254      560      189      344      383      299      705      384      543      591      583      699      472      137      236      412      439      603      700      467      320      195      157      228      414      704      494      499      136      578      541      136      581      480      227      386      325      472      581      476      645      706      680      636      549      745      399      700      226      292      367      600      273      497      396      680      634      809      217      
14       776      29       439      513      298      694      287      415      691      690      318      67       19       698      0        705      584      721      545      112      444      531      588      300      532      541      433      554      553      597      369      359      154      5        245      782      462      415      502      205      505      637      570      528      556      736      328      587      586      233      760      356      292      830      484      281      821      370      510      242      252      656      198      97       318      337      434      62       358      112      550      684      336      342      444      394      675      469      97       119      494      
15       115      680      376      294      480      434      439      365      560      361      388      650      724      319      705      0        653      501      175      712      261      350      133      702      405      594      581      555      464      134      397      440      651      702      558      243      348      603      240      533      478      180      584      254      379      544      378      451      751      472      220      744      679      336      367      425      194      542      560      555      702      181      741      754      541      491      365      729      347      754      474      594      402      457      437      351      91       473      614      824      287      
16       631      559      716      718      348      286      592      350      176      346      490      591      593      388      584      653      0        253      621      489      513      305      535      309      248      65       156      98       879      653      658      693      430      587      352      525      334      169      645      614      852      740      70       409      274      235      485      894      105      507      523      286      306      501      753      530      615      230      106      357      354      755      430      537      743      718      701      646      496      522      179      144      397      691      250      632      702      821      574      656      387      
17       442      692      695      665      428      67       621      347      82       140      510      705      735      184      721      501      253      0        537      651      468      232      418      509      200      235      319      196      848      550      657      702      581      722      476      309      304      347      584      677      834      637      202      320      191      43       501      852      355      565      315      508      497      261      719      562      403      358      239      478      544      648      617      703      779      741      679      776      496      692      170      121      428      707      280      617      573      810      678      818      322      
18       277      522      207      139      365      473      268      281      576      411      238      486      565      382      545      175      621      537      0        568      125      327      128      593      382      557      513      527      326      51       222      266      513      542      437      365      287      529      68       362      327      121      557      222      367      577      231      323      706      315      338      644      569      451      209      263      349      457      517      433      583      139      610      605      366      316      195      563      199      607      452      601      282      282      376      176      130      314      451      663      235      
19       769      100      500      563      255      634      337      383      612      641      330      158      112      655      112      712      489      651      568      0        453      486      586      192      476      452      345      472      632      619      426      427      72       117      183      754      425      324      536      276      586      673      484      505      503      661      338      663      482      256      734      245      187      791      546      310      805      293      426      182      143      692      87       51       407      416      492      172      369      44       481      601      317      412      386      440      697      549      170      168      468      
20       335      419      227      206      240      410      198      163      492      363      127      391      464      345      444      261      513      468      125      453      0        240      146      468      288      448      394      422      381      173      198      246      394      442      312      374      182      407      132      287      366      245      452      152      282      504      117      390      591      211      348      518      444      446      252      168      390      333      407      308      458      264      489      493      337      292      210      471      86       494      355      512      157      255      263      153      247      342      356      564      146      
21       344      502      465      443      234      181      391      122      252      160      281      502      548      169      531      350      305      232      327      486      240      0        230      400      56       244      242      207      621      352      425      470      413      531      302      279      75       267      364      453      605      440      236      106      42       265      271      629      401      344      265      427      380      305      492      335      350      225      210      303      417      455      478      537      548      510      449      579      264      530      127      275      207      475      109      386      397      579      472      640      94       
22       188      561      327      268      348      352      342      232      465      287      271      537      607      254      588      133      535      418      128      586      146      230      0        569      287      473      452      438      454      132      324      371      522      586      426      242      217      472      191      433      454      218      467      127      265      460      260      451      629      356      215      611      545      325      335      315      244      410      437      424      569      230      611      630      469      421      313      618      231      629      358      494      272      384      308      275      166      439      502      707      156      
23       731      281      592      632      228      507      432      338      455      534      373      329      304      560      300      702      309      509      593      192      468      400      569      0        370      285      190      315      744      641      519      537      155      305      161      680      364      161      583      407      704      712      320      458      403      510      375      770      290      335      665      61       24       695      637      382      748      175      270      165      49       731      121      234      547      541      580      363      403      218      350      436      311      527      291      515      712      669      326      352      422      
24       394      504      510      493      234      162      422      148      206      166      311      511      548      189      532      405      248      200      382      476      288      56       287      370      0        188      198      150      669      409      465      509      404      533      293      314      109      226      416      477      650      496      179      162      33       227      303      678      345      365      303      390      352      325      540      363      392      197      156      295      392      511      459      528      581      545      494      585      301      520      71       224      228      512      90       429      454      623      482      637      147      
25       578      515      652      653      289      253      530      285      171      305      426      542      551      344      541      594      65       235      557      452      448      244      473      285      188      0        108      44       814      589      594      630      389      544      302      480      269      129      580      556      788      676      34       346      216      227      421      829      157      448      475      275      277      465      688      468      566      176      41       306      326      691      402      502      683      657      636      602      432      489      123      150      333      629      184      567      639      757      523      621      323      
26       586      407      578      591      196      319      443      232      269      352      347      436      443      383      433      581      156      319      513      345      394      242      452      190      198      108      0        128      740      552      514      547      281      436      196      512      234      29       524      458      710      635      139      326      231      322      343      758      202      354      501      196      177      516      617      381      589      75       82       201      225      652      300      395      590      568      563      494      360      383      163      255      256      543      143      493      612      677      418      514      295      
27       535      527      634      629      286      210      520      263      141      260      413      551      566      299      554      555      98       196      527      472      422      207      438      315      150      44       128      0        795      557      579      617      405      557      311      436      241      154      554      553      771      644      30       312      176      194      407      808      198      443      431      311      305      421      668      458      523      184      45       315      353      659      428      523      675      647      617      614      414      510      82       129      320      617      164      549      604      741      529      641      292      
28       579      544      162      187      549      787      312      532      874      732      393      487      569      705      553      464      879      848      326      632      381      621      454      744      669      814      740      795      0        339      228      208      610      548      589      687      561      745      266      355      50       287      824      528      663      885      396      37       943      409      661      805      723      776      129      366      657      669      773      584      714      293      706      645      239      216      178      534      382      656      733      893      484      220      631      247      377      84       465      645      527      
29       245      574      241      161      413      484      318      320      595      418      289      537      616      384      597      134      653      550      51       619      173      352      132      641      409      589      552      557      339      0        266      307      564      593      485      349      321      569      107      412      347      88       587      246      391      591      282      330      741      367      322      690      617      439      233      315      320      499      550      481      631      102      660      656      407      357      230      613      250      659      480      623      330      324      412      222      78       340      502      714      265      
30       497      352      74       145      321      602      90       320      671      559      168      303      387      543      369      397      658      657      222      426      198      425      324      519      465      594      514      579      228      266      0        48       393      364      362      564      356      518      158      164      195      280      607      349      466      691      172      251      717      184      537      579      497      641      121      138      564      442      552      356      491      298      491      449      146      97       66       370      165      457      524      686      260      61       415      48       339      163      272      478      337      
31       543      346      84       171      351      649      106      362      714      607      204      292      376      591      359      440      693      702      266      427      246      470      371      537      509      630      547      617      208      307      48       0        402      354      384      612      400      549      200      154      168      312      645      396      511      735      210      236      748      203      585      597      515      690      126      165      611      473      589      378      505      329      498      445      100      50       85       352      207      454      566      727      297      19       454      96       378      132      265      462      383      
32       703      130      468      522      184      562      303      312      545      568      276      174      163      583      154      651      430      581      513      72       394      413      522      155      404      389      281      405      610      564      393      402      0        157      111      683      354      262      487      261      567      623      419      435      431      592      282      639      434      213      664      215      142      719      514      266      736      224      360      110      111      642      99       124      399      399      458      216      314      116      410      535      250      390      314      400      641      531      171      236      399      
33       774      30       434      509      299      695      283      415      693      691      315      62       23       699      5        702      587      722      542      117      442      531      586      305      533      544      436      557      548      593      364      354      157      0        247      782      462      418      498      201      499      634      573      527      556      737      325      581      590      230      759      360      296      830      479      279      820      373      513      244      257      652      204      103      313      332      429      58       355      118      552      686      336      337      445      390      672      464      93       121      493      
34       601      217      434      471      78       453      277      206      445      457      212      240      259      472      245      558      352      476      437      183      312      302      426      161      293      302      196      311      589      485      362      384      111      247      0        574      245      185      423      271      552      553      329      330      320      490      214      613      380      181      555      218      137      607      478      224      630      127      268      5        146      572      185      234      409      395      421      303      242      227      305      440      157      376      203      355      559      517      221      344      293      
35       147      754      569      504      499      250      572      371      385      180      482      742      801      137      782      243      525      309      365      754      374      279      242      680      314      480      512      436      687      349      564      612      683      782      574      0        329      540      431      657      692      418      458      254      281      350      471      679      631      564      27       704      660      92       574      533      94       505      459      574      696      421      755      803      709      661      554      822      448      799      360      424      446      625      389      516      333      679      708      898      288      
36       366      433      402      389      170      256      317      48       315      233      206      430      479      236      462      348      334      304      287      425      182      75       217      364      109      269      234      241      561      321      356      400      354      462      245      329      0        255      313      378      541      407      271      95       112      335      197      571      419      268      310      400      342      368      432      260      387      196      229      244      373      423      427      475      475      437      385      508      192      470      172      332      132      404      91       320      378      514      399      574      61       
37       611      390      584      601      197      348      443      248      295      382      352      422      425      412      415      603      169      347      529      324      407      267      472      161      226      129      29       154      745      569      518      549      262      418      185      540      255      0        537      453      713      650      161      349      259      348      349      765      199      352      529      166      150      545      624      383      616      77       108      190      199      668      274      373      587      568      569      477      368      360      192      278      264      544      166      500      631      680      406      492      316      
38       345      481      139      80       358      522      216      296      616      465      213      439      521      439      502      240      645      584      68       536      132      364      191      583      416      580      524      554      266      107      158      200      487      498      423      431      313      537      0        309      262      137      584      264      406      623      208      268      723      279      404      637      559      516      143      225      417      462      539      418      567      156      586      569      300      250      126      514      180      573      484      639      277      217      396      115      181      248      406      618      269      
39       620      192      233      310      267      633      94       331      671      608      178      139      223      603      205      533      614      677      362      276      287      453      433      407      477      556      458      553      355      412      164      154      261      201      271      657      378      453      309      0        309      440      577      411      489      702      189      387      650      112      632      469      388      721      278      124      677      383      517      265      370      459      352      291      140      140      228      206      209      301      519      676      249      137      402      195      489      273      111      314      385      
40       591      497      139      188      516      775      274      509      856      723      363      439      520      700      505      478      852      834      327      586      366      605      454      704      650      788      710      771      50       347      195      168      567      499      552      692      541      713      262      309      0        307      800      516      647      870      367      87       912      371      665      765      683      778      119      331      668      637      746      546      672      316      661      597      189      169      156      484      356      608      712      873      455      178      607      222      394      36       417      595      512      
41       295      617      233      142      484      570      350      402      683      503      347      574      657      467      637      180      740      637      121      673      245      440      218      712      496      676      635      644      287      88       280      312      623      634      553      418      407      650      137      440      307      0        674      334      479      678      342      271      826      416      392      763      688      510      209      362      374      578      637      549      699      19       721      706      408      359      228      646      312      710      567      711      402      331      497      245      90       309      541      752      352      
42       561      544      662      659      310      224      546      292      136      280      441      570      581      320      570      584      70       202      557      484      452      236      467      320      179      34       139      30       824      587      607      645      419      573      329      458      271      161      584      577      800      674      0        341      204      193      435      838      174      467      454      310      311      438      697      484      546      202      61       333      360      689      436      534      701      673      646      631      443      521      110      117      348      644      193      578      633      769      549      653      322      
43       273      499      378      345      252      259      333      124      353      210      233      487      546      195      528      254      409      320      222      505      152      106      127      458      162      346      326      312      528      246      349      396      435      527      330      254      95       349      264      411      516      334      341      0        145      358      222      532      501      312      232      495      435      310      400      287      300      291      310      329      465      348      515      552      484      441      362      568      204      549      233      379      191      405      183      305      293      493      454      644      37       
44       363      526      507      485      257      144      429      158      211      137      319      531      572      157      556      379      274      191      367      503      282      42       265      403      33       216      231      176      663      391      466      511      431      556      320      281      112      259      406      489      647      479      204      145      0        224      309      671      374      378      270      423      384      293      534      372      359      228      187      321      424      493      489      555      588      550      491      606      304      547      94       234      241      516      117      428      431      621      501      662      136      
45       485      707      731      703      448      110      650      376      58       184      539      724      749      228      736      544      235      43       577      661      504      265      460      510      227      227      322      194      885      591      691      735      592      737      490      350      335      348      623      702      870      678      193      358      224      0        530      891      332      590      358      503      499      297      756      591      444      368      239      493      547      689      622      712      809      772      714      793      528      701      186      93       454      739      302      652      616      845      698      829      358      
46       449      302      234      258      157      452      120      154      506      421      11       277      347      414      328      378      485      501      231      338      117      271      260      375      303      421      343      407      396      282      172      210      282      325      214      471      197      349      208      189      367      342      435      222      309      530      0        415      546      96       446      431      352      533      275      65       498      272      379      210      358      361      380      377      278      243      219      357      31       378      356      517      88       211      244      150      359      335      241      447      197      
47       566      577      181      187      570      790      338      545      882      733      413      520      603      704      587      451      894      852      323      663      390      629      451      770      678      829      758      808      37       330      251      236      639      581      613      679      571      765      268      387      87       271      838      532      671      891      415      0        961      435      653      830      748      769      141      389      645      688      787      608      741      275      735      677      274      249      195      569      399      688      744      902      501      250      645      265      361      119      497      680      534      
48       734      564      780      792      396      391      643      427      275      452      549      605      592      494      586      751      105      355      706      482      591      401      629      290      345      157      202      198      943      741      717      748      434      590      380      631      419      199      723      650      912      826      174      501      374      332      546      961      0        552      628      248      295      606      820      582      720      275      191      385      339      842      409      524      786      767      765      649      562      508      280      238      459      743      329      696      794      879      594      641      476      
49       545      208      258      309      159      523      96       221      558      501      85       181      252      499      233      472      507      565      315      256      211      344      356      335      365      448      354      443      409      367      184      203      213      230      181      564      268      352      279      112      371      416      467      312      378      590      96       435      552      0        540      395      313      622      304      54       594      279      408      175      307      435      312      290      236      216      247      261      125      293      407      564      137      195      290      187      445      335      145      352      283      
