
sets
i        orders          /0*40/
k        routes          /1*40/
p        positions       /0*40/
;

alias(i,j)
alias(i,h)
alias(i,hh)
alias(i,jj)
alias(k,kk)
                
                    Parameters

rho(i)	Processing time
/
0	0
1	39
2	33
3	72
4	24
5	42
6	24
7	88
8	30
9	55
10	38
11	44
12	85
13	7
14	1
15	2
16	55
17	36
18	28
19	80
20	66
21	75
22	52
23	94
24	10
25	27
26	38
27	19
28	56
29	90
30	23
31	12
32	50
33	2
34	48
35	84
36	2
37	54
38	42
39	19
40	51
/

gamma(i)	Duedate
/
0	0
1	54
2	61
3	22
4	99
5	38
6	72
7	53
8	43
9	90
10	32
11	40
12	8
13	56
14	46
15	21
16	96
17	47
18	96
19	41
20	59
21	11
22	36
23	17
24	69
25	77
26	20
27	80
28	59
29	72
30	3
31	76
32	28
33	80
34	75
35	22
36	6
37	70
38	17
39	20
40	6
/

sigma(i)	Size
/
0	0
1	7
2	5
3	5
4	2
5	2
6	7
7	6
8	4
9	3
10	5
11	5
12	6
13	2
14	1
15	9
16	2
17	3
18	8
19	7
20	8
21	2
22	3
23	6
24	5
25	2
26	9
27	1
28	6
29	9
30	1
31	5
32	8
33	2
34	8
35	3
36	7
37	6
38	4
39	8
40	6
/

epsilon(i)	Priority
/
0	0
1	7
2	6
3	4
4	1
5	8
6	3
7	9
8	2
9	4
10	2
11	9
12	9
13	7
14	2
15	6
16	2
17	6
18	9
19	1
20	8
21	7
22	2
23	8
24	5
25	2
26	6
27	8
28	4
29	9
30	1
31	3
32	7
33	1
34	3
35	6
36	4
37	5
38	3
39	5
40	2
/

psi	Vehicle Capacity
/ 28 /
;

Table kappa(i,j)                 Setup
         0        1        2        3        4        5        6        7        8        9        10       11       12       13       14       15       16       17       18       19       20       21       22       23       24       25       26       27       28       29       30       31       32       33       34       35       36       37       38       39       40       
0        0        42       544      565      808      160      490      461      212      740      693      601      247      404      402      720      472      499      580      92       372      772      693      650      295      656      443      182      597      388      607      600      381      698      911      342      665      249      369      148      756      
1        42       0        514      528      781      127      483      419      181      725      671      559      210      406      361      679      481      495      540      86       331      734      651      636      255      636      414      141      593      350      570      582      399      683      887      304      631      251      377      119      729      
2        544      514      0        164      273      533      311      317      559      335      211      393      315      395      455      389      488      353      229      463      292      318      453      289      317      213      102      468      388      223      169      214      546      309      388      506      142      407      448      396      222      
3        565      528      164      0        363      506      462      195      516      492      358      233      318      527      351      229      627      505      65       502      221      209      289      452      282      371      200      440      549      178      43       378      663      470      484      422      142      498      570      423      322      
4        808      781      273      363      0        806      443      556      832      259      155      581      588      564      708      508      627      476      416      722      555      354      607      297      589      210      369      741      451      490      332      274      725      272      121      769      223      633      629      662      52       
5        160      127      533      506      806      0        570      358      54       789      715      484      220      510      261      618      595      588      502      202      288      700      572      705      225      688      440      66       684      331      550      642      523      749      919      189      628      361      491      187      754      
6        490      483      311      462      443      570      0        547      617      270      289      664      385      126      631      692      187      42       523      400      473      627      740      179      442      235      270      525      116      412      477      169      284      227      504      643      442      249      193      383      399      
7        461      419      317      195      556      358      547      0        353      650      528      144      242      569      157      261      674      585      161      425      97       352      237      592      172      528      286      298      653      136      234      516      672      621      677      234      338      486      593      346      513      
8        212      181      559      516      832      54       617      353      0        829      749      469      253      562      236      608      648      638      506      256      295      702      554      746      244      724      471      95       732      347      560      682      578      789      947      155      645      414      545      236      781      
9        740      725      335      492      259      789      270      650      829      0        140      725      577      394      777      696      423      286      556      648      609      572      777      91       610      122      377      734      222      539      481      147      543      43       266      814      394      513      459      612      242      
10       693      671      211      358      155      715      289      528      749      140      0        591      496      412      666      556      471      321      422      603      500      432      639      146      515      54       279      654      298      430      344      120      572      134      224      712      253      495      478      552      118      
11       601      559      393      233      581      484      664      144      469      725      591      0        387      701      237      147      805      704      170      569      241      292      93       681      316      603      394      429      763      269      252      605      812      702      699      325      359      628      729      490      547      
12       247      210      315      318      588      220      385      242      253      577      496      387      0        364      260      487      465      413      336      188      145      526      480      496      75       471      220      158      501      143      360      429      440      538      699      258      422      251      371      108      535      
13       404      406      395      527      564      510      126      569      562      394      412      701      364      0        623      752      104      110      580      319      482      712      785      305      433      359      327      478      202      434      549      292      161      352      630      617      535      154      66       327      518      
14       402      361      455      351      708      261      631      157      236      777      666      237      260      623      0        383      725      664      317      398      168      501      319      710      191      658      400      220      745      238      391      635      694      743      829      87       494      507      631      332      663      
15       720      679      389      229      508      618      692      261      608      696      556      147      487      752      383      0        854      734      172      676      348      170      110      670      425      580      427      559      777      350      220      599      882      681      618      470      303      707      792      595      485      
16       472      481      488      627      627      595      187      674      648      423      471      805      465      104      725      854      0        150      682      396      586      806      889      343      535      417      427      569      203      539      647      352      132      385      678      715      625      234      104      417      584      
17       499      495      353      505      476      588      42       585      638      286      321      704      413      110      664      734      150      0        564      410      508      669      781      199      473      267      311      547      97       449      519      202      258      245      532      671      484      252      174      401      434      
18       580      540      229      65       416      502      523      161      506      556      422      170      336      580      317      172      682      564      0        524      215      197      223      518      286      436      255      438      613      193      83       443      711      535      536      395      192      538      619      443      379      
19       92       86       463      502      722      202      400      425      256      648      603      569      188      319      398      676      396      410      524      0        329      711      662      558      253      565      361      192      508      331      542      508      321      605      823      356      589      165      292      80       669      
20       372      331      292      221      555      288      473      97       295      609      500      241      145      482      168      348      586      508      215      329      0        412      334      542      77       490      232      222      584      70       264      467      578      575      674      214      353      391      501      250      507      
21       772      734      318      209      354      700      627      352      702      572      432      292      526      712      501      170      806      669      197      711      412      0        279      565      482      468      392      635      693      384      171      502      858      565      457      584      188      701      762      632      341      
22       693      651      453      289      607      572      740      237      554      777      639      93       480      785      319      110      889      781      223      662      334      279      0        741      409      658      470      519      835      357      295      667      901      757      720      405      392      718      816      583      580      
23       650      636      289      452      297      705      179      592      746      91       146      681      496      305      710      670      343      199      518      558      542      565      741      0        535      98       310      651      154      473      450      76       457      48       335      740      378      421      371      525      265      
24       295      255      317      282      589      225      442      172      244      610      515      316      75       433      191      425      535      473      286      253      77       482      409      535      0        497      236      159      557      105      325      464      514      573      705      205      403      326      444      173      538      
25       656      636      213      371      210      688      235      528      724      122      54       603      471      359      658      580      417      267      436      565      490      468      658      98       497      0        261      629      245      420      363      66       519      100      272      699      283      449      425      519      171      
26       443      414      102      200      369      440      270      286      471      377      279      394      220      327      400      427      427      311      255      361      232      392      470      310      236      261      0        377      370      162      224      235      467      343      479      437      236      313      371      295      316      
27       182      141      468      440      741      66       525      298      95       734      654      429      158      478      220      559      569      547      438      192      222      635      519      651      159      629      377      0        641      264      483      586      510      694      855      164      562      335      466      151      690      
28       597      593      388      549      451      684      116      653      732      222      298      763      501      202      745      777      203      97       613      508      584      693      835      154      557      245      370      641      0        521      557      193      330      189      485      759      504      349      260      497      416      
29       388      350      223      178      490      331      412      136      347      539      430      269      143      434      238      350      539      449      193      331      70       384      357      473      105      420      162      264      521      0        222      398      543      506      609      282      298      361      460      250      441      
30       607      570      169      43       332      550      477      234      560      481      344      252      360      549      391      220      647      519      83       542      264      171      295      450      325      363      224      483      557      222      0        378      691      463      452      463      109      530      596      464      295      
31       600      582      214      378      274      642      169      516      682      147      120      605      429      292      635      599      352      202      443      508      467      502      667      76       464      66       235      586      193      398      378      0        452      109      339      668      313      385      358      467      232      
32       381      399      546      663      725      523      284      672      578      543      572      812      440      161      694      882      132      258      711      321      578      858      901      457      514      519      467      510      330      543      691      452      0        503      788      668      688      188      98       365      679      
33       698      683      309      470      272      749      227      621      789      43       134      702      538      352      743      681      385      245      535      605      575      565      757      48       573      100      343      694      189      506      463      109      503      0        296      778      382      470      418      571      247      
34       911      887      388      484      121      919      504      677      947      266      224      699      699      630      829      618      678      532      536      823      674      457      720      335      705      272      479      855      485      609      452      339      788      296      0        888      343      719      697      767      167      
35       342      304      506      422      769      189      643      234      155      814      712      325      258      617      87       470      715      671      395      356      214      584      405      740      205      699      437      164      759      282      463      668      668      778      888      0        561      487      616      303      721      
36       665      631      142      142      223      628      442      338      645      394      253      359      422      535      494      303      625      484      192      589      353      188      392      378      403      283      236      562      504      298      109      313      688      382      343      561      0        547      590      516      188      
37       249      251      407      498      633      361      249      486      414      513      495      628      251      154      507      707      234      252      538      165      391      701      718      421      326      449      313      335      349      361      530      385      188      470      719      487      547      0        131      185      582      
38       369      377      448      570      629      491      193      593      545      459      478      729      371      66       631      792      104      174      619      292      501      762      816      371      444      425      371      466      260      460      596      358      98       418      697      616      590      131      0        315      582      
39       148      119      396      423      662      187      383      346      236      612      552      490      108      327      332      595      417      401      443      80       250      632      583      525      173      519      295      151      497      250      464      467      365      571      767      303      516      185      315      0        609      
40       756      729      222      322      52       754      399      513      781      242      118      547      535      518      663      485      584      434      379      669      507      341      580      265      538      171      316      690      416      441      295      232      679      247      167      721      188      582      582      609      0        
;



Table delta(i,j)                 Distance
         0        1        2        3        4        5        6        7        8        9        10       11       12       13       14       15       16       17       18       19       20       21       22       23       24       25       26       27       28       29       30       31       32       33       34       35       36       37       38       39       40       
0        0        4400     2680     4020     3590     7390     3860     5100     3510     2580     5020     2970     4730     2240     5240     4150     6850     2200     3350     3740     5740     6310     250      4080     2750     880      7270     5410     6700     5090     5620     4110     5760     3970     4130     4170     4350     1670     6400     2680     1620     
1        4400     0        182      136      599      525      458      573      229      657      167      292      66       377      569      344      481      435      632      279      169      269      432      32       632      353      531      559      458      610      126      124      349      148      42       506      114      598      511      474      405      
2        2680     182      0        207      435      540      330      460      140      475      241      155      230      208      463      260      488      263      519      191      339      422      265      149      452      180      536      463      468      487      308      207      360      140      148      377      170      419      479      308      225      
3        4020     136      207      0        641      658      533      659      316      648      302      357      107      413      659      441      612      465      525      371      178      230      387      132      639      325      662      654      589      689      198      14       479      256      157      581      239      569      632      514      420      
4        3590     599      435      641      0        591      192      226      383      241      550      309      659      227      249      326      544      176      678      352      767      857      384      570      164      368      567      280      541      197      719      643      499      472      557      173      522      312      455      127      232      
5        7390     525      540      658      591      0        409      386      405      801      358      442      580      524      363      325      54       558      1049     368      638      744      750      525      733      671      29       329      72       435      555      647      182      414      500      417      419      818      139      543      592      
6        3860     458      330      533      192      409      0        134      229      392      376      175      523      167      142      140      360      170      721      183      627      727      406      434      323      351      389      155      354      156      567      531      307      315      416      47       363      421      282      138      224      
7        5100     573      460      659      226      386      134      0        346      464      465      304      639      298      23       231      347      289      845      294      739      842      531      552      388      482      360      57       350      50       673      656      346      426      532      93       469      517      247      244      349      
8        3510     229      140      316      383      405      229      346      0        494      174      78       294      184      344      125      352      241      644      55       398      498      357      206      451      273      399      338      333      381      340      312      230      88       187      276      138      469      338      267      239      
9        2580     657      475      648      241      801      392      464      494      0        668      418      702      311      486      494      750      258      497      489      809      878      281      625      77       323      781      515      742      438      783      655      677      570      622      393      617      112      673      258      258      
10       5020     167      241      302      550      358      376      465      174      668      0        253      224      359      456      239      315      416      754      197      296      404      502      171      626      416      365      438      292      509      218      290      186      104      146      418      74       636      355      439      411      
11       2970     292      155      357      309      442      175      304      78       418      253      0        355      107      308      123      388      163      610      77       462      557      307      265      373      229      432      309      372      332      410      356      280      163      250      223      214      399      353      189      166      
12       4730     66       230      107      659      580      523      639      294      702      224      355      0        434      636      410      539      491      630      345      109      203      462      89       682      388      588      626      516      676      94       92       409      214      107      571      179      636      574      533      456      
13       2240     377      208      413      227      524      167      298      184      311      359      107      434      0        310      200      471      59       556      179      543      630      241      347      267      183      510      322      458      310      500      415      376      265      336      205      314      298      417      100      67       
14       5240     569      463      659      249      363      142      23       344      486      456      308      636      310      0        225      325      304      860      291      734      838      545      550      410      493      337      34       329      71       666      656      330      421      528      107      463      537      224      261      363      
15       4150     344      260      441      326      325      140      231      125      494      239      123      410      200      225      0        271      239      734      70       508      612      427      325      435      352      312      215      257      272      441      436      182      196      303      179      237      497      229      238      268      
16       6850     481      488      612      544      54       360      347      352      750      315      388      539      471      325      271      0        505      995      314      603      710      696      480      683      617      49       292      24       397      521      602      133      365      455      371      373      765      104      492      539      
17       2200     435      263      465      176      558      170      289      241      258      416      163      491      59       304      239      505      0        556      231      600      685      241      404      209      203      541      322      494      291      559      468      421      323      395      197      373      260      442      54       63       
18       3350     632      519      525      678      1049     721      845      644      497      754      610      630      556      860      734      995      556      0        681      696      702      315      607      552      381      1040     876      977      843      723      540      874      658      624      753      680      387      963      603      497      
19       3740     279      191      371      352      368      183      294      55       489      197      77       345      179      291      70       314      231      681      0        446      548      383      258      438      303      359      283      297      331      384      366      203      133      238      229      179      476      289      245      242      
20       5740     169      339      178      767      638      627      739      398      809      296      462      109      543      734      508      603      600      696      446      0        108      561      197      791      491      650      721      579      777      82       166      479      313      212      675      271      739      651      642      565      
21       6310     269      422      230      857      744      727      842      498      878      404      557      203      630      838      612      710      685      702      548      108      0        615      292      867      555      757      826      686      879      189      223      587      416      311      774      376      798      759      730      645      
22       250      432      265      387      384      750      406      531      357      281      502      307      462      241      545      427      696      241      315      383      561      615      0        401      300      86       739      561      680      532      552      397      584      397      407      438      434      185      654      291      181      
23       4080     32       149      132      570      525      434      552      206      625      171      265      89       347      550      325      480      404      607      258      197      292      401      0        600      321      530      541      457      588      158      122      347      131      25       482      107      566      503      445      373      
24       2750     632      452      639      164      733      323      388      451      77       626      373      682      267      410      435      683      209      552      438      791      867      300      600      0        322      712      440      677      361      758      644      617      531      594      321      581      166      603      197      227      
25       880      353      180      325      368      671      351      482      273      323      416      229      388      183      493      352      617      203      381      303      491      555      86       321      322      0        661      505      600      490      476      332      502      311      325      388      348      247      581      257      140      
26       7270     531      536      662      567      29       389      360      399      781      365      432      588      510      337      312      49       541      1040     359      650      757      739      530      712      661      0        303      73       408      568      652      183      414      504      394      422      801      113      524      578      
27       5410     559      463      654      280      329      155      57       338      515      438      309      626      322      34       215      292      322      876      283      721      826      561      541      440      505      303      0        297      105      651      650      303      411      519      127      450      562      190      283      379      
28       6700     458      468      589      541      72       354      350      333      742      292      372      516      458      329      257      24       494      977      297      579      686      680      457      677      600      73       297      0        401      497      579      111      343      431      368      350      754      115      483      526      
29       5090     610      487      689      197      435      156      50       381      438      509      332      676      310      71       272      397      291      843      331      777      879      532      588      361      490      408      105      401      0        713      687      396      464      568      109      508      501      296      241      353      
30       5620     126      308      198      719      555      567      673      340      783      218      410      94       500      666      441      521      559      723      384      82       189      552      158      758      476      568      651      497      713      0        184      399      252      164      614      205      723      571      596      531      
31       4110     124      207      14       643      647      531      656      312      655      290      356      92       415      656      436      602      468      540      366      166      223      397      122      644      332      652      650      579      687      184      0        469      249      147      579      229      578      624      516      424      
32       5760     349      360      479      499      182      307      346      230      677      186      280      409      376      330      182      133      421      874      203      479      587      584      347      617      502      183      303      111      396      399      469      0        232      321      334      239      675      173      420      443      
33       3970     148      140      256      472      414      315      426      88       570      104      163      214      265      421      196      365      323      658      133      313      416      397      131      531      311      414      411      343      464      252      249      232      0        108      362      50       533      376      353      311      
34       4130     42       148      157      557      500      416      532      187      622      146      250      107      336      528      303      455      395      624      238      212      311      407      25       594      325      504      519      431      568      164      147      321      108      0        464      82       567      477      433      367      
35       4170     506      377      581      173      417      47       93       276      393      418      223      571      205      107      179      371      197      753      229      675      774      438      482      321      388      394      127      368      109      614      579      334      362      464      0        409      435      283      155      256      
36       4350     114      170      239      522      419      363      469      138      617      74       214      179      314      463      237      373      373      680      179      271      376      434      107      581      348      422      450      350      508      205      229      239      50       82       409      0        577      397      404      359      
37       1670     598      419      569      312      818      421      517      469      112      636      399      636      298      537      497      765      260      387      476      739      798      185      566      166      247      801      562      754      501      723      578      675      533      567      435      577      0        700      283      233      
38       6400     511      479      632      455      139      282      247      338      673      355      353      574      417      224      229      104      442      963      289      651      759      654      503      603      581      113      190      115      296      571      624      173      376      477      283      397      700      0        419      484      
39       2680     474      308      514      127      543      138      244      267      258      439      189      533      100      261      238      492      54       603      245      642      730      291      445      197      257      524      283      483      241      596      516      420      353      433      155      404      283      419      0        117      
40       1620     405      225      420      232      592      224      349      239      258      411      166      456      67       363      268      539      63       497      242      565      645      181      373      227      140      578      379      526      353      531      424      443      311      367      256      359      233      484      117      0        
;

