

sets
i        orders          /0*10/
k        routes          /1*10/
p        positions       /0*10/
;

alias(i,j)
alias(i,h)
alias(i,hh)
alias(i,jj)
alias(k,kk)
                            Parameters

rho(i)	Processing time
/
0	0
1	35
2	8
3	42
4	89
5	43
6	47
7	21
8	60
9	37
10	87
/

gamma(i)	Duedate
/
0	0
1	14
2	98
3	3
4	69
5	46
6	65
7	56
8	80
9	19
10	31
/

sigma(i)	Size
/
0	0
1	9
2	2
3	8
4	9
5	1
6	8
7	5
8	4
9	2
10	2
/

epsilon(i)	Priority
/
0	0
1	7
2	4
3	9
4	3
5	9
6	2
7	1
8	6
9	7
10	7
/

psi	Vehicle Capacity
/ 14 /
;

Table kappa(i,j)                 Setup
         0        1        2        3        4        5        6        7        8        9        10       
0        0        229      177      124      457      422      236      270      184      232      370      
1        229      0        145      343      340      490      296      349      399      3        415      
2        177      145      0        301      281      347      150      203      295      149      274      
3        124      343      301      0        578      492      332      352      167      344      455      
4        457      340      281      578      0        352      289      315      529      342      283      
5        422      490      347      492      352      0        200      154      352      494      79       
6        236      296      150      332      289      200      0        52       244      300      136      
7        270      349      203      352      315      154      52       0        239      352      103      
8        184      399      295      167      529      352      244      239      0        402      334      
9        232      3        149      344      342      494      300      352      402      0        419      
10       370      415      274      455      283      79       136      103      334      419      0        
;



Table delta(i,j)                 Distance
         0        1        2        3        4        5        6        7        8        9        10       
0        0        28       7        29       26       6        14       25       19       22       33       
1        28       0        24       57       18       27       31       53       41       42       61       
2        7        24       0        33       19       12       20       31       17       20       37       
3        29       57       33       0        50       32       34       10       23       27       5        
4        26       18       19       50       0        28       36       49       30       29       53       
5        6        27       12       32       28       0        8        26       25       29       36       
6        14       31       20       34       36       8        0        26       32       36       39       
7        25       53       31       10       49       26       26       0        26       31       15       
8        19       41       17       23       30       25       32       26       0        5        24       
9        22       42       20       27       29       29       36       31       5        0        28       
10       33       61       37       5        53       36       39       15       24       28       0        
;

