
sets
i        orders          /0*40/
k        routes          /1*40/
p        positions       /0*40/
;

alias(i,j)
alias(i,h)
alias(i,hh)
alias(i,jj)
alias(k,kk)
                
                    Parameters

rho(i)	Processing time
/
0	0
1	15
2	50
3	52
4	79
5	22
6	46
7	68
8	99
9	59
10	88
11	41
12	69
13	55
14	25
15	14
16	28
17	69
18	67
19	36
20	56
21	86
22	54
23	79
24	13
25	31
26	62
27	34
28	2
29	50
30	80
31	60
32	18
33	67
34	9
35	61
36	32
37	8
38	9
39	74
40	72
/

gamma(i)	Duedate
/
0	0
1	8
2	25
3	55
4	92
5	74
6	55
7	8
8	70
9	57
10	58
11	96
12	74
13	64
14	87
15	42
16	6
17	15
18	25
19	89
20	29
21	21
22	10
23	41
24	51
25	50
26	7
27	41
28	95
29	81
30	38
31	51
32	1
33	92
34	44
35	24
36	18
37	22
38	41
39	30
40	87
/

sigma(i)	Size
/
0	0
1	6
2	5
3	9
4	8
5	4
6	8
7	7
8	7
9	6
10	1
11	9
12	2
13	5
14	2
15	8
16	7
17	6
18	6
19	6
20	6
21	8
22	8
23	2
24	1
25	6
26	7
27	7
28	3
29	4
30	3
31	6
32	4
33	9
34	5
35	9
36	6
37	2
38	9
39	7
40	6
/

epsilon(i)	Priority
/
0	0
1	7
2	3
3	9
4	4
5	1
6	7
7	4
8	7
9	9
10	1
11	7
12	9
13	2
14	8
15	1
16	3
17	5
18	1
19	2
20	4
21	8
22	6
23	6
24	5
25	1
26	1
27	7
28	1
29	1
30	4
31	1
32	9
33	8
34	4
35	7
36	9
37	8
38	8
39	9
40	7
/

psi	Vehicle Capacity
/ 29 /
;

Table kappa(i,j)                 Setup
         0        1        2        3        4        5        6        7        8        9        10       11       12       13       14       15       16       17       18       19       20       21       22       23       24       25       26       27       28       29       30       31       32       33       34       35       36       37       38       39       40       
0        0        637      741      257      342      167      457      864      386      425      363      902      543      411      401      857      612      591      368      797      725      271      655      90       91       345      374      450      952      593      739      924      386      165      850      427      817      562      258      812      373      
1        637      0        484      400      584      530      561      334      256      310      553      497      135      485      580      292      293      550      360      511      389      393      172      554      609      328      272      366      437      573      359      332      611      625      238      238      500      184      393      190      328      
2        741      484      0        512      454      574      341      319      551      348      417      197      569      341      402      367      757      209      387      56       102      651      654      656      662      438      565      296      334      228      144      438      439      619      451      590      83       323      518      463      663      
3        257      400      512      0        253      129      312      607      185      173      243      656      337      234      286      601      467      409      125      566      481      173      462      166      211      88       182      216      696      419      489      669      298      226      599      243      581      305      13       563      247      
4        342      584      454      253      0        196      122      675      428      275      38       642      561      123      60       691      713      267      225      509      476      420      688      284      251      272      428      236      738      262      505      768      48       184      724      488      537      426      267      703      500      
5        167      530      574      129      196      0        298      716      308      272      207      739      464      245      250      716      579      427      212      630      563      249      588      90       92       207      301      287      799      431      579      787      244      98       722      363      651      421      138      688      345      
6        457      561      341      312      122      298      0        592      458      258      94       535      568      84       63       617      738      145      232      395      378      485      690      389      367      296      464      194      645      140      412      695      98       305      664      517      424      385      325      650      549      
7        864      334      319      607      675      716      592      0        540      443      636      207      466      551      640      60       622      499      504      307      230      676      490      774      808      518      557      445      103      522      187      119      679      792      161      547      277      304      606      197      638      
8        386      256      551      185      428      308      458      540      0        223      409      645      158      374      449      516      285      515      227      597      487      139      280      309      373      162      17       295      640      532      479      571      468      406      486      60       601      252      172      442      112      
9        425      310      348      173      275      272      258      443      223      0        243      482      310      177      270      445      486      293      61       400      308      304      431      335      364      91       233      73       527      311      316      518      301      352      460      275      412      156      177      433      330      
10       363      553      417      243      38       207      94       636      409      243      0        604      537      85       44       653      695      235      197      473      437      414      663      297      273      250      412      199      699      233      466      730      60       212      687      470      500      391      256      667      488      
11       902      497      197      656      642      739      535      207      645      482      604      0        615      523      594      268      790      407      534      153      176      767      666      813      830      571      662      452      165      425      168      315      632      796      367      670      118      393      659      400      755      
12       543      135      569      337      561      464      568      466      158      310      537      615      0        484      572      427      188      591      340      605      484      281      126      468      532      289      169      380      569      611      463      467      597      562      372      118      600      246      326      323      200      
13       411      485      341      234      123      245      84       551      374      177      85       523      484      0        97       569      653      183      147      397      354      406      607      334      326      211      379      121      615      189      382      646      133      277      606      432      422      315      246      587      466      
14       401      580      402      286      60       250      63       640      449      270      44       594      572      97       0        661      733      208      231      456      433      458      697      339      311      288      452      218      698      203      465      739      38       245      702      509      486      412      299      684      531      
15       857      292      367      601      691      716      617      60       516      445      653      268      427      569      661      0        575      535      506      361      272      654      440      767      806      513      533      457      151      559      228      78       700      797      100      517      332      295      598      139      608      
16       612      293      757      467      713      579      738      622      285      486      695      790      188      653      733      575      0        775      506      792      670      344      137      556      627      445      285      559      724      794      646      596      754      675      498      225      785      435      454      448      240      
17       591      550      209      409      267      427      145      499      515      293      235      407      591      183      208      535      775      0        298      258      271      575      702      517      504      363      525      219      535      24       311      612      242      447      599      569      291      366      419      596      620      
18       368      360      387      125      225      212      232      504      227      61       197      534      340      147      231      506      506      298      0        441      358      278      466      279      304      66       233      91       586      312      370      580      257      290      521      285      456      217      132      493      324      
19       797      511      56       566      509      630      395      307      597      400      473      153      605      397      456      361      792      258      441      0        122      702      683      711      718      490      612      351      305      275      154      426      493      675      451      633      35       361      572      469      710      
20       725      389      102      481      476      563      378      230      487      308      437      176      484      354      433      272      670      271      358      122      0        600      560      637      654      398      503      276      267      293      43       346      472      622      351      519      116      243      485      361      599      
21       271      393      651      173      420      249      485      676      139      304      414      767      281      406      458      654      344      575      278      702      600      0        386      212      284      216      122      366      774      587      599      711      466      338      625      162      711      379      160      581      104      
22       655      172      654      462      688      588      690      490      280      431      663      666      126      607      697      440      137      702      466      683      560      386      0        585      652      415      288      499      590      723      532      459      723      686      361      229      672      341      451      310      289      
23       90       554      656      166      284      90       389      774      309      335      297      813      468      334      339      767      556      517      279      711      637      212      585      0        72       255      298      362      861      521      650      835      331      138      763      356      730      472      169      725      315      
24       91       609      662      211      251      92       367      808      373      364      273      830      532      326      311      806      627      504      304      718      654      284      652      72       0        295      363      378      891      505      671      877      295      77       809      422      740      511      217      774      387      
25       345      328      438      88       272      207      296      518      162      91       250      571      289      211      288      513      445      363      66       490      398      216      415      255      295      0        168      149      607      378      404      582      310      298      514      222      503      217      89       481      257      
26       374      272      565      182      428      301      464      557      17       233      412      662      169      379      452      533      285      525      233      612      503      122      288      298      363      168      0        305      658      541      495      589      470      399      503      61       617      269      169      458      98       
27       450      366      296      216      236      287      194      445      295      73       199      452      380      121      218      457      559      219      91       351      276      366      499      362      378      149      305      0        519      237      293      533      253      350      488      349      368      194      223      467      401      
28       952      437      334      696      738      799      645      103      640      527      699      165      569      615      698      151      724      535      586      305      267      774      590      861      891      607      658      519      0        556      233      167      737      869      245      650      270      398      696      289      740      
29       593      573      228      419      262      431      140      522      532      311      233      425      611      189      203      559      794      24       312      275      293      587      723      521      505      378      541      237      556      0        335      636      233      445      623      586      309      389      430      621      635      
30       739      359      144      489      505      579      412      187      479      316      466      168      463      382      465      228      646      311      370      154      43       599      532      650      671      404      495      293      233      335      0        303      504      643      307      506      140      229      492      319      590      
31       924      332      438      669      768      787      695      119      571      518      730      315      467      646      739      78       596      612      580      426      346      711      459      835      877      582      589      533      167      636      303      0        777      870      98       566      395      365      666      148      657      
32       386      611      439      298      48       244      98       679      468      301      60       632      597      133      38       700      754      242      257      493      472      466      723      331      295      310      470      253      737      233      504      777      0        225      739      529      523      446      311      720      545      
33       165      625      619      226      184      98       305      792      406      352      212      796      562      277      245      797      675      447      290      675      622      338      686      138      77       298      399      350      869      445      643      870      225      0        809      460      699      506      236      778      438      
34       850      238      451      599      724      722      664      161      486      460      687      367      372      606      702      100      498      599      521      451      351      625      361      763      809      514      503      488      245      623      307      98       739      809      0        475      425      303      594      50       566      
35       427      238      590      243      488      363      517      547      60       275      470      670      118      432      509      517      225      569      285      633      519      162      229      356      422      222      61       349      650      586      506      566      529      460      475      0        635      277      231      428      91       
36       817      500      83       581      537      651      424      277      601      412      500      118      600      422      486      332      785      291      456      35       116      711      672      730      740      503      617      368      270      309      140      395      523      699      425      635      0        359      587      446      714      
37       562      184      323      305      426      421      385      304      252      156      391      393      246      315      412      295      435      366      217      361      243      379      341      472      511      217      269      194      398      389      229      365      446      506      303      277      359      0        303      277      361      
38       258      393      518      13       267      138      325      606      172      177      256      659      326      246      299      598      454      419      132      572      485      160      451      169      217      89       169      223      696      430      492      666      311      236      594      231      587      303      0        558      233      
39       812      190      463      563      703      688      650      197      442      433      667      400      323      587      684      139      448      596      493      469      361      581      310      725      774      481      458      467      289      621      319      148      720      778      50       428      446      277      558      0        518      
40       373      328      663      247      500      345      549      638      112      330      488      755      200      466      531      608      240      620      324      710      599      104      289      315      387      257      98       401      740      635      590      657      545      438      566      91       714      361      233      518      0        
;



Table delta(i,j)                 Distance
         0        1        2        3        4        5        6        7        8        9        10       11       12       13       14       15       16       17       18       19       20       21       22       23       24       25       26       27       28       29       30       31       32       33       34       35       36       37       38       39       40       
0        0        18900    15120    9690     12990    900      27810    24060    9390     7890     16890    13380    24570    17400    26430    26940    10200    25290    11490    10770    27960    2670     22110    7050     10380    22380    8970     8550     11460    24660    10230    16470    14340    22050    22890    7680     9060     19980    21900    16590    12810    
1        18900    0        198      478      1061     603      552      845      490      694      68       204      869      1118     853      1263     871      1187     1010     645      1289     575      668      811      838      353      584      420      466      841      541      678      233      108      537      851      780      856      99       194      629      
2        15120    198      0        288      917      482      725      923      301      637      148      77       946      1049     951      1261     696      1190     886      451      1290     471      765      650      656      277      552      380      269      926      528      715      289      269      669      692      600      890      280      52       635      
3        9690     478      288      0        668      317      946      1000     14       552      416      278      1021     903      1056     1204     413      1143     667      169      1237     344      881      386      370      455      525      394      59       1012     533      755      457      557      839      432      315      909      567      320      645      
4        12990    1061     917      668      0        462      1329     1074     654      531      993      868      1084     477      1172     917      316      894      137      588      951      505      1072     284      376      1124     642      703      720      1102     702      847      908      1163     1144     238      400      889      1160     962      741      
5        900      603      482      317      462      0        897      780      308      251      536      422      797      589      857      894      368      837      408      368      928      61       710      264      371      730      275      254      376      799      314      526      447      709      733      287      326      648      703      533      405      
6        27810    552      725      946      1329     897      0        544      953      815      579      687      563      1172     484      1109     1253     1031     1230     1110     1122     840      374      1159     1240     895      691      642      957      520      630      567      490      570      208      1184     1185     682      534      739      624      
7        24060    845      923      1000     1074     780      544      0        1000     565      826      852      23       753      105      575      1133     500      944      1121     583      720      190      1020     1147     1181     504      605      1041     33       474      254      638      923      368      1024     1105     200      890      963      375      
8        9390     490      301      14       654      308      953      1000     0        546      427      289      1021     893      1057     1198     400      1137     654      159      1230     337      883      372      357      469      522      395      70       1012     532      754      464      570      843      418      302      907      580      333      643      
9        7890     694      637      552      531      251      815      565      546      0        635      563      579      424      655      652      572      590      418      619      684      208      541      458      593      909      128      274      608      589      189      322      477      802      620      459      557      408      785      689      210      
10       16890    68       148      416      993      536      579      826      427      635      0        138      850      1059     842      1220     804      1145     944      584      1246     509      655      743      772      356      530      362      408      825      491      644      194      173      540      783      715      822      167      160      584      
11       13380    204      77       278      868      422      687      852      289      563      138      0        875      978      884      1184     667      1113     829      447      1213     405      698      611      634      354      476      303      275      856      451      639      225      297      613      651      576      814      299      127      558      
12       24570    869      946      1021     1084     797      563      23       1021     579      850      875      0        754      108      562      1149     488      953      1141     569      738      212      1035     1164     1205     522      626      1062     43       494      272      661      947      390      1038     1122     203      914      987      392      
13       17400    1118     1049     903      477      589      1172     753      893      424      1059     978      754      0        859      443      723      432      350      908      476      581      829      630      772      1312     542      698      962      786      596      607      900      1226     964      599      766      553      1210     1101     556      
14       26430    853      951      1056     1172     857      484      105      1057     655      842      884      108      859      0        664      1217     592      1044     1186     670      796      187      1104     1228     1199     582      662      1092     73       544      335      662      922      337      1111     1183     305      887      988      455      
15       26940    1263     1261     1204     917      894      1109     575      1198     652      1220     1184     562      443      664      0        1128     79       784      1256     34       860      735      1023     1169     1538     710      881      1260     605      734      597      1030     1363     913      1001     1151     435      1336     1312     635      
16       10200    871      696      413      316      368      1253     1133     400      572      804      667      1149     723      1217     1128     0        1088     387      290      1163     429      1077     114      60       856      636      614      454      1155     681      882      778      961      1099     126      100      980      967      732      761      
17       25290    1187     1190     1143     894      837      1031     500      1137     590      1145     1113     488      432      592      79       1088     0        759      1202     101      799      657      980      1126     1467     640      810      1198     530      661      518      954      1286     834      961      1105     356      1259     1240     560      
18       11490    1010     886      667      137      408      1230     944      654      418      944      829      953      350      1044     784      387      759      0        621      818      437      953      315      442      1116     538      625      724      973      599      726      836      1116     1038     275      449      756      1109     934      625      
19       10770    645      451      169      588      368      1110     1121     159      619      584      447      1141     908      1186     1256     290      1202     621      0        1290     416      1019     308      236      570      624      525      184      1136     647      870      619      720      992      353      192      1009     732      477      752      
20       27960    1289     1290     1237     951      928      1122     583      1230     684      1246     1213     569      476      670      34       1163     101      818      1290     0        892      749      1058     1204     1567     739      910      1293     612      762      619      1055     1387     928      1036     1185     453      1361     1340     662      
21       2670     575      471      344      505      61       840      720      337      208      509      405      738      581      796      860      429      799      437      416      892      0        648      324      433      730      216      200      401      739      253      466      402      682      673      345      386      593      673      523      345      
22       22110    668      765      881      1072     710      374      190      883      541      655      698      212      829      187      735      1077     657      953      1019     749      648      0        968      1082     1012     444      493      915      177      396      230      476      740      181      980      1033     309      706      801      331      
23       7050     811      650      386      284      264      1159     1020     372      458      743      611      1035     630      1104     1023     114      980      315      308      1058     324      968      0        146      841      525      516      437      1042     572      770      695      908      998      46       136      866      909      691      649      
24       10380    838      656      370      376      371      1240     1147     357      593      772      634      1164     772      1228     1169     60       1126     442      236      1204     433      1082     146      0        805      645      607      406      1168     686      895      759      924      1093     172      57       1001     932      690      773      
25       22380    353      277      455      1124     730      895      1181     469      909      356      354      1205     1312     1199     1538     856      1467     1116     570      1567     730      1012     841      805      0        829      657      405      1180     805      986      544      328      890      887      756      1163     363      227      911      
26       8970     584      552      525      642      275      691      504      522      128      530      476      522      542      582      710      636      640      538      624      739      216      444      525      645      829      0        173      575      524      61       250      359      691      501      536      601      385      671      604      129      
27       8550     420      380      394      703      254      642      605      395      274      362      303      626      698      662      881      614      810      625      525      910      200      493      516      607      657      173      0        436      617      152      364      213      528      486      541      554      529      512      431      264      
28       11460    466      269      59       720      376      957      1041     70       608      408      275      1062     962      1092     1260     454      1198     724      184      1293     401      915      437      406      405      575      436      0        1051     579      799      474      536      862      483      354      957      550      293      692      
29       24660    841      926      1012     1102     799      520      33       1012     589      825      856      43       786      73       605      1155     530      973      1136     612      739      177      1042     1168     1180     524      617      1051     0        491      273      638      916      351      1047     1125     232      883      965      395      
30       10230    541      528      533      702      314      630      474      532      189      491      451      494      596      544      734      681      661      599      647      762      253      396      572      686      805      61       152      579      491      0        223      311      646      442      586      640      378      625      578      113      
31       16470    678      715      755      847      526      567      254      754      322      644      639      272      607      335      597      882      518      726      870      619      466      230      770      895      986      250      364      799      273      223      0        449      772      359      776      851      178      744      761      121      
32       14340    233      289      457      908      447      490      638      464      477      194      225      661      900      662      1030     778      954      836      619      1055     402      476      695      759      544      359      213      474      638      311      449      0        336      390      726      702      627      314      326      395      
33       22050    108      269      557      1163     709      570      923      570      802      173      297      947      1226     922      1363     961      1286     1116     720      1387     682      740      908      924      328      691      528      536      916      646      772      336      0        593      948      868      949      36       245      730      
34       22890    537      669      839      1144     733      208      368      843      620      540      613      390      964      337      913      1099     834      1038     992      928      673      181      998      1093     890      501      486      862      351      442      359      390      593      0        1018     1041     480      558      697      421      
35       7680     851      692      432      238      287      1184     1024     418      459      783      651      1038     599      1111     1001     126      961      275      353      1036     345      980      46       172      887      536      541      483      1047     586      776      726      948      1018     0        174      863      949      735      657      
36       9060     780      600      315      400      326      1185     1105     302      557      715      576      1122     766      1183     1151     100      1105     449      192      1185     386      1033     136      57       756      601      554      354      1125     640      851      702      868      1041     174      0        964      875      635      730      
37       19980    856      890      909      889      648      682      200      907      408      822      814      203      553      305      435      980      356      756      1009     453      593      309      866      1001     1163     385      529      957      232      378      178      627      949      480      863      964      0        920      937      265      
38       21900    99       280      567      1160     703      534      890      580      785      167      299      914      1210     887      1336     967      1259     1109     732      1361     673      706      909      932      363      671      512      550      883      625      744      314      36       558      949      875      920      0        263      706      
39       16590    194      52       320      962      533      739      963      333      689      160      127      987      1101     988      1312     732      1240     934      477      1340     523      801      691      690      227      604      431      293      965      578      761      326      245      697      735      635      937      263      0        684      
40       12810    629      635      645      741      405      624      375      643      210      584      558      392      556      455      635      761      560      625      752      662      345      331      649      773      911      129      264      692      395      113      121      395      730      421      657      730      265      706      684      0        
;

