
sets
i        orders          /0*40/
k        routes          /1*40/
p        positions       /0*40/
;

alias(i,j)
alias(i,h)
alias(i,hh)
alias(i,jj)
alias(k,kk)
                
                    Parameters

rho(i)	Processing time
/
0	0
1	87
2	39
3	66
4	70
5	37
6	33
7	75
8	7
9	4
10	84
11	56
12	35
13	30
14	45
15	27
16	95
17	34
18	69
19	51
20	29
21	84
22	33
23	24
24	15
25	26
26	38
27	63
28	68
29	88
30	48
31	70
32	89
33	63
34	77
35	30
36	59
37	29
38	27
39	8
40	48
/

gamma(i)	Duedate
/
0	0
1	3
2	79
3	14
4	48
5	66
6	57
7	84
8	59
9	60
10	23
11	47
12	71
13	97
14	37
15	47
16	10
17	29
18	48
19	29
20	36
21	97
22	1
23	71
24	89
25	55
26	9
27	7
28	52
29	68
30	28
31	72
32	51
33	58
34	33
35	28
36	71
37	78
38	66
39	30
40	81
/

sigma(i)	Size
/
0	0
1	8
2	1
3	1
4	2
5	9
6	4
7	5
8	3
9	1
10	8
11	5
12	4
13	3
14	3
15	1
16	8
17	4
18	4
19	8
20	4
21	8
22	6
23	9
24	5
25	7
26	2
27	6
28	6
29	1
30	4
31	6
32	9
33	7
34	6
35	6
36	6
37	2
38	6
39	8
40	3
/

epsilon(i)	Priority
/
0	0
1	6
2	1
3	2
4	8
5	3
6	2
7	4
8	6
9	6
10	2
11	2
12	1
13	8
14	2
15	9
16	8
17	2
18	7
19	7
20	6
21	6
22	3
23	4
24	1
25	5
26	6
27	4
28	2
29	5
30	1
31	4
32	7
33	7
34	7
35	6
36	4
37	2
38	9
39	8
40	2
/

psi	Vehicle Capacity
/ 29 /
;

Table kappa(i,j)                 Setup
         0        1        2        3        4        5        6        7        8        9        10       11       12       13       14       15       16       17       18       19       20       21       22       23       24       25       26       27       28       29       30       31       32       33       34       35       36       37       38       39       40       
0        0        486      551      421      528      696      748      153      136      831      363      256      961      682      691      762      516      490      566      748      91       447      882      506      636      628      901      543      689      699      655      551      439      597      552      716      902      224      408      877      989      
1        486      0        216      65       99       233      412      345      351      472      222      349      514      579      372      438      466      137      538      441      398      307      398      170      294      153      440      60       649      248      474      354      243      408      152      424      448      310      289      404      535      
2        551      216      0        222      123      200      214      398      436      660      413      508      641      795      164      640      675      353      748      233      460      166      463      54       91       190      557      240      862      408      691      571      453      625      361      633      574      329      181      503      652      
3        421      65       222      0        129      286      432      280      286      516      191      301      575      581      386      475      453      154      526      455      333      274      463      169      309      210      503      125      643      308      484      360      233      416      191      453      510      246      250      468      597      
4        528      99       123      129      0        167      313      378      398      541      315      430      543      677      273      518      565      234      637      342      437      248      390      89       195      107      462      116      748      294      570      452      342      505      238      509      476      325      243      415      558      
5        696      233      200      286      167      0        262      545      565      533      453      583      462      757      252      535      673      336      742      305      604      366      267      213      196      83       376      203      838      276      639      538      458      583      307      544      398      489      376      316      467      
6        748      412      214      432      313      262      0        598      642      794      624      722      713      987      57       792      879      545      951      46       659      309      501      268      123      316      627      415      1060     536      876      763      656      813      538      796      651      524      344      564      712      
7        153      345      398      280      378      545      598      0        63       739      277      232      842      662      542      678      498      376      561      601      62       306      743      353      484      480      775      404      690      575      608      490      359      543      435      640      779      77       265      746      867      
8        136      351      436      286      398      565      642      63       0        709      240      172      828      607      586      644      441      358      502      648      59       360      746      387      524      495      766      407      630      565      560      446      321      496      419      603      768      135      318      741      855      
9        831      472      660      516      541      533      794      739      709      0        469      586      237      382      777      82       431      371      457      836      769      779      382      629      707      484      259      427      476      258      278      303      392      285      325      137      233      739      761      307      275      
10       363      222      413      191      315      453      624      277      240      469      0        143      604      415      577      403      270      145      342      646      300      433      560      359      501      371      552      253      465      355      340      217      82       272      205      363      549      297      398      539      635      
11       256      349      508      301      430      583      722      232      172      586      143      0        741      436      671      512      269      289      329      738      224      483      704      454      599      502      693      389      457      498      399      296      199      340      349      464      689      287      443      682      773      
12       961      514      641      575      543      462      713      842      828      237      604      741      0        618      713      310      645      470      682      758      884      791      219      629      658      451      86       455      712      267      507      499      543      499      408      361      67       820      786      148      38       
13       682      579      795      581      677      757      987      662      607      382      415      436      618      0        951      308      167      443      126      1019     660      845      715      746      872      681      622      572      94       516      122      224      349      174      452      261      601      702      812      653      656      
14       691      372      164      386      273      252      57       542      586      777      577      671      713      951      0        769      837      508      909      68       603      252      507      219      78       293      627      382      1021     518      842      726      614      778      505      769      649      467      287      565      715      
15       762      438      640      475      518      535      792      678      644      82       403      512      310      308      769      0        348      322      376      831      703      745      424      604      696      476      316      401      403      261      198      223      323      203      287      55       294      685      724      354      348      
16       516      466      675      453      565      673      879      498      441      431      270      269      645      167      837      348      0        339      72       906      493      703      691      622      758      592      626      474      196      475      167      153      223      146      368      293      611      542      667      642      682      
17       490      137      353      154      234      336      545      376      358      371      145      289      470      443      508      322      339      0        409      576      415      429      415      306      429      253      412      134      515      212      337      218      123      271      62       299      411      369      404      395      498      
18       566      538      748      526      637      742      951      561      502      457      342      329      682      126      909      376      72       409      0        978      551      775      745      695      831      661      672      544      128      532      180      210      295      187      435      322      655      609      739      692      720      
19       748      441      233      455      342      305      46       601      648      836      646      738      758      1019     68       831      906      576      978      0        661      303      547      287      147      355      673      449      1090     577      909      794      683      845      572      833      696      525      340      610      758      
20       91       398      460      333      437      604      659      62       59       769      300      224      884      660      603      703      493      415      551      661      0        364      796      414      546      537      821      456      679      620      617      504      380      554      475      662      823      136      323      794      911      
21       447      307      166      274      248      366      309      306      360      779      433      483      791      845      252      745      703      429      775      303      364      0        625      163      217      344      709      353      899      541      756      630      496      687      458      727      724      228      41       659      805      
22       882      398      463      463      390      267      501      743      746      382      560      704      219      715      507      424      691      415      745      547      796      625      0        464      461      284      140      339      808      218      594      538      524      560      357      458      168      705      629      77       212      
23       506      170      54       169      89       213      268      353      387      629      359      454      629      746      219      604      622      306      695      287      414      163      464      0        145      181      546      203      811      383      644      522      401      577      320      593      561      287      165      496      642      
24       636      294      91       309      195      196      123      484      524      707      501      599      658      872      78       696      758      429      831      147      546      217      461      145      0        222      572      304      943      449      764      647      536      699      428      694      592      412      245      512      663      
25       628      153      190      210      107      83       316      480      495      484      371      502      451      681      293      476      592      253      661      355      537      344      284      181      222      0        367      119      760      226      565      460      375      506      229      479      384      431      344      315      462      
26       901      440      557      503      462      376      627      775      766      259      552      693      86       622      627      316      626      412      672      673      821      709      140      546      572      367      0        380      717      201      505      475      498      485      349      361      28       749      706      64       96       
27       543      60       240      125      116      203      415      404      407      427      253      389      455      572      382      401      474      134      544      449      456      353      339      203      304      119      380      0        647      191      460      348      255      397      123      393      389      371      340      343      475      
28       689      649      862      643      748      838      1060     690      630      476      465      457      712      94       1021     403      196      515      128      1090     679      899      808      811      943      760      717      647      0        606      214      300      410      257      531      355      696      737      864      747      750      
29       699      248      408      308      294      276      536      575      565      258      355      498      267      516      518      261      475      212      532      577      620      541      218      383      449      226      201      191      606      0        394      323      309      351      149      276      204      553      530      184      291      
30       655      474      691      484      570      639      876      608      560      278      340      399      507      122      842      198      167      337      180      909      617      756      594      644      764      565      505      460      214      394      0        126      264      69       338      146      485      637      726      533      545      
31       551      354      571      360      452      538      763      490      446      303      217      296      499      224      726      223      153      218      210      794      504      630      538      522      647      460      475      348      300      323      126      0        138      57       231      171      462      514      600      489      536      
32       439      243      453      233      342      458      656      359      321      392      82       199      543      349      614      323      223      123      295      683      380      496      524      401      536      375      498      255      410      309      264      138      0        194      170      282      492      377      464      493      575      
33       597      408      625      416      505      583      813      543      496      285      272      340      499      174      778      203      146      271      187      845      554      687      560      577      699      506      485      397      257      351      69       57       194      0        277      147      468      569      657      505      536      
34       552      152      361      191      238      307      538      435      419      325      205      349      408      452      505      287      368      62       435      572      475      458      357      320      428      229      349      123      531      149      338      231      170      277      0        272      349      422      438      333      436      
35       716      424      633      453      509      544      796      640      603      137      363      464      361      261      769      55       293      299      322      833      662      727      458      593      694      479      361      393      355      276      146      171      282      147      272      0        340      651      703      393      399      
36       902      448      574      510      476      398      651      779      768      233      549      689      67       601      649      294      611      411      655      696      823      724      168      561      592      384      28       389      696      204      485      462      492      468      349      340      0        756      719      91       87       
37       224      310      329      246      325      489      524      77       135      739      297      287      820      702      467      685      542      369      609      525      136      228      705      287      412      431      749      371      737      553      637      514      377      569      422      651      756      0        187      714      843      
38       408      289      181      250      243      376      344      265      318      761      398      443      786      812      287      724      667      404      739      340      323      41       629      165      245      344      706      340      864      530      726      600      464      657      438      703      719      187      0        658      802      
39       877      404      503      468      415      316      564      746      741      307      539      682      148      653      565      354      642      395      692      610      794      659      77       496      512      315      64       343      747      184      533      489      493      505      333      393      91       714      658      0        150      
40       989      535      652      597      558      467      712      867      855      275      635      773      38       656      715      348      682      498      720      758      911      805      212      642      663      462      96       475      750      291      545      536      575      536      436      399      87       843      802      150      0        
;



Table delta(i,j)                 Distance
         0        1        2        3        4        5        6        7        8        9        10       11       12       13       14       15       16       17       18       19       20       21       22       23       24       25       26       27       28       29       30       31       32       33       34       35       36       37       38       39       40       
0        0        27570    20880    26520    18900    30840    20130    19020    28290    23640    36690    19560    19350    21060    21990    38790    4740     40590    30150    39660    31440    30420    17820    25410    28530    15690    9630     39120    29940    25050    5130     27360    20130    5070     35310    16920    19440    23100    15270    31080    10080    
1        27570    0        395      272      339      288      631      825      274      876      351      318      351      291      452      519      765      574      855      571      727      879      673      531      357      522      934      442      403      515      1070     202      906      934      548      702      285      344      910      496      689      
2        20880    395      0        207      423      351      754      430      612      486      572      134      461      117      634      601      541      661      520      627      453      542      749      763      679      180      597      640      302      744      866      264      511      779      484      313      352      563      530      348      615      
3        26520    272      207      0        468      145      806      611      538      632      365      239      499      187      651      409      726      470      585      444      456      608      823      759      618      384      805      432      157      741      1052     76       687      948      339      509      391      556      730      243      749      
4        18900    339      423      468      0        568      339      762      316      867      687      289      38       322      213      832      491      891      943      878      871      964      356      347      341      422      736      778      625      329      761      442      843      613      806      626      77       170      783      706      356      
5        30840    288      351      145      568      0        894      734      560      734      229      379      593      326      726      272      870      333      641      313      484      665      923      817      645      530      948      288      144      800      1195     127      806      1086     259      642      495      622      864      230      876      
6        20130    631      754      806      339      894      0        1031     454      1156     978      622      307      659      184      1148     596      1204     1265     1198     1206     1284     87       209      407      710      898      1069     963      207      735      773      1105     569      1141     900      416      292      1006     1046     337      
7        19020    825      430      611      762      734      1031     0        1019     154      963      525      800      536      969      923      543      973      388      927      488      393      993      1107     1076     341      355      1013     624      1089     788      681      82       786      741      136      712      929      171      603      765      
8        28290    274      612      538      316      560      454      1019     0        1096     566      495      297      495      274      765      808      815      1111     821      994      1134     522      292      84       684      1044     652      677      280      1065     473      1101     908      820      886      326      184      1069     770      642      
9        23640    876      486      632      867      734      1156     154      1096     0        958      603      905      601      1079     883      694      927      254      878      390      253      1125     1215     1160     449      502      995      606      1196     941      707      141      939      688      260      809      1027     307      563      907      
10       36690    351      572      365      687      229      978      963      566      958      0        573      702      524      795      218      1064     256      840      275      669      863      1024     854      646      746      1169     91       353      840      1384     315      1035     1262     364      871      626      686      1092     416      1029     
11       19560    318      134      239      289      379      622      525      495      603      573      0        327      52       500      648      493      709      654      683      583      676      623      629      557      204      619      652      379      610      816      260      607      708      568      394      218      431      594      446      514      
12       19350    351      461      499      38       593      307      800      297      905      702      327      0        358      174      854      512      912      981      902      907      1002     330      309      314      460      765      793      656      290      771      469      880      619      835      664      111      137      817      739      357      
13       21060    291      117      187      322      326      659      536      495      601      524      52       358      0        527      596      544      657      632      631      549      654      664      652      562      235      657      602      328      633      868      210      618      761      517      410      246      450      619      398      565      
14       21990    452      634      651      213      726      184      969      274      1079     795      500      174      527      0        971      623      1027     1155     1023     1076     1176     248      138      241      631      902      886      807      120      831      610      1048     667      979      834      282      109      975      894      405      
15       38790    519      601      409      832      272      1148     923      765      883      218      648      854      596      971      0        1135     61       717      57       537      738      1183     1046     848      781      1185     171      309      1030     1461     399      984      1357     204      857      761      863      1073     321      1148     
16       4740     765      541      726      491      870      596      543      808      694      1064     493      512      544      623      1135     0        1196     890      1166     916      902      530      748      825      373      306      1145     844      734      325      754      595      254      1025     449      501      644      453      885      266      
17       40590    574      661      470      891      333      1204     973      815      927      256      709      912      657      1027     61       1196     0        751      52       570      771      1241     1098     897      840      1241     190      365      1083     1521     459      1032     1418     241      912      821      918      1126     369      1209     
18       30150    855      520      585      943      641      1265     388      1111     254      840      654      981      632      1155     717      890      751      0        699      181      23       1250     1283     1185     569      744      857      497      1264     1167     660      395      1144     513      442      873      1083     556      424      1066     
19       39660    571      627      444      878      313      1198     927      821      878      275      683      902      631      1023     57       1166     52       699      0        518      719      1232     1100     905      805      1201     223      327      1084     1491     441      984      1392     190      869      807      916      1082     323      1189     
20       31440    727      453      456      871      484      1206     488      994      390      669      583      907      549      1076     537      916      570      181      518      0        201      1203     1197     1073     557      827      679      340      1178     1217     526      520      1170     332      493      796      993      659      256      1052     
21       30420    879      542      608      964      665      1284     393      1134     253      863      676      1002     654      1176     738      902      771      23       719      201      0        1268     1305     1208     586      749      879      521      1286     1175     684      395      1155     533      453      894      1104     558      447      1082     
22       17820    673      749      823      356      923      87       993      522      1125     1024     623      330      664      248      1183     530      1241     1250     1232     1203     1268     0        295      483      685      836      1115     980      291      651      799      1064     484      1162     866      432      349      955      1059     266      
23       25410    531      763      759      347      817      209      1107     292      1215     854      629      309      652      138      1046     748      1098     1283     1100     1197     1305     295      0        224      768      1035     943      911      18       930      709      1186     764      1075     971      411      204      1112     1002     512      
24       28530    357      679      618      341      645      407      1076     84       1160     646      557      314      562      241      848      825      897      1185     905      1073     1208     483      224      0        737      1077     732      759      215      1062     555      1158     901      904      941      368      181      1116     852      636      
25       15690    522      180      384      422      530      710      341      684      449      746      204      460      235      631      781      373      840      569      805      557      586      685      768      737      0        424      817      478      750      695      432      422      621      654      205      371      587      390      512      499      
26       9630     934      597      805      736      948      898      355      1044     502      1169     619      765      657      902      1185     306      1241     744      1201     827      749      836      1035     1077     424      0        1237     876      1019     449      857      370      489      1030     341      719      902      199      885      572      
27       39120    442      640      432      778      288      1069     1013     652      995      91       652      793      602      886      171      1145     190      857      223      679      879      1115     943      732      817      1237     0        391      929      1466     392      1081     1347     355      929      716      777      1150     437      1118     
28       29940    403      302      157      625      144      963      624      677      606      353      379      656      328      807      309      844      365      497      327      340      521      980      911      759      478      876      391      0        894      1169     204      690      1078     188      549      548      710      768      93       894      
29       25050    515      744      741      329      800      207      1089     280      1196     840      610      290      633      120      1030     734      1083     1264     1084     1178     1286     291      18       215      750      1019     929      894      0        921      691      1168     755      1057     953      392      185      1095     984      501      
30       5130     1070     866      1052     761      1195     735      788      1065     941      1384     816      771      868      831      1461     325      1521     1167     1491     1217     1175     651      930      1062     695      449      1466     1169     921      0        1076     816      167      1348     729      791      885      648      1207     426      
31       27360    202      264      76       442      127      773      681      473      707      315      260      469      210      610      399      754      459      660      441      526      684      799      709      555      432      857      392      204      691      1076     0        759      963      369      574      368      509      793      297      749      
32       20130    906      511      687      843      806      1105     82       1101     141      1035     607      880      618      1048     984      595      1032     395      984      520      395      1064     1186     1158     422      370      1081     690      1168     816      759      0        830      796      217      794      1010     171      663      829      
33       5070     934      779      948      613      1086     569      786      908      939      1262     708      619      761      667      1357     254      1418     1144     1392     1170     1155     484      764      901      621      489      1347     1078     755      167      963      830      0        1262     701      651      726      672      1126     265      
34       35310    548      484      339      806      259      1141     741      820      688      364      568      835      517      979      204      1025     241      513      190      332      533      1162     1075     904      654      1030     355      188      1057     1348     369      796      1262     0        693      730      877      900      145      1082     
35       16920    702      313      509      626      642      900      136      886      260      871      394      664      410      834      857      449      912      442      869      493      453      866      971      941      205      341      929      549      953      729      574      217      701      693      0        577      793      221      548      648      
36       19440    285      352      391      77       495      416      712      326      809      626      218      111      246      282      761      501      821      873      807      796      894      432      411      368      371      719      716      548      392      791      368      794      651      730      577      0        217      747      629      404      
37       23100    344      563      556      170      622      292      929      184      1027     686      431      137      450      109      863      644      918      1083     916      993      1104     349      204      181      587      902      777      710      185      885      509      1010     726      877      793      217      0        953      799      460      
38       15270    910      530      730      783      864      1006     171      1069     307      1092     594      817      619      975      1073     453      1126     556      1082     659      558      955      1112     1116     390      199      1150     768      1095     648      793      171      672      900      221      747      953      0        759      705      
39       31080    496      348      243      706      230      1046     603      770      563      416      446      739      398      894      321      885      369      424      323      256      447      1059     1002     852      512      885      437      93       984      1207     297      663      1126     145      548      629      799      759      0        957      
40       10080    689      615      749      356      876      337      765      642      907      1029     514      357      565      405      1148     266      1209     1066     1189     1052     1082     266      512      636      499      572      1118     894      501      426      749      829      265      1082     648      404      460      705      957      0        
;

