
sets
i        orders          /0*40/
k        routes          /1*40/
p        positions       /0*40/
;

alias(i,j)
alias(i,h)
alias(i,hh)
alias(i,jj)
alias(k,kk)
                
                    Parameters

rho(i)	Processing time
/
0	0
1	80
2	91
3	11
4	32
5	17
6	91
7	44
8	85
9	36
10	30
11	27
12	18
13	1
14	3
15	38
16	37
17	32
18	30
19	23
20	22
21	81
22	20
23	92
24	83
25	52
26	66
27	93
28	37
29	11
30	66
31	48
32	77
33	94
34	3
35	22
36	70
37	7
38	14
39	32
40	25
/

gamma(i)	Duedate
/
0	0
1	75
2	59
3	11
4	57
5	58
6	88
7	48
8	92
9	82
10	35
11	11
12	17
13	32
14	49
15	91
16	68
17	26
18	24
19	43
20	55
21	39
22	91
23	45
24	87
25	43
26	26
27	56
28	93
29	97
30	48
31	87
32	97
33	51
34	74
35	50
36	79
37	79
38	67
39	1
40	7
/

sigma(i)	Size
/
0	0
1	2
2	8
3	1
4	3
5	5
6	5
7	3
8	5
9	8
10	6
11	2
12	9
13	1
14	6
15	5
16	4
17	5
18	2
19	6
20	8
21	3
22	2
23	8
24	2
25	2
26	5
27	5
28	5
29	7
30	6
31	2
32	4
33	5
34	5
35	5
36	5
37	3
38	9
39	8
40	2
/

epsilon(i)	Priority
/
0	0
1	9
2	8
3	5
4	1
5	8
6	2
7	5
8	5
9	7
10	5
11	1
12	8
13	2
14	3
15	8
16	1
17	2
18	3
19	7
20	9
21	2
22	6
23	6
24	5
25	3
26	6
27	1
28	8
29	1
30	6
31	6
32	5
33	9
34	9
35	1
36	7
37	9
38	2
39	3
40	7
/

psi	Vehicle Capacity
/ 25 /
;

Table kappa(i,j)                 Setup
         0        1        2        3        4        5        6        7        8        9        10       11       12       13       14       15       16       17       18       19       20       21       22       23       24       25       26       27       28       29       30       31       32       33       34       35       36       37       38       39       40       
0        0        661      459      560      752      329      341      348      285      702      133      462      779      214      740      290      289      608      167      434      65       280      363      278      503      392      502      64       397      566      524      162      343      378      761      783      372      444      294      360      418      
1        661      0        321      555      383      626      524      609      543      143      556      479      163      447      115      474      508      221      495      464      723      407      597      623      216      451      177      725      361      190      268      610      498      333      404      377      296      528      397      736      654      
2        459      321      0        258      296      590      512      587      496      440      328      162      483      273      342      430      213      437      333      517      506      329      585      562      105      479      160      516      63       142      411      490      490      339      308      324      162      208      332      423      333      
3        560      555      258      0        320      787      728      791      699      687      436      114      718      451      538      643      274      694      499      753      580      545      794      750      355      711      415      597      264      364      667      652      709      580      314      359      403      115      552      328      202      
4        752      383      296      320      0        872      784      865      778      525      619      333      519      569      306      708      481      591      629      765      795      610      860      849      301      735      350      806      356      253      607      785      759      592      21       38       436      380      609      630      508      
5        329      626      590      787      872      0        102      26       94       595      383      674      679      336      735      163      524      468      290      193      376      262      47       50       572      183      534      360      546      628      383      167      128      296      887      891      435      679      262      675      702      
6        341      524      512      728      784      102      0        85       56       494      358      613      578      282      634      85       478      368      251      105      399      185      75       115      483      83       441      387      475      537      282      186      26       198      801      801      352      625      180      657      666      
7        348      609      587      791      865      26       85       0        92       574      394      677      658      340      720      157      531      446      298      169      397      258      20       73       565      162      525      382      546      619      362      185      112      283      881      883      430      684      256      689      712      
8        285      543      496      699      778      94       56       92       0        526      311      584      610      248      649      71       441      404      208      158      343      168      95       80       479      127      442      331      453      535      316      130      67       210      793      797      341      592      168      609      625      
9        702      143      440      687      525      595      494      574      526      0        616      602      84       498      234      465      601      130      535      411      766      425      558      604      335      412      281      766      468      324      212      619      468      333      546      517      369      648      412      835      766      
10       133      556      328      436      619      383      358      394      311      616      0        333      688      120      625      283      161      540      111      428      178      227      404      337      381      383      387      188      265      442      465      226      350      320      628      650      260      321      242      298      320      
11       462      479      162      114      333      674      613      677      584      602      333      0        642      337      484      528      173      596      387      639      491      430      679      637      267      596      322      506      153      292      562      543      594      468      334      370      293      52       438      301      188      
12       779      163      483      718      519      679      578      658      610      84       688      642      0        572      214      549      660      213      612      494      844      506      642      688      377      496      331      843      519      353      296      701      553      415      540      506      434      691      493      892      814      
13       214      447      273      451      569      336      282      340      248      498      120      337      572      0        526      199      196      419      59       332      275      117      344      300      295      286      288      278      219      358      346      217      267      202      581      595      158      344      130      397      387      
14       740      115      342      538      306      735      634      720      649      234      625      484      214      526      0        579      549      334      579      578      798      503      708      729      250      563      238      803      395      199      383      706      607      439      327      292      368      536      495      766      669      
15       290      474      430      643      708      163      85       157      71       465      283      528      549      199      579      0        395      349      173      147      353      101      154      150      408      103      371      344      391      464      261      159      69       140      724      727      273      540      99       581      585      
16       289      508      213      274      481      524      478      531      441      601      161      173      660      196      549      395      0        557      233      526      319      308      537      483      299      480      331      334      154      351      501      380      464      375      487      515      236      160      320      234      193      
17       608      221      437      694      591      468      368      446      404      130      540      596      213      419      334      349      557      0        445      281      673      328      430      481      342      285      281      670      447      355      88       507      344      229      612      591      322      635      313      790      738      
18       167      495      333      499      629      290      251      298      208      535      111      387      612      59       579      173      233      445      0        317      231      120      304      250      354      271      343      231      277      416      366      159      241      218      641      655      214      389      136      408      416      
19       434      464      517      753      765      193      105      169      158      411      428      639      494      332      578      147      526      281      317      0        495      217      151      218      467      46       415      485      491      512      202      287      92       178      783      778      355      659      206      725      718      
20       65       723      506      580      795      376      399      397      343      766      178      491      844      275      798      353      319      673      231      495      0        345      414      325      558      455      560      19       442      619      590      215      403      444      802      826      431      467      360      345      421      
21       280      407      329      545      610      262      185      258      168      425      227      430      506      117      503      101      308      328      120      217      345      0        256      240      312      172      281      342      290      371      246      203      164      98       625      630      173      445      15       514      501      
22       363      597      585      794      860      47       75       20       95       558      404      679      642      344      708      154      537      430      304      151      414      256      0        91       559      147      517      399      545      612      346      200      102      274      876      877      426      688      253      700      720      
23       278      623      562      750      849      50       115      73       80       604      337      637      688      300      729      150      483      481      250      218      325      240      91       0        553      198      519      310      515      611      394      117      137      290      864      870      412      639      242      626      657      
24       503      216      105      355      301      572      483      565      479      335      381      267      377      295      250      408      299      342      354      467      558      312      559      553      0        435      62       565      147      62       330      501      458      291      318      318      143      314      310      522      437      
25       392      451      479      711      735      183      83       162      127      412      383      596      496      286      563      103      480      285      271      46       455      172      147      198      435      0        386      445      450      483      200      251      61       143      752      749      317      615      161      679      673      
26       502      177      160      415      350      534      441      525      442      281      387      322      331      288      238      371      331      281      343      415      560      281      517      519      62       386      0        565      188      96       269      479      415      244      368      362      130      366      277      561      484      
27       64       725      516      597      806      360      387      382      331      766      188      506      843      278      803      344      334      670      231      485      19       342      399      310      565      445      565      0        453      627      586      201      392      440      814      838      435      483      357      364      440      
28       397      361      63       264      356      546      475      546      453      468      265      153      519      219      395      391      154      447      277      491      442      290      545      515      147      450      188      453      0        197      409      436      454      317      366      385      140      187      295      375      297      
29       566      190      142      364      253      628      537      619      535      324      442      292      353      358      199      464      351      355      416      512      619      371      612      611      62       483      96       627      197      0        358      562      511      341      272      265      205      342      368      566      473      
30       524      268      411      667      607      383      282      362      316      212      465      562      296      346      383      261      501      88       366      202      590      246      346      394      330      200      269      586      409      358      0        419      257      147      626      612      274      596      230      729      688      
31       162      610      490      652      785      167      186      185      130      619      226      543      701      217      706      159      380      507      159      287      215      203      200      117      501      251      479      201      436      562      419      0        194      286      798      810      357      540      213      509      546      
32       343      498      490      709      759      128      26       112      67       468      350      594      553      267      607      69       464      344      241      92       403      164      102      137      458      61       415      392      454      511      257      194      0        172      776      776      329      608      158      649      654      
33       378      333      339      580      592      296      198      283      210      333      320      468      415      202      439      140      375      229      218      178      444      98       274      290      291      143      244      440      317      341      147      286      172      0        609      606      178      493      83       595      568      
34       761      404      308      314      21       887      801      881      793      546      628      334      540      581      327      724      487      612      641      783      802      625      876      864      318      752      368      814      366      272      626      798      776      609      0        48       451      380      625      628      506      
35       783      377      324      359      38       891      801      883      797      517      650      370      506      595      292      727      515      591      655      778      826      630      877      870      318      749      362      838      385      265      612      810      776      606      48       0        457      417      628      668      547      
36       372      296      162      403      436      435      352      430      341      369      260      293      434      158      368      273      236      322      214      355      431      173      426      412      143      317      130      435      140      205      274      357      329      178      451      457      0        323      173      470      416      
37       444      528      208      115      380      679      625      684      592      648      321      52       691      344      536      540      160      635      389      659      467      445      688      639      314      615      366      483      187      342      596      540      608      493      380      417      323      0        454      250      135      
38       294      397      332      552      609      262      180      256      168      412      242      438      493      130      495      99       320      313      136      206      360      15       253      242      310      161      277      357      295      368      230      213      158      83       625      628      173      454      0        528      513      
39       360      736      423      328      630      675      657      689      609      835      298      301      892      397      766      581      234      790      408      725      345      514      700      626      522      679      561      364      375      566      729      509      649      595      628      668      470      250      528      0        126      
40       418      654      333      202      508      702      666      712      625      766      320      188      814      387      669      585      193      738      416      718      421      501      720      657      437      673      484      440      297      473      688      546      654      568      506      547      416      135      513      126      0        
;



Table delta(i,j)                 Distance
         0        1        2        3        4        5        6        7        8        9        10       11       12       13       14       15       16       17       18       19       20       21       22       23       24       25       26       27       28       29       30       31       32       33       34       35       36       37       38       39       40       
0        0        10560    21570    29910    10110    4470     12330    24120    18660    26610    15030    8370     8940     8850     25350    15240    18450    23070    15570    18960    26700    18120    27720    7680     15150    16500    10650    18150    23670    26400    4920     9480     25800    26400    21660    21960    5100     8280     2940     33840    29130    
1        10560    0        797      745      639      368      559      915      329      743      656      484      449      425      891      721      264      867      397      498      880      253      805      385      185      252      400      260      535      750      187      91       683      755      390      380      499      338      270      861      1025     
2        21570    797      0        800      546      570      310      129      735      501      240      996      421      428      135      322      909      76       458      442      243      908      466      970      765      1043     406      873      702      467      729      852      560      457      1134     1006     634      974      771      925      252      
3        29910    745      800      0        1103     902      847      916      417      318      883      1214     837      814      777      1002     585      867      504      420      656      596      387      1124     564      838      721      554      211      354      866      836      241      367      782      579      1058     1082     961      137      862      
4        10110    639      546      1103     0        272      278      583      814      898      308      547      267      291      681      239      877      567      600      685      773      869      906      570      740      870      383      857      920      878      466      632      907      873      1028     998      170      604      433      1240     783      
5        4470     368      570      902      272      0        265      659      564      760      358      429      149      146      696      383      607      622      404      511      741      599      790      401      474      605      214      589      702      749      206      370      742      748      758      728      159      411      209      1037     822      
6        12330    559      310      847      278      265      0        393      621      623      98       686      120      137      442      177      740      358      363      427      510      735      628      666      591      811      174      711      682      601      447      593      638      596      936      854      328      675      472      984      562      
7        24120    915      129      916      583      659      393      0        865      608      303      1075     512      524      163      344      1037     53       588      571      304      1036     563      1059     892      1163     517      1001     828      573      833      965      675      561      1260     1135     698      1069     865      1037     208      
8        18660    329      735      417      814      564      621      865      0        484      695      808      557      530      783      797      209      812      280      308      722      216      559      713      146      442      451      170      212      502      472      420      402      512      445      277      722      668      567      531      908      
9        26610    743      501      318      898      760      623      608      484      0        631      1146     652      637      461      749      693      561      372      258      337      700      80       1075     602      919      549      655      318      36       798      831      95       49       926      741      899      1049     883      430      544      
10       15030    656      240      883      308      358      98       303      695      631      0        772      218      236      375      119      827      274      424      469      465      823      624      757      678      908      263      796      733      605      545      691      660      598      1029     939      398      769      567      1018     486      
11       8370     484      996      1214     547      429      686      1075     808      1146     772      0        577      575      1124     760      731      1044     773      887      1169     718      1189     107      668      566      631      736      1002     1142     351      402      1107     1143     750      831      388      169      262      1337     1249     
12       8940     449      421      837      267      149      120      512      557      652      218      577      0        27       546      271      650      474      333      423      598      644      672      550      504      699      116      624      653      637      327      476      650      634      833      767      249      556      353      975      672      
13       8850     425      428      814      291      146      137      524      530      637      236      575      27       0        551      296      623      484      310      403      595      617      659      542      477      677      93       597      628      622      310      456      631      619      808      740      262      546      343      952      678      
14       25350    891      135      777      681      696      442      163      783      461      375      1124     546      551      0        454      973      136      522      477      140      974      408      1093     836      1130     516      935      713      425      843      954      537      412      1204     1060     768      1093     891      891      133      
15       15240    721      322      1002     239      383      177      344      797      749      119      760      271      296      454      0        914      331      534      586      561      909      739      762      766      970      351      886      848      723      586      743      779      715      1104     1029     372      784      588      1137     546      
16       18450    264      909      585      877      607      740      1037     209      693      827      731      650      623      973      914      0        985      452      507      922      13       769      626      149      253      565      39       403      712      450      329      610      721      237      120      752      570      535      676      1101     
17       23070    867      76       867      567      622      358      53       812      561      274      1044     474      484      136      331      985      0        535      518      271      984      520      1024     840      1115     472      949      776      527      791      920      626      516      1209     1083     672      1030     827      989      216      
18       15570    397      458      504      600      404      363      588      280      372      424      773      333      310      522      534      452      535      0        113      488      452      421      704      313      616      217      415      321      370      426      477      340      373      682      547      557      680      510      642      653      
19       18960    498      442      420      685      511      427      571      308      258      469      887      423      403      477      586      507      518      113      0        415      510      309      817      385      700      310      468      268      258      540      582      230      261      743      586      659      792      624      557      600      
20       26700    880      243      656      773      741      510      304      722      337      465      1169     598      595      140      561      922      271      488      415      0        925      275      1126     796      1105     540      883      619      301      861      952      422      288      1159     999      837      1118     922      763      207      
21       18120    253      908      596      869      599      735      1036     216      700      823      718      644      617      974      909      13       984      452      510      925      0        775      613      145      242      561      45       412      718      439      317      617      727      233      129      743      557      523      688      1103     
22       27720    805      466      387      906      790      628      563      559      80       624      1189     672      659      408      739      769      520      421      309      275      775      0        1124     672      990      576      730      399      56       846      891      175      49       1003     820      922      1101     927      488      478      
23       7680     385      970      1124     570      401      666      1059     713      1075     757      107      550      542      1093     762      626      1024     704      817      1126     613      1124     0        570      460      585      633      913      1074     277      300      1031     1076     644      725      402      62       203      1245     1221     
24       15150    185      765      564      740      474      591      892      146      602      678      668      504      477      836      766      149      840      313      385      796      145      672      570      0        318      416      120      357      616      345      274      530      623      369      263      626      523      439      677      966      
25       16500    252      1043     838      870      605      811      1163     442      919      908      566      699      677      1130     970      253      1115     616      700      1105     242      990      460      318      0        651      284      650      933      403      237      843      941      184      303      715      397      453      929      1263     
26       10650    400      406      721      383      214      174      517      451      549      263      631      116      93       516      351      565      472      217      310      540      561      576      585      416      651      0        536      537      536      327      448      539      535      766      679      350      579      381      859      648      
27       18150    260      873      554      857      589      711      1001     170      655      796      736      624      597      935      886      39       949      415      468      883      45       730      633      120      284      536      0        368      673      442      333      572      682      276      143      738      579      530      650      1063     
28       23670    535      702      211      920      702      682      828      212      318      733      1002     653      628      713      848      403      776      321      268      619      412      399      913      357      650      537      368      0        346      655      627      225      358      624      429      860      871      750      339      822      
29       26400    750      467      354      878      749      601      573      502      36       605      1142     637      622      425      723      712      527      370      258      301      718      56       1074     616      933      536      673      346      0        797      837      127      13       947      764      885      1050     879      465      508      
30       4920     187      729      866      466      206      447      833      472      798      545      351      327      310      843      586      450      791      426      540      861      439      846      277      345      403      327      442      655      797      0        165      756      799      566      567      316      258      95       993      974      
31       9480     91       852      836      632      370      593      965      420      831      691      402      476      456      954      743      329      920      477      582      952      317      891      300      274      237      448      333      627      837      165      0        773      842      405      437      478      250      222      951      1088     
32       25800    683      560      241      907      742      638      675      402      95       660      1107     650      631      537      779      610      626      340      230      422      617      175      1031     530      843      539      572      225      127      756      773      0        139      840      651      889      1000     845      366      629      
33       26400    755      457      367      873      748      596      561      512      49       598      1143     634      619      412      715      721      516      373      261      288      727      49       1076     623      941      535      682      358      13       799      842      139      0        956      775      882      1053     881      478      494      
34       21660    390      1134     782      1028     758      936      1260     445      926      1029     750      833      808      1204     1104     237      1209     682      743      1159     233      1003     644      369      184      766      276      624      947      566      405      840      956      0        202      882      581      627      851      1335     
35       21960    380      1006     579      998      728      854      1135     277      741      939      831      767      740      1060     1029     120      1083     547      586      999      129      820      725      263      303      679      143      429      764      567      437      651      775      202      0        872      666      649      650      1186     
36       5100     499      634      1058     170      159      328      698      722      899      398      388      249      262      768      372      752      672      557      659      837      743      922      402      626      715      350      738      860      885      316      478      889      882      882      872      0        434      268      1195     884      
37       8280     338      974      1082     604      411      675      1069     668      1049     769      169      556      546      1093     784      570      1030     680      792      1118     557      1101     62       523      397      579      579      871      1050     258      250      1000     1053     581      666      434      0        203      1200     1223     
38       2940     270      771      961      433      209      472      865      567      883      567      262      353      343      891      588      535      827      510      624      922      523      927      203      439      453      381      530      750      879      95       222      845      881      627      649      268      203      0        1088     1021     
39       33840    861      925      137      1240     1037     984      1037     531      430      1018     1337     975      952      891      1137     676      989      642      557      763      688      488      1245     677      929      859      650      339      465      993      951      366      478      851      650      1195     1200     1088     0        966      
40       29130    1025     252      862      783      822      562      208      908      544      486      1249     672      678      133      546      1101     216      653      600      207      1103     478      1221     966      1263     648      1063     822      508      974      1088     629      494      1335     1186     884      1223     1021     966      0        
;

