
sets
i        orders          /0*40/
k        routes          /1*40/
p        positions       /0*40/
;

alias(i,j)
alias(i,h)
alias(i,hh)
alias(i,jj)
alias(k,kk)
                
                    Parameters

rho(i)	Processing time
/
0	0
1	8
2	68
3	40
4	78
5	3
6	79
7	17
8	28
9	25
10	41
11	11
12	61
13	44
14	76
15	84
16	63
17	67
18	57
19	49
20	91
21	97
22	36
23	6
24	83
25	59
26	36
27	72
28	40
29	87
30	64
31	90
32	49
33	31
34	11
35	85
36	6
37	46
38	15
39	60
40	50
/

gamma(i)	Duedate
/
0	0
1	76
2	72
3	99
4	23
5	83
6	53
7	53
8	98
9	7
10	59
11	96
12	92
13	82
14	34
15	59
16	11
17	41
18	10
19	23
20	81
21	92
22	84
23	91
24	66
25	18
26	82
27	89
28	22
29	79
30	48
31	23
32	26
33	2
34	54
35	7
36	31
37	30
38	47
39	52
40	27
/

sigma(i)	Size
/
0	0
1	7
2	5
3	4
4	4
5	3
6	2
7	8
8	1
9	7
10	9
11	8
12	5
13	4
14	5
15	3
16	5
17	7
18	6
19	9
20	4
21	7
22	9
23	5
24	5
25	4
26	8
27	2
28	2
29	3
30	9
31	8
32	1
33	7
34	3
35	4
36	4
37	4
38	3
39	8
40	3
/

epsilon(i)	Priority
/
0	0
1	9
2	8
3	7
4	2
5	7
6	3
7	6
8	3
9	5
10	2
11	1
12	7
13	9
14	4
15	2
16	2
17	2
18	1
19	7
20	6
21	5
22	4
23	7
24	2
25	6
26	8
27	3
28	6
29	6
30	6
31	6
32	6
33	5
34	5
35	4
36	9
37	8
38	3
39	5
40	8
/

psi	Vehicle Capacity
/ 15 /
;

Table kappa(i,j)                 Setup
         0        1        2        3        4        5        6        7        8        9        10       11       12       13       14       15       16       17       18       19       20       21       22       23       24       25       26       27       28       29       30       31       32       33       34       35       36       37       38       39       40       
0        0        215      233      198      595      191      525      450      587      395      429      552      428      42       526      669      283      689      699      345      409      218      114      604      135      532      481      118      432      255      369      242      238      336      277      666      666      381      178      236      307      
1        215      0        133      64       385      36       514      266      375      455      219      382      465      173      469      574      453      494      505      141      370      49       276      556      270      416      278      275      288      53       163      162      132      123      217      512      530      415      259      150      127      
2        233      133      0        190      395      105      381      226      392      333      305      320      337      205      340      459      385      466      475      248      500      182      233      427      339      309      273      334      199      180      263      29       5        210      345      433      437      288      172      278      253      
3        198      64       190      0        428      85       569      325      416      496      234      443      511      156      530      638      463      547      559      149      310      24       283      616      222      480      330      232      352      66       174      217      190      150      155      574      594      461      287      88       109      
4        595      385      395      428      0        404      607      188      21       665      236      208      644      556      504      492      779      154      167      302      624      404      627      573      651      363      122      659      285      362      282      408      389      280      517      307      367      609      565      473      360      
5        191      36       105      85       404      0        484      270      395      420      252      381      431      152      445      557      419      504      515      176      395      79       244      531      264      401      292      265      279      89       198      132      105      154      240      508      521      381      222      173      163      
6        525      514      381      569      607      484      0        432      617      184      644      411      131      524      112      251      433      573      573      612      877      563      436      112      660      258      508      643      329      558      621      352      381      567      723      408      355      157      348      656      629      
7        450      266      226      325      188      270      432      0        193      477      246      119      457      416      339      373      599      240      249      258      595      303      459      417      534      217      76       535      103      269      252      231      220      215      457      254      287      421      387      397      305      
8        587      375      392      416      21       395      617      193      0        670      218      223      650      547      516      509      777      175      188      286      605      392      622      587      639      377      122      648      292      350      266      406      387      267      501      326      386      615      564      458      344      
9        395      455      333      496      665      420      184      477      670      0        635      501      53       407      261      422      250      672      675      581      786      497      289      295      529      374      549      508      384      507      596      305      336      543      637      540      501      57       221      576      581      
10       429      219      305      234      236      252      644      246      218      635      0        351      632      386      567      619      670      383      396      85       388      212      496      652      448      461      194      462      334      173      60       331      301      98       286      484      528      587      467      251      137      
11       552      382      320      443      208      381      411      119      223      501      351      0        469      521      303      286      663      171      175      374      713      421      544      366      645      157      157      645      131      388      366      317      314      333      576      136      177      444      462      516      424      
12       428      465      337      511      644      431      131      457      650      53       632      469      0        436      213      372      302      639      642      584      809      510      327      242      563      334      531      544      359      516      598      308      339      544      658      499      456      50       250      594      590      
13       42       173      205      156      556      152      524      416      547      407      386      521      436      0        516      654      317      654      664      302      384      175      142      597      139      511      443      129      404      212      327      218      210      294      246      639      643      387      186      199      265      
14       526      469      340      530      504      445      112      339      516      261      567      303      213      516      0        163      494      462      461      547      839      519      457      87       656      147      414      643      237      507      552      315      339      501      685      296      246      215      362      618      573      
15       669      574      459      638      492      557      251      373      509      422      619      286      372      654      163      0        658      401      396      620      941      623      611      146      793      162      436      783      295      602      620      439      456      574      790      206      140      379      516      724      658      
16       283      453      385      463      779      419      433      599      777      250      670      663      302      317      494      658      0        829      836      594      686      476      179      542      385      574      657      358      533      504      617      371      391      572      560      738      712      281      213      516      570      
17       689      494      466      547      154      504      573      240      175      672      383      171      639      654      462      401      829      0        13       438      771      523      698      512      764      315      217      769      297      484      422      469      460      408      654      196      263      615      622      604      496      
18       699      505      475      559      167      515      573      249      188      675      396      175      642      664      461      396      836      13       0        451      784      535      706      510      776      315      229      780      303      496      435      478      469      421      667      190      257      619      629      616      508      
19       345      141      248      149      302      176      612      258      286      581      85       374      584      302      547      620      594      438      451      0        339      127      417      633      364      458      229      377      326      91       25       276      245      46       216      510      545      536      397      171      58       
20       409      370      500      310      624      395      877      595      605      786      388      713      809      384      839      941      686      771      784      339      0        320      523      926      306      780      569      333      648      338      351      527      500      380      154      849      880      759      566      221      289      
21       218      49       182      24       404      79       563      303      392      497      212      421      510      175      519      623      476      523      535      127      320      0        297      606      247      463      306      256      334      41       152      210      182      126      167      553      575      460      293      101      93       
22       114      276      233      283      627      244      436      459      622      289      496      544      327      142      457      611      179      698      706      417      523      297      0        527      242      492      506      219      415      327      440      228      239      398      388      642      631      284      95       339      391      
23       604      556      427      616      573      531      112      417      587      295      652      366      242      597      87       146      542      512      510      633      926      606      527      0        736      210      491      722      319      594      638      401      426      587      772      330      269      261      433      705      660      
24       135      270      339      222      651      264      660      534      639      529      448      645      563      139      656      793      385      764      776      364      306      247      242      736      0        648      549      27       536      288      388      355      343      372      213      769      777      516      314      205      312      
25       532      416      309      480      363      401      258      217      377      374      461      157      334      511      147      162      574      315      315      458      780      463      492      210      648      0        286      641      133      441      458      292      305      412      630      166      140      320      398      564      496      
26       481      278      273      330      122      292      508      76       122      549      194      157      531      443      414      436      657      217      229      229      569      306      506      491      549      286      0        554      179      267      217      285      268      194      442      289      334      494      443      388      284      
27       118      275      334      232      659      265      643      535      648      508      462      645      544      129      643      783      358      769      780      377      333      256      219      722      27       641      554      0        532      298      402      348      338      383      236      766      772      497      295      224      327      
28       432      288      199      352      285      279      329      103      292      384      334      131      359      404      237      295      533      297      303      326      648      334      415      319      536      133      179      532      0        310      327      191      194      280      500      234      242      327      331      435      363      
29       255      53       180      66       362      89       558      269      350      507      173      388      516      212      507      602      504      484      496      91       338      41       327      594      288      441      267      298      310      0        115      209      178      85       190      522      547      466      312      127      74       
30       369      163      263      174      282      198      621      252      266      596      60       366      598      327      552      620      617      422      435      25       351      152      440      638      388      458      217      402      327      115      0        291      260      54       235      502      539      551      418      194      79       
31       242      162      29       217      408      132      352      231      406      305      331      317      308      218      315      439      371      469      478      276      527      210      228      401      355      292      285      348      191      209      291      0        31       237      372      425      425      260      157      305      282      
32       238      132      5        190      389      105      381      220      387      336      301      314      339      210      339      456      391      460      469      245      500      182      239      426      343      305      268      338      194      178      260      31       0        207      346      428      433      291      178      279      251      
33       336      123      210      150      280      154      567      215      267      543      98       333      544      294      501      574      572      408      421      46       380      126      398      587      372      412      194      383      280      85       54       237      207      0        248      469      502      497      368      195      91       
34       277      217      345      155      517      240      723      457      501      637      286      576      658      246      685      790      560      654      667      216      154      167      388      772      213      630      442      236      500      190      235      372      346      248      0        711      737      607      419      67       158      
35       666      512      433      574      307      508      408      254      326      540      484      136      499      639      296      206      738      196      190      510      849      553      642      330      769      166      289      766      234      522      502      425      428      469      711      0        67       486      552      650      560      
36       666      530      437      594      367      521      355      287      386      501      528      177      456      643      246      140      712      263      257      545      880      575      631      269      777      140      334      772      242      547      539      425      433      502      737      67       0        449      538      674      591      
37       381      415      288      461      609      381      157      421      615      57       587      444      50       387      215      379      281      615      619      536      759      460      284      261      516      320      494      497      327      466      551      260      291      497      607      486      449      0        202      544      540      
38       178      259      172      287      565      222      348      387      564      221      467      462      250      186      362      516      213      622      629      397      566      293      95       433      314      398      443      295      331      312      418      157      178      368      419      552      538      202      0        360      384      
39       236      150      278      88       473      173      656      397      458      576      251      516      594      199      618      724      516      604      616      171      221      101      339      705      205      564      388      224      435      127      194      305      279      195      67       650      674      544      360      0        114      
40       307      127      253      109      360      163      629      305      344      581      137      424      590      265      573      658      570      496      508      58       289      93       391      660      312      496      284      327      363      74       79       282      251      91       158      560      591      540      384      114      0        
;



Table delta(i,j)                 Distance
         0        1        2        3        4        5        6        7        8        9        10       11       12       13       14       15       16       17       18       19       20       21       22       23       24       25       26       27       28       29       30       31       32       33       34       35       36       37       38       39       40       
0        0        27210    19740    24900    18030    13290    14580    5880     8070     3420     30720    32130    25380    7830     43350    18930    28470    28920    23760    16050    21750    13740    22020    5340     8220     24030    32790    11640    2850     16710    23400    30420    27630    15810    21600    20940    31380    15000    21690    18510    21660    
1        27210    0        601      653      400      671      420      746      1033     1021     371      787      481      1090     839      963      1169     165      596      372      897      1048     515      1042     632      1090     588      921      873      449      975      177      604      1012     254      902      303      721      343      957      211      
2        19740    601      0        175      647      217      430      629      616      748      468      418      227      697      800      373      574      751      135      459      296      529      113      694      479      488      454      427      693      220      375      585      266      459      353      301      534      192      714      371      411      
3        24900    653      175      0        784      387      581      804      765      917      413      243      179      848      650      437      534      815      62       600      310      645      159      854      652      493      323      563      868      369      369      588      122      558      436      332      500      344      834      441      499      
4        18030    400      647      784      0        578      226      411      803      710      695      994      670      837      1183     911      1194     389      722      188      907      895      625      768      362      1076     872      770      540      427      988      565      797      900      386      898      662      658      121      901      334      
5        13290    671      217      387      578      0        353      441      413      530      644      628      427      490      1016     333      626      793      352      401      347      378      308      480      305      500      667      254      486      221      423      709      483      344      421      331      693      84       674      323      459      
6        14580    420      430      581      226      353      0        336      631      600      593      807      497      680      1064     686      967      493      522      55       681      690      428      625      212      850      727      562      457      213      761      536      615      684      262      671      591      431      322      676      245      
7        5880     746      629      804      411      441      336      0        440      299      918      1047     777      451      1371     712      1032     786      755      377      774      595      679      372      155      890      1023     495      129      471      842      873      874      641      594      752      924      518      531      699      582      
8        8070     1033     616      765      803      413      631      440      0        253      1057     987      837      84       1413     440      737      1124     746      686      568      213      718      131      441      589      1070     209      364      609      601      1102     877      306      804      536      1101     424      922      427      826      
9        3420     1021     748      917      710      530      600      299      253      0        1132     1154     946      210      1543     670      980      1077     883      650      780      464      831      126      388      832      1191     425      175      664      826      1127     1014     549      832      750      1156     577      831      656      835      
10       30720    371      468      413      695      644      593      918      1057     1132     0        454      247      1132     487      830      944      527      381      573      718      996      354      1110     770      906      223      887      1024     467      782      223      313      927      331      736      95       652      682      830      366      
11       32130    787      418      243      994      628      807      1047     987      1154     454      0        327      1071     471      604      570      952      293      819      458      841      380      1085     894      592      253      779      1111     600      481      673      197      743      619      489      550      577      1027     612      680      
12       25380    481      227      179      670      427      497      777      837      946      247      327      0        916      599      582      713      646      136      500      472      756      118      906      622      663      247      654      865      307      540      408      130      682      291      489      326      418      700      583      353      
13       7830     1090     697      848      837      490      680      451      84       210      1132     1071     916      0        1495     520      809      1173     828      734      651      283      797      86       479      663      1151     293      354      677      681      1168     959      382      869      619      1173     506      957      507      887      
14       43350    839      800      650      1183     1016     1064     1371     1413     1543     487      471      599      1495     0        1067     1029     976      667      1051     923      1293     711      1495     1217     1063     351      1214     1463     900      952      666      536      1200     810      953      536      989      1167     1074     851      
15       18930    963      373      437      911      333      686      712      440      670      830      604      582      520      1067     0        320      1102     452      733      146      250      483      564      610      177      760      245      708      527      161      959      559      146      708      115      904      256      1006     14       759      
16       28470    1169     574      534      1194     626      967      1032     737      980      944      570      713      809      1029     320      0        1324     581      1008     287      526      654      866      922      148      800      561      1028     779      206      1121     632      431      926      296      1033     542      1277     334      985      
17       28920    165      751      815      389      793      493      786      1124     1077     527      952      646      1173     976      1102     1324     0        757      438      1047     1164     672      1116     698      1238     748      1035     916      577      1126     312      769      1138     398      1050     449      853      290      1096     343      
18       23760    596      135      62       722      352      522      755      746      883      381      293      136      828      667      452      581      757      0        539      337      642      97       828      602      527      326      550      825      310      404      541      131      561      374      354      462      321      771      453      437      
19       16050    372      459      600      188      401      55       377      686      650      573      819      500      734      1051     733      1008     438      539      0        721      745      443      679      262      894      721      616      501      239      802      498      624      736      242      713      562      477      272      724      212      
20       21750    897      296      310      907      347      681      774      568      780      718      458      472      651      923      146      287      1047     337      721      0        393      390      685      651      194      625      361      792      492      81       869      429      290      648      32       799      263      989      156      705      
21       13740    1048     529      645      895      378      690      595      213      464      996      841      756      283      1293     250      526      1164     642      745      393      0        642      344      544      380      966      128      549      599      409      1084     766      104      799      360      1056     345      1007     239      836      
22       22020    515      113      159      625      308      428      679      718      831      354      380      118      797      711      483      654      672      97       443      390      642      0        788      524      584      360      536      758      219      465      480      195      572      282      401      422      301      675      481      344      
23       5340     1042     694      854      768      480      625      372      131      126      1110     1085     906      86       1495     564      866      1116     828      679      685      344      788      0        418      719      1147     324      269      647      724      1131     960      435      832      654      1145     510      889      551      844      
24       8220     632      479      652      362      305      212      155      441      388      770      894      622      479      1217     610      922      698      602      262      651      544      524      418      0        786      868      425      255      316      724      742      720      565      452      632      782      388      481      598      449      
25       24030    1090     488      493      1076     500      850      890      589      832      906      592      663      663      1063     177      148      1238     527      894      194      380      584      719      786      0        794      413      882      674      123      1063     606      283      840      188      989      418      1166     190      895      
26       32790    588      454      323      872      667      727      1023     1070     1191     223      253      247      1151     351      760      800      748      326      721      625      966      360      1147     868      794      0        877      1112     551      673      446      201      881      487      651      313      646      877      764      538      
27       11640    921      427      563      770      254      562      495      209      425      887      779      654      293      1214     245      561      1035     550      616      361      128      536      324      425      413      877      0        471      474      402      963      679      145      674      330      942      235      880      231      709      
28       2850     873      693      868      540      486      457      129      364      175      1024     1111     865      354      1463     708      1028     916      825      501      792      549      758      269      255      882      1112     471      0        564      852      993      951      613      707      766      1037     552      660      694      701      
29       16710    449      220      369      427      221      213      471      609      664      467      600      307      677      900      527      779      577      310      239      492      599      219      647      316      674      551      474      564      0        573      494      413      563      200      488      497      275      499      520      238      
30       23400    975      375      369      988      423      761      842      601      826      782      481      540      681      952      161      206      1126     404      802      81       409      465      724      724      123      673      402      852      573      0        942      483      304      728      92       866      339      1071     174      785      
31       30420    177      585      588      565      709      536      873      1102     1127     223      673      408      1168     666      959      1121     312      541      498      869      1084     480      1131     742      1063     446      963      993      494      942      0        510      1032     299      881      137      741      519      956      293      
32       27630    604      266      122      797      483      615      874      877      1014     313      197      130      959      536      559      632      769      131      624      429      766      195      960      720      606      201      679      951      413      483      510      0        679      422      452      405      452      830      563      483      
33       15810    1012     459      558      900      344      684      641      306      549      927      743      682      382      1200     146      431      1138     561      736      290      104      572      435      565      283      881      145      613      563      304      1032     679      0        759      258      993      291      1005     135      802      
34       21600    254      353      436      386      421      262      594      804      832      331      619      291      869      810      708      926      398      374      242      648      799      282      832      452      840      487      674      707      200      728      299      422      759      0        652      330      468      408      703      63       
35       20940    902      301      332      898      331      671      752      536      750      736      489      489      619      953      115      296      1050     354      713      32       360      401      654      632      188      651      330      766      488      92       881      452      258      652      0        815      247      983      124      707      
36       31380    303      534      500      662      693      591      924      1101     1156     95       550      326      1173     536      904      1033     449      462      562      799      1056     422      1145     782      989      313      942      1037     497      866      137      405      993      330      815      0        710      633      903      349      
37       15000    721      192      344      658      84       431      518      424      577      652      577      418      506      989      256      542      853      321      477      263      345      301      510      388      418      646      235      552      275      339      741      452      291      468      247      710      0        750      247      513      
38       21690    343      714      834      121      674      322      531      922      831      682      1027     700      957      1167     1006     1277     290      771      272      989      1007     675      889      481      1166     877      880      660      499      1071     519      830      1005     408      983      633      750      0        997      347      
39       18510    957      371      441      901      323      676      699      427      656      830      612      583      507      1074     14       334      1096     453      724      156      239      481      551      598      190      764      231      694      520      174      956      563      135      703      124      903      247      997      0        753      
40       21660    211      411      499      334      459      245      582      826      835      366      680      353      887      851      759      985      343      437      212      705      836      344      844      449      895      538      709      701      238      785      293      483      802      63       707      349      513      347      753      0        
;

