

sets
i        orders          /0*20/
k        routes          /1*20/
p        positions       /0*20/
;

alias(i,j)
alias(i,h)
alias(i,hh)
alias(i,jj)
alias(k,kk)
                            Parameters

rho(i)	Processing time
/
0	0
1	71
2	97
3	73
4	37
5	64
6	9
7	42
8	94
9	74
10	18
11	89
12	69
13	33
14	13
15	33
16	10
17	71
18	77
19	59
20	59
/

gamma(i)	Duedate
/
0	0
1	82
2	69
3	83
4	95
5	46
6	27
7	6
8	13
9	92
10	69
11	43
12	10
13	50
14	11
15	15
16	72
17	12
18	14
19	39
20	15
/

sigma(i)	Size
/
0	0
1	3
2	7
3	4
4	1
5	1
6	9
7	6
8	3
9	7
10	9
11	3
12	4
13	5
14	7
15	7
16	1
17	1
18	7
19	5
20	1
/

epsilon(i)	Priority
/
0	0
1	8
2	1
3	4
4	6
5	9
6	4
7	5
8	4
9	8
10	2
11	5
12	8
13	9
14	1
15	4
16	3
17	2
18	2
19	2
20	5
/

psi	Vehicle Capacity
/ 34 /
;

Table kappa(i,j)                 Setup
         0        1        2        3        4        5        6        7        8        9        10       11       12       13       14       15       16       17       18       19       20       
0        0        38       58       106      133      64       77       122      69       79       148      69       60       62       132      112      122      148      140      24       59       
1        38       0        96       139      96       26       47       106      107      81       113      85       98       98       94       120      93       116      156      45       97       
2        58       96       0        56       191      123      129      167      19       113      207      89       2        38       190      133      168      205      144      59       8        
3        106      139      56       0        236      165      159      222      66       169      252      146      56       91       233      188      189      254      196      94       63       
4        133      96       191      236      0        70       91       95       200      125      18       148      193      185      7        157      106      39       201      141      192      
5        64       26       123      165      70       0        41       98       134      89       87       101      124      123      68       128      82       93       168      71       124      
6        77       47       129      159      91       41       0        139      144      127      109      133      131      140      86       166      46       124      203      70       133      
7        122      106      167      222      95       98       139      0        166      58       95       87       167      142      101      72       176      71       114      143      163      
8        69       107      19       66       200      134      144      166      0        109      214      83       17       26       200      123      185      210      130      75       12       
9        79       81       113      169      125      89       127      58       109      0        133      28       113      85       128      38       171      117      79       103      107      
10       148      113      207      252      18       87       109      95       214      133      0        157      208      198      24       162      122      28       205      158      207      
11       69       85       89       146      148      101      133      87       83       28       157      0        89       57       150      45       179      144      72       93       83       
12       60       98       2        56       193      124      131      167      17       113      208      89       0        37       192      132      170      206      143      61       7        
13       62       98       38       91       185      123      140      142      26       85       198      57       37       0        185      97       184      191      105      76       30       
14       132      94       190      233      7        68       86       101      200      128      24       150      192      185      0        161      99       47       205      139      191      
15       112      120      133      188      157      128      166      72       123      38       162      45       132      97       161      0        210      142      43       136      125      
16       122      93       168      189      106      82       46       176      185      171      122      179      170      184      99       210      0        145      249      110      173      
17       148      116      205      254      39       93       124      71       210      117      28       144      206      191      47       142      145      0        185      162      203      
18       140      156      144      196      201      168      203      114      130      79       205      72       143      105      205      43       249      185      0        163      135      
19       24       45       59       94       141      71       70       143      75       103      158      93       61       76       139      136      110      162      163      0        63       
20       59       97       8        63       192      124      133      163      12       107      207      83       7        30       191      125      173      203      135      63       0        
;



Table delta(i,j)                 Distance
         0        1        2        3        4        5        6        7        8        9        10       11       12       13       14       15       16       17       18       19       20       
0        0        6590     560      6800     4320     5940     2410     4620     4660     2290     3320     130      5060     4960     1060     4460     5730     5090     4180     640      3740     
1        6590     0        619      233      458      66       419      495      208      430      401      648      358      508      602      510      394      241      483      598      472      
2        560      619      0        629      375      555      199      406      433      192      277      43       495      440      125      390      516      458      361      59       376      
3        6800     233      629      0        334      250      450      352      347      474      356      667      547      351      658      374      209      172      361      630      620      
4        4320     458      375      334      0        421      283      48       394      314      140      418      582      80       457      54       154      217      27       404      563      
5        5940     66       555      250      421      0        355      461      142      365      349      583      307      478      535      475      378      209      444      532      411      
6        2410     419      199      450      283      355      0        328      239      31       144      229      350      362      208      322      385      278      284      184      289      
7        4620     495      406      352      48       461      328      0        440      359      186      449      630      35       495      23       155      253      46       438      610      
8        4660     208      433      347      394      142      239      440      0        240      283      456      209      466      398      448      406      230      411      403      277      
9        2290     430      192      474      314      365      31       359      240      0        176      218      332      394      184      353      415      303      315      168      261      
10       3320     401      277      356      140      349      144      186      283      176      0        318      453      220      334      184      247      190      145      290      424      
11       130      648      43       667      418      583      229      449      456      218      318      0        501      483      106      433      559      495      404      56       372      
12       5060     358      495      547      582      307      350      630      209      332      453      501      0        659      408      633      613      439      594      445      160      
13       4960     508      440      351      80       478      362      35       466      394      220      483      659      0        530      50       145      268      81       473      644      
14       1060     602      125      658      457      535      208      495      398      184      334      106      408      530      0        482      582      486      449      67       270      
15       4460     510      390      374      54       475      322      23       448      353      184      433      633      50       482      0        178      269      39       424      608      
16       5730     394      516      209      154      378      385      155      406      415      247      559      613      145      582      178      0        178      178      536      634      
17       5090     241      458      172      217      209      278      253      230      303      190      495      439      268      486      269      178      0        242      458      478      
18       4180     483      361      361      27       444      284      46       411      315      145      404      594      81       449      39       178      242      0        393      568      
19       640      598      59       630      404      532      184      438      403      168      290      56       445      473      67       424      536      458      393      0        319      
20       3740     472      376      620      563      411      289      610      277      261      424      372      160      644      270      608      634      478      568      319      0        
;

