

sets
i        orders          /0*10/
k        routes          /1*10/
p        positions       /0*10/
;

alias(i,j)
alias(i,h)
alias(i,hh)
alias(i,jj)
alias(k,kk)
                            Parameters

rho(i)	Processing time
/
0	0
1	41
2	3
3	44
4	10
5	89
6	49
7	50
8	7
9	28
10	50
/

gamma(i)	Duedate
/
0	0
1	94
2	92
3	42
4	75
5	91
6	86
7	50
8	50
9	27
10	25
/

sigma(i)	Size
/
0	0
1	4
2	5
3	6
4	9
5	4
6	5
7	8
8	3
9	3
10	3
/

epsilon(i)	Priority
/
0	0
1	7
2	3
3	2
4	9
5	2
6	2
7	6
8	2
9	9
10	3
/

psi	Vehicle Capacity
/ 55 /
;

Table kappa(i,j)                 Setup
         0        1        2        3        4        5        6        7        8        9        10       
0        0        742      421      411      319      821      318      694      897      555      683      
1        742      0        647      388      990      733      873      962      527      507      378      
2        421      647      0        545      735      403      732      351      542      771      381      
3        411      388      545      0        610      831      485      896      758      231      536      
4        319      990      735      610      0        1137     166      966      1212     644      994      
5        821      733      403      831      1137     0        1124     391      303      1059     355      
6        318      873      732      485      166      1124     0        1010     1158     485      933      
7        694      962      351      896      966      391      1010     0        674      1121     621      
8        897      527      542      758      1212     303      1158     674      0        961      227      
9        555      507      771      231      644      1059     485      1121     961      0        748      
10       683      378      381      536      994      355      933      621      227      748      0        
;



Table delta(i,j)                 Distance
         0        1        2        3        4        5        6        7        8        9        10       
0        0        990      480      660      540      690      930      630      630      540      180      
1        990      0        17       34       15       50       11       44       14       34       31       
2        480      17       0        23       3        35       16       31       7        22       15       
3        660      34       23       0        26       19       25       44       20       39       16       
4        540      15       3        26       0        38       17       30       9        20       18       
5        690      50       35       19       38       0        43       41       36       41       20       
6        930      11       16       25       17       43       0        47       9        37       27       
7        630      44       31       44       30       41       47       0        38       11       27       
8        630      14       7        20       9        36       9        38       0        29       18       
9        540      34       22       39       20       41       37       11       29       0        23       
10       180      31       15       16       18       20       27       27       18       23       0        
;

