
sets
i        orders          /0*5/
k        routes          /1*5/
p        positions       /0*5/
;

alias(i,j)
alias(i,h)
alias(i,hh)
alias(i,jj)
alias(k,kk)
                
                    Parameters

rho(i)	Processing time
/
0	0
1	22
2	48
3	89
4	57
5	92
/

gamma(i)	Duedate
/
0	0
1	91
2	72
3	79
4	32
5	50
/

sigma(i)	Size
/
0	0
1	5
2	4
3	8
4	5
5	8
/

epsilon(i)	Priority
/
0	0
1	9
2	1
3	2
4	3
5	1
/

psi	Vehicle Capacity
/ 34 /
;

Table kappa(i,j)                 Setup
         0        1        2        3        4        5        
0        0        22       46       14       24       49       
1        22       0        43       8        33       49       
2        46       43       0        45       25       8        
3        14       8        45       0        30       50       
4        24       33       25       30       0        26       
5        49       49       8        50       26       0        
;



Table delta(i,j)                 Distance
         0        1        2        3        4        5        
0        0        1200     660      740      240      160      
1        1200     0        41       28       48       55       
2        660      41       0        13       26       25       
3        740      28       13       0        26       30       
4        240      48       26       26       0        9        
5        160      55       25       30       9        0        
;

