
sets
i        orders          /0*5/
k        routes          /1*5/
p        positions       /0*5/
;

alias(i,j)
alias(i,h)
alias(i,hh)
alias(i,jj)
alias(k,kk)
                
                    Parameters

rho(i)	Processing time
/
0	0
1	44
2	16
3	28
4	19
5	50
/

gamma(i)	Duedate
/
0	0
1	25
2	39
3	29
4	31
5	90
/

sigma(i)	Size
/
0	0
1	7
2	8
3	6
4	4
5	3
/

epsilon(i)	Priority
/
0	0
1	8
2	6
3	5
4	4
5	1
/

psi	Vehicle Capacity
/ 17 /
;

Table kappa(i,j)                 Setup
         0        1        2        3        4        5        
0        0        38       3        20       10       20       
1        38       0        35       31       47       18       
2        3        35       0        18       14       17       
3        20       31       18       0        31       16       
4        10       47       14       31       0        30       
5        20       18       17       16       30       0        
;



Table delta(i,j)                 Distance
         0        1        2        3        4        5        
0        0        680      420      400      640      700      
1        680      0        26       32       43       11       
2        420      26       0        35       49       34       
3        400      32       35       0        14       26       
4        640      43       49       14       0        35       
5        700      11       34       26       35       0        
;

