
sets
i        orders          /0*5/
k        routes          /1*5/
p        positions       /0*5/
;

alias(i,j)
alias(i,h)
alias(i,hh)
alias(i,jj)
alias(k,kk)
                
                    Parameters

rho(i)	Processing time
/
0	0
1	15
2	22
3	4
4	85
5	76
/

gamma(i)	Duedate
/
0	0
1	32
2	57
3	58
4	26
5	83
/

sigma(i)	Size
/
0	0
1	3
2	6
3	7
4	7
5	3
/

epsilon(i)	Priority
/
0	0
1	5
2	1
3	8
4	3
5	4
/

psi	Vehicle Capacity
/ 27 /
;

Table kappa(i,j)                 Setup
         0        1        2        3        4        5        
0        0        30       24       31       30       38       
1        30       0        8        35       8        8        
2        24       8        0        37       5        15       
3        31       35       37       0        41       40       
4        30       8        5        41       0        13       
5        38       8        15       40       13       0        
;



Table delta(i,j)                 Distance
         0        1        2        3        4        5        
0        0        520      960      880      720      1220     
1        520      0        30       33       43       53       
2        960      30       0        10       37       26       
3        880      33       10       0        26       19       
4        720      43       37       26       0        32       
5        1220     53       26       19       32       0        
;

