
sets
i        orders          /0*5/
k        routes          /1*5/
p        positions       /0*5/
;

alias(i,j)
alias(i,h)
alias(i,hh)
alias(i,jj)
alias(k,kk)
                
                    Parameters

rho(i)	Processing time
/
0	0
1	78
2	67
3	60
4	14
5	72
/

gamma(i)	Duedate
/
0	0
1	52
2	84
3	44
4	8
5	68
/

sigma(i)	Size
/
0	0
1	8
2	4
3	9
4	6
5	2
/

epsilon(i)	Priority
/
0	0
1	6
2	8
3	9
4	3
5	4
/

psi	Vehicle Capacity
/ 41 /
;

Table kappa(i,j)                 Setup
         0        1        2        3        4        5        
0        0        14       37       28       38       26       
1        14       0        50       42       39       39       
2        37       50       0        12       69       32       
3        28       42       12       0        57       19       
4        38       39       69       57       0        40       
5        26       39       32       19       40       0        
;



Table delta(i,j)                 Distance
         0        1        2        3        4        5        
0        0        860      820      260      720      840      
1        860      0        19       30       31       12       
2        820      19       0        31       13       30       
3        260      30       31       0        31       29       
4        720      31       13       31       0        40       
5        840      12       30       29       40       0        
;

