

sets
i        orders          /0*10/
k        routes          /1*10/
p        positions       /0*10/
;

alias(i,j)
alias(i,h)
alias(i,hh)
alias(i,jj)
alias(k,kk)
                            Parameters

rho(i)	Processing time
/
0	0
1	10
2	9
3	70
4	42
5	55
6	94
7	26
8	21
9	31
10	78
/

gamma(i)	Duedate
/
0	0
1	79
2	40
3	10
4	56
5	67
6	8
7	78
8	96
9	37
10	99
/

sigma(i)	Size
/
0	0
1	7
2	9
3	3
4	5
5	3
6	9
7	4
8	9
9	8
10	3
/

epsilon(i)	Priority
/
0	0
1	1
2	2
3	4
4	8
5	7
6	5
7	4
8	9
9	6
10	1
/

psi	Vehicle Capacity
/ 163 /
;

Table kappa(i,j)                 Setup
         0        1        2        3        4        5        6        7        8        9        10       
0        0        257      390      177      404      381      399      381      213      182      498      
1        257      0        150      301      322      200      146      212      153      127      473      
2        390      150      0        379      274      112      43       129      298      277      433      
3        177      301      379      0        272      319      405      312      342      300      332      
4        404      322      274      272      0        162      316      145      455      414      159      
5        381      200      112      319      162      0        155      17       352      319      321      
6        399      146      43       405      316      155      0        172      284      268      476      
7        381      212      129      312      145      17       172      0        362      328      304      
8        213      153      298      342      455      352      284      362      0        44       593      
9        182      127      277      300      414      319      268      328      44       0        550      
10       498      473      433      332      159      321      476      304      593      550      0        
;



Table delta(i,j)                 Distance
         0        1        2        3        4        5        6        7        8        9        10       
0        0        18       42       37       28       48       42       28       46       26       8        
1        18       0        42       29       43       55       37       45       44       38       10       
2        42       42       0        20       35       19       12       42       6        27       38       
3        37       29       20       0        44       39       10       50       19       36       30       
4        28       43       35       44       0        29       43       7        41       8        33       
5        48       55       19       39       29       0        31       36       24       24       48       
6        42       37       12       10       43       31       0        50       9        34       36       
7        28       45       42       50       7        36       50       0        48       15       35       
8        46       44       6        19       41       24       9        48       0        33       42       
9        26       38       27       36       8        24       34       15       33       0        29       
10       8        10       38       30       33       48       36       35       42       29       0        
;

