

sets
i        orders          /0*10/
k        routes          /1*10/
p        positions       /0*10/
;

alias(i,j)
alias(i,h)
alias(i,hh)
alias(i,jj)
alias(k,kk)
                            Parameters

rho(i)	Processing time
/
0	0
1	41
2	44
3	27
4	22
5	60
6	16
7	88
8	46
9	80
10	24
/

gamma(i)	Duedate
/
0	0
1	73
2	49
3	29
4	90
5	14
6	10
7	66
8	9
9	16
10	96
/

sigma(i)	Size
/
0	0
1	7
2	8
3	8
4	8
5	9
6	1
7	1
8	2
9	5
10	8
/

epsilon(i)	Priority
/
0	0
1	4
2	4
3	2
4	7
5	1
6	8
7	8
8	4
9	3
10	3
/

psi	Vehicle Capacity
/ 47 /
;

Table kappa(i,j)                 Setup
         0        1        2        3        4        5        6        7        8        9        10       
0        0        137      298      292      324      220      362      203      251      147      334      
1        137      0        431      429      461      352      498      305      145      272      423      
2        298      431      0        132      81       195      190      180      548      242      395      
3        292      429      132      0        69       98       77       266      518      175      274      
4        324      461      81       69       0        160      109      250      563      229      343      
5        220      352      195      98       160      0        149      265      427      83       203      
6        362      498      190      77       109      149      0        342      576      232      271      
7        203      305      180      266      250      265      342      0        443      251      455      
8        251      145      548      518      563      427      576      443      0        344      429      
9        147      272      242      175      229      83       232      251      344      0        208      
10       334      423      395      274      343      203      271      455      429      208      0        
;



Table delta(i,j)                 Distance
         0        1        2        3        4        5        6        7        8        9        10       
0        0        24       17       37       16       35       9        37       13       33       25       
1        24       0        41       13       16       26       17       16       33       40       31       
2        17       41       0        54       31       50       26       54       16       39       34       
3        37       13       54       0        30       34       30       17       46       52       43       
4        16       16       31       30       0        19       7        23       18       24       15       
5        35       26       50       34       19       0        27       19       34       22       18       
6        9        17       26       30       7        27       0        28       16       29       20       
7        37       16       54       17       23       19       28       0        42       39       32       
8        13       33       16       46       18       34       16       42       0        23       18       
9        33       40       39       52       24       22       29       39       23       0        9        
10       25       31       34       43       15       18       20       32       18       9        0        
;

