

sets
i        orders          /0*20/
k        routes          /1*20/
p        positions       /0*20/
;

alias(i,j)
alias(i,h)
alias(i,hh)
alias(i,jj)
alias(k,kk)
                            Parameters

rho(i)	Processing time
/
0	0
1	48
2	37
3	16
4	27
5	68
6	85
7	20
8	84
9	95
10	3
11	99
12	70
13	41
14	56
15	84
16	39
17	61
18	70
19	11
20	87
/

gamma(i)	Duedate
/
0	0
1	90
2	48
3	18
4	92
5	31
6	85
7	75
8	11
9	25
10	35
11	51
12	76
13	85
14	98
15	89
16	30
17	86
18	3
19	71
20	31
/

sigma(i)	Size
/
0	0
1	6
2	1
3	6
4	5
5	2
6	4
7	6
8	7
9	7
10	3
11	1
12	2
13	2
14	8
15	3
16	1
17	6
18	9
19	1
20	6
/

epsilon(i)	Priority
/
0	0
1	8
2	4
3	4
4	8
5	7
6	2
7	1
8	7
9	8
10	1
11	9
12	8
13	4
14	3
15	8
16	7
17	2
18	9
19	2
20	9
/

psi	Vehicle Capacity
/ 61 /
;

Table kappa(i,j)                 Setup
         0        1        2        3        4        5        6        7        8        9        10       11       12       13       14       15       16       17       18       19       20       
0        0        1616     1470     1632     1129     1004     740      1558     297      1197     1578     1396     1531     1893     961      1317     1364     328      761      1074     1614     
1        1616     0        336      889      1727     1020     1172     618      1826     1474     802      654      671      456      855      1153     582      1597     1615     904      1150     
2        1470     336      0        1148     1415     1104     1183     880      1640     1149     483      864      349      423      588      818      248      1518     1340     599      1382     
3        1632     889      1148     0        2245     640      912      271      1919     2071     1625     317      1492     1333     1375     1845     1338     1438     2003     1504     282      
4        1129     1727     1415     2245     0        1780     1610     2048     992      303      1148     1933     1206     1723     899      675      1176     1436     368      822      2358     
5        1004     1020     1104     640      1780     0        272      642      1297     1671     1494     482      1378     1453     1025     1544     1186     798      1484     1182     618      
6        740      1172     1183     912      1610     272      0        894      1036     1540     1507     729      1406     1572     959      1472     1210     527      1287     1119     874      
7        1558     618      880      271      2048     642      894      0        1829     1853     1361     165      1227     1066     1158     1604     1079     1414     1834     1275     536      
8        297      1826     1640     1919     992      1297     1036     1829     0        1132     1667     1670     1643     2056     1081     1333     1497     601      639      1160     1910     
9        1197     1474     1149     2071     303      1671     1540     1853     1132     0        848      1754     914      1433     696      374      904      1469     504      584      2212     
10       1578     802      483      1625     1148     1494     1507     1361     1667     848      0        1331     134      604      622      474      308      1718     1200     508      1849     
11       1396     654      864      317      1933     482      729      165      1670     1754     1331     0        1200     1111     1057     1529     1035     1248     1702     1186     518      
12       1531     671      349      1492     1206     1378     1406     1227     1643     914      134      1200     0        519      570      547      196      1649     1219     487      1718     
13       1893     456      423      1333     1723     1453     1572     1066     2056     1433     604      1111     519      0        985      1065     580      1937     1709     957      1602     
14       961      855      588      1375     899      1025     959      1158     1081     696      622      1057     570      985      0        520      416      1099     761      160      1526     
15       1317     1153     818      1845     675      1544     1472     1604     1333     374      474      1529     547      1065     520      0        570      1533     777      362      2022     
16       1364     582      248      1338     1176     1186     1210     1079     1497     904      308      1035     196      580      416      570      0        1464     1130     378      1551     
17       328      1597     1518     1438     1436     798      527      1414     601      1469     1718     1248     1649     1937     1099     1533     1464     0        1072     1238     1375     
18       761      1615     1340     2003     368      1484     1287     1834     639      504      1200     1702     1219     1709     761      777      1130     1072     0        751      2084     
19       1074     904      599      1504     822      1182     1119     1275     1160     584      508      1186     487      957      160      362      378      1238     751      0        1668     
20       1614     1150     1382     282      2358     618      874      536      1910     2212     1849     518      1718     1602     1526     2022     1551     1375     2084     1668     0        
;



Table delta(i,j)                 Distance
         0        1        2        3        4        5        6        7        8        9        10       11       12       13       14       15       16       17       18       19       20       
0        0        2640     4320     2730     3450     2940     4980     1380     6570     5910     2940     390      2790     5580     5640     4950     5100     4800     2550     5220     2640     
1        2640     0        117      50       105      19       86       113      139      133      78       100      25       99       112      99       98       145      60       116      37       
2        4320     117      0        166      31       135      101      124      131      80       47       155      92       174      100      209      84       30       64       57       80       
3        2730     50       166      0        151      37       128      131      177      180      124      100      75       110      156      74       143      193      105      165      85       
4        3450     105      31       151      0        125      114      92       153      107      27       125      82       179      120      203      102      45       46       83       68       
5        2940     19       135      37       125      0        91       129      142      143      98       110      43       87       119      80       106      164      80       129      56       
6        4980     86       101      128      114      91       0        175      53       60       98       179      73       79       28       133      22       130      94       57       79       
7        1380     113      124      131      92       129      175      0        225      191      85       48       107      212      192      204      173      132      82       167      97       
8        6570     139      131      177      153      142      53       225      0        58       144      232      126      99       33       167      52       155      143      74       131      
9        5910     133      80       180      107      143      60       191      58       0        106      209      112      136      38       193      38       100      112      24       110      
10       2940     78       47       124      27       98       98       85       144      106      0        109      55       157      110      176      91       69       19       81       41       
11       390      100      155      100      125      110      179      48       232      209      109      0        106      198      201      174      183      169      97       187      101      
12       2790     25       92       75       82       43       73       107      126      112      55       106      0        107      96       121      80       120      38       93       14       
13       5580     99       174      110      179      87       79       212      99       136      157      198      107      0        98       71       101      204      144      137      121      
14       5640     112      100      156      120      119      28       192      33       38       110      201      96       98       0        159      19       126      110      46       100      
15       4950     99       209      74       203      80       133      204      167      193      176      174      121      71       159      0        155      239      159      187      135      
16       5100     98       84       143      102      106      22       173      52       38       91       183      80       101      19       155      0        112      91       35       82       
17       4800     145      30       193      45       164      130      132      155      100      69       169      120      204      126      239      112      0        88       81       108      
18       2550     60       64       105      46       80       94       82       143      112      19       97       38       144      110      159      91       88       0        89       24       
19       5220     116      57       165      83       129      57       167      74       24       81       187      93       137      46       187      35       81       89       0        90       
20       2640     37       80       85       68       56       79       97       131      110      41       101      14       121      100      135      82       108      24       90       0        
;

