
sets
i        orders          /0*20/
k        routes          /1*20/
p        positions       /0*20/
;

alias(i,j)
alias(i,h)
alias(i,hh)
alias(i,jj)
alias(k,kk)
                
                    Parameters

rho(i)	Processing time
/
0	0
1	5
2	38
3	19
4	6
5	94
6	27
7	46
8	71
9	74
10	15
11	54
12	4
13	66
14	44
15	54
16	7
17	24
18	55
19	99
20	84
/

gamma(i)	Duedate
/
0	0
1	68
2	32
3	53
4	65
5	70
6	27
7	18
8	63
9	7
10	62
11	8
12	8
13	24
14	12
15	59
16	14
17	70
18	58
19	22
20	44
/

sigma(i)	Size
/
0	0
1	9
2	5
3	9
4	7
5	1
6	4
7	7
8	5
9	3
10	5
11	8
12	3
13	7
14	1
15	1
16	1
17	6
18	6
19	8
20	6
/

epsilon(i)	Priority
/
0	0
1	7
2	2
3	7
4	5
5	7
6	7
7	2
8	5
9	7
10	2
11	2
12	1
13	6
14	5
15	6
16	6
17	5
18	9
19	9
20	7
/

psi	Vehicle Capacity
/ 25 /
;

Table kappa(i,j)                 Setup
         0        1        2        3        4        5        6        7        8        9        10       11       12       13       14       15       16       17       18       19       20       
0        0        160      145      77       106      109      170      156      197      147      129      151      162      134      73       134      19       98       93       53       140      
1        160      0        65       91       89       90       158      138      206      13       67       10       17       35       195      55       154      87       158      205      194      
2        145      65       0        69       42       124      92       72       141      61       112      58       81       80       154      103      132      115      107      177      134      
3        77       91       69       0        36       85       119      100      160      78       89       81       98       75       104      87       66       72       76       115      123      
4        106      89       42       36       0        114      86       67       130      79       111      79       101      87       113      105      92       102      69       135      105      
5        109      90       124      85       114      0        201      181      244      80       27       86       80       55       171      38       114      13       159      162      208      
6        170      158      92       119      86       201      0        20       48       153      196      150      174      168      134      189      151      189      82       174      67       
7        156      138      72       100      67       181      20       0        68       133      176      130      154      147      129      169      138      169      75       166      74       
8        197      206      141      160      130      244      48       68       0        201      242      198      222      215      145      235      177      232      104      189      63       
9        147      13       61       78       79       80       153      133      201      0        59       6        21       25       183      47       141      76       147      192      185      
10       129      67       112      89       111      27       196      176      242      59       0        65       55       34       186      12       132      32       166      181      212      
11       151      10       58       81       79       86       150      130      198      6        65       0        23       31       185      53       144      82       148      195      184      
12       162      17       81       98       101      80       174      154      222      21       55       23       0        29       202      43       158      80       168      209      207      
13       134      35       80       75       87       55       168      147      215      25       34       31       29       0        179      23       131      52       149      182      192      
14       73       195      154      104      113      171      134      129      145      183      186      185      202      179      0        187      59       159      54       44       82       
15       134      55       103      87       105      38       189      169      235      47       12       53       43       23       187      0        134      40       163      185      208      
16       19       154      132      66       92       114      151      138      177      141      132      144      158      131      59       134      0        102      73       51       121      
17       98       87       115      72       102      13       189      169      232      76       32       82       80       52       159      40       102      0        146      151      195      
18       93       158      107      76       69       159      82       75       104      147      166      148      168      149      54       163      73       146      0        91       50       
19       53       205      177      115      135      162      174      166      189      192      181      195      209      182      44       185      51       151      91       0        126      
20       140      194      134      123      105      208      67       74       63       185      212      184      207      192      82       208      121      195      50       126      0        
;



Table delta(i,j)                 Distance
         0        1        2        3        4        5        6        7        8        9        10       11       12       13       14       15       16       17       18       19       20       
0        0        4710     420      1770     2340     3420     2130     3630     4800     4320     5400     5730     2760     810      5460     4380     4230     4020     1860     2550     2550     
1        4710     0        166      160      95       139      95       37       170      116      168      69       106      168      182      118      95       82       205      186      157      
2        420      166      0        49       81       109      84       129      153      143      175      195      106      38       176      144      141      147      48       73       77       
3        1770     160      49       0        64       63       103      123      105      103      128      171      133      86       127      104      107      166      52       31       28       
4        2340     95       81       64       0        62       64       59       108      73       120      114      96       100      128      75       65       115      112      91       64       
5        3420     139      109      63       62       0        125      109      48       44       66       125      158      141      69       44       56       177      113      68       38       
6        2130     95       84       103      64       125      0        66       173      134      184      147      32       74       192      137      121      64       131      135      117      
7        3630     37       129      123      59       109      66       0        146      95       149      81       86       134      161      97       76       79       168      150      122      
8        4800     170      153      105      108      48       173      146      0        55       26       137      205      188      22       52       75       220      148      97       77       
9        4320     116      143      103      73       44       134      95       55       0        53       85       165      170      66       2        20       172      155      112      81       
10       5400     168      175      128      120      66       184      149      26       53       0        124      216      207      16       51       73       226      173      123      100      
11       5730     69       195      171      114      125      147      81       137      85       124      0        167      209      140      86       69       150      223      189      157      
12       2760     106      106      133      96       158      32       86       205      165      216      167      0        85       224      168      151      45       154      164      149      
13       810      168      38       86       100      141      74       134      188      170      207      209      85       0        210      172      164      130      80       111      113      
14       5460     182      176      127      128      69       192      161      22       66       16       140      224      210      0        63       86       237      170      118      99       
15       4380     118      144      104      75       44       137      97       52       2        51       86       168      172      63       0        22       175      156      112      81       
16       4230     95       141      107      65       56       121      76       75       20       73       69       151      164      86       22       0        154      160      121      89       
17       4020     82       147      166      115      177      64       79       220      172      226      150      45       130      237      175      154      0        195      197      177      
18       1860     205      48       52       112      113      131      168      148      155      173      223      154      80       170      156      160      195      0        52       75       
19       2550     186      73       31       91       68       135      150      97       112      123      189      164      111      118      112      121      197      52       0        32       
20       2550     157      77       28       64       38       117      122      77       81       100      157      149      113      99       81       89       177      75       32       0        
;

