
sets
i        orders          /0*20/
k        routes          /1*20/
p        positions       /0*20/
;

alias(i,j)
alias(i,h)
alias(i,hh)
alias(i,jj)
alias(k,kk)
                
                    Parameters

rho(i)	Processing time
/
0	0
1	66
2	7
3	51
4	31
5	49
6	22
7	9
8	19
9	31
10	17
11	64
12	42
13	72
14	9
15	16
16	79
17	5
18	53
19	45
20	38
/

gamma(i)	Duedate
/
0	0
1	54
2	15
3	8
4	45
5	51
6	31
7	82
8	27
9	14
10	8
11	27
12	40
13	84
14	76
15	65
16	35
17	31
18	29
19	83
20	78
/

sigma(i)	Size
/
0	0
1	4
2	8
3	3
4	6
5	2
6	8
7	6
8	8
9	5
10	4
11	7
12	3
13	7
14	5
15	9
16	3
17	4
18	6
19	9
20	1
/

epsilon(i)	Priority
/
0	0
1	6
2	2
3	1
4	8
5	9
6	7
7	7
8	7
9	9
10	5
11	7
12	6
13	5
14	9
15	2
16	9
17	2
18	4
19	9
20	4
/

psi	Vehicle Capacity
/ 30 /
;

Table kappa(i,j)                 Setup
         0        1        2        3        4        5        6        7        8        9        10       11       12       13       14       15       16       17       18       19       20       
0        0        122      80       55       77       131      66       132      122      129      75       124      27       70       42       23       103      114      56       154      85       
1        122      0        144      178      125      79       173      32       41       6        122      31       117      86       146      141      150      56       85       31       59       
2        80       144      0        100      19       188      139      134      119      150      153      161      106      58       47       68       182      102      61       173      138      
3        55       178      100      0        108      179      51       187      176      184      106      178      69       118      54       40       122      166      106      210      137      
4        77       125      19       108      0        173      141      114      100      131      146      144      101      39       54       72       177      83       45       154      124      
5        131      79       188      179      173      0        151      111      118      79       82       48       110      137      170      154      96       130      128      88       49       
6        66       173      139      51       141      151      0        190      183      179      70       164      57       137      92       70       75       178      122      202      120      
7        132      32       134      187      114      111      190      0        15       33       147      63       133      78       147      147      177      33       83       44       86       
8        122      41       119      176      100      118      183      15       0        43       145      71       126      64       134      136      176      18       71       58       87       
9        129      6        150      184      131      79       179      33       43       0        126      31       123      92       153      148      154      60       91       25       63       
10       75       122      153      106      146      82       70       147      145      126      0        104      48       123      118      96       32       147      108      147      63       
11       124      31       161      178      144      48       164      63       71       31       104      0        111      104      155      145      129      85       100      43       44       
12       27       117      106      69       101      110      57       133      126      123      48       111      0        86       70       48       76       122      71       147      69       
13       70       86       58       118      39       137      137      78       64       92       123      104      86       0        71       77       155      50       15       115      89       
14       42       146      47       54       54       170      92       147      134      153      118      155      70       71       0        23       144      121      63       178      121      
15       23       141      68       40       72       154      70       147      136      148      96       145      48       77       23       0        120      126      65       173      108      
16       103      150      182      122      177      96       75       177      176      154      32       129      76       155      144      120      0        179      141      172      91       
17       114      56       102      166      83       130      178      33       18       60       147      85       122      50       121      126      179      0        60       76       93       
18       56       85       61       106      45       128      122      83       71       91       108      100      71       15       63       65       141      60       0        116      79       
19       154      31       173      210      154      88       202      44       58       25       147      43       147      115      178      173      172      76       116      0        84       
20       85       59       138      137      124      49       120      86       87       63       63       44       69       89       121      108      91       93       79       84       0        
;



Table delta(i,j)                 Distance
         0        1        2        3        4        5        6        7        8        9        10       11       12       13       14       15       16       17       18       19       20       
0        0        2910     4320     3960     3960     5490     1230     4440     2880     3570     3510     5340     4050     5850     1440     4170     1950     4200     4620     4140     3750     
1        2910     0        118      64       112      147      128      83       59       74       32       85       72       102      94       90       123      42       57       73       29       
2        4320     118      0        182      227      38       140      200      173      44       94       121      58       129      99       208      104      129      142      191      113      
3        3960     64       182      0        66       208      171      19       39       137      89       113      130      127      148      30       177      65       66       9        73       
4        3960     112      227      66       0        259      173      61       54       185      143      178      184      193      167      39       192      129      132      60       132      
5        5490     147      38       208      259      0        178      226      205      74       119      127      77       131      137      236      142      149      159      217      135      
6        1230     128      140      171      173      178      0        188      136      126      140      201      148      216      43       180      39       169      184      177      152      
7        4440     83       200      19       61       226      188      0        52       156      107      125      148      138      167      22       195      80       78       11       90       
8        2880     59       173      39       54       205      136      52       0        130      90       133      131      149      120      44       148      83       91       42       82       
9        3570     74       44       137      185      74       126      156      130      0        51       89       24       101      82       164      100      87       101      147      70       
10       3510     32       94       89       143      119      140      107      90       51       0        61       41       77       101      117      126      37       52       98       19       
11       5340     85       121      113      178      127      201      125      133      89       61       0        66       16       160      144      183      50       47       121      55       
12       4050     72       58       130      184      77       148      148      131      24       41       66       0        77       104      159      123      72       84       140      58       
13       5850     102      129      127      193      131      216      138      149      101      77       16       77       0        175      157      198      66       60       134      72       
14       1440     94       99       148      167      137      43       167      120      82       101      160      104      175      0        164      28       133      149      156      115      
15       4170     90       208      30       39       236      180      22       44       164      117      144      159      157      164      0        192      96       96       22       103      
16       1950     123      104      177      192      142      39       195      148      100      126      183      123      198      28       192      0        160      176      184      142      
17       4200     42       129      65       129      149      169      80       83       87       37       50       72       66       133      96       160      0        16       74       18       
18       4620     57       142      66       132      159      184      78       91       101      52       47       84       60       149      96       176      16       0        74       34       
19       4140     73       191      9        60       217      177      11       42       147      98       121      140      134      156      22       184      74       74       0        82       
20       3750     29       113      73       132      135      152      90       82       70       19       55       58       72       115      103      142      18       34       82       0        
;

