

sets
i        orders          /0*20/
k        routes          /1*20/
p        positions       /0*20/
;

alias(i,j)
alias(i,h)
alias(i,hh)
alias(i,jj)
alias(k,kk)
                            Parameters

rho(i)	Processing time
/
0	0
1	36
2	96
3	31
4	46
5	51
6	53
7	90
8	78
9	75
10	27
11	54
12	31
13	52
14	25
15	16
16	91
17	15
18	87
19	41
20	31
/

gamma(i)	Duedate
/
0	0
1	87
2	53
3	52
4	7
5	83
6	50
7	33
8	60
9	91
10	62
11	91
12	13
13	79
14	99
15	3
16	19
17	34
18	87
19	7
20	42
/

sigma(i)	Size
/
0	0
1	4
2	8
3	9
4	9
5	4
6	7
7	3
8	7
9	4
10	9
11	6
12	2
13	2
14	9
15	3
16	1
17	7
18	1
19	6
20	9
/

epsilon(i)	Priority
/
0	0
1	3
2	9
3	3
4	2
5	9
6	9
7	6
8	9
9	8
10	8
11	9
12	4
13	7
14	2
15	5
16	8
17	9
18	5
19	4
20	9
/

psi	Vehicle Capacity
/ 36 /
;

Table kappa(i,j)                 Setup
         0        1        2        3        4        5        6        7        8        9        10       11       12       13       14       15       16       17       18       19       20       
0        0        1401     1340     677      319      1096     408      2341     325      1176     1111     1413     840      1216     1386     823      1006     1970     1442     2260     1629     
1        1401     0        494      1375     1326     1019     995      939      1363     271      512      801      681      251      95       587      864      585      63       864      1085     
2        1340     494      0        1079     1381     1356     988      1191     1189     343      230      308      499      317      580      703      481      771      553      1168     600      
3        677      1375     1079     0        954      1550     720      2253     353      1104     902      1001     695      1129     1406     965      606      1838     1434     2208     1120     
4        319      1326     1381     954      0        814      397      2249     617      1146     1153     1517     902      1188     1290     743      1144     1911     1355     2154     1770     
5        1096     1019     1356     1550     814      0        833      1760     1302     1016     1197     1619     1086     1049     935      713      1408     1538     1008     1637     1920     
6        408      995      988      720      397      833      0        1934     483      781      759      1121     504      822      978      415      759      1569     1034     1852     1379     
7        2341     939      1191     2253     2249     1760     1934     0        2290     1183     1350     1401     1585     1148     961      1522     1671     420      900      139      1557     
8        325      1363     1189     353      617      1302     483      2290     0        1107     973      1197     711      1141     1370     843      779      1893     1413     2225     1377     
9        1176     271      343      1104     1146     1016     781      1183     1107     0        260      632      411      41       316      412      606      795      331      1120     933      
10       1111     512      230      902      1153     1197     759      1350     973      260      0        423      271      265      572      505      352      937      575      1307     723      
11       1413     801      308      1001     1517     1619     1121     1401     1197     632      423      0        620      614      888      927      418      987      860      1400     302      
12       840      681      499      695      902      1086     504      1585     711      411      271      620      0        440      711      377      321      1183     739      1529     892      
13       1216     251      317      1129     1188     1049     822      1148     1141     41       265      614      440      0        307      454      616      756      313      1088     913      
14       1386     95       580      1406     1290     935      978      961      1370     316      572      888      711      307      0        563      922      635      74       874      1175     
15       823      587      703      965      743      713      415      1522     843      412      505      927      377      454      563      0        698      1169     622      1437     1222     
16       1006     864      481      606      1144     1408     759      1671     779      606      352      418      321      616      922      698      0        1251     927      1640     628      
17       1970     585      771      1838     1911     1538     1569     420      1893     795      937      987      1183     756      635      1169     1251     0        564      415      1166     
18       1442     63       553      1434     1355     1008     1034     900      1413     331      575      860      739      313      74       622      927      564      0        818      1140     
19       2260     864      1168     2208     2154     1637     1852     139      2225     1120     1307     1400     1529     1088     874      1437     1640     415      818      0        1580     
20       1629     1085     600      1120     1770     1920     1379     1557     1377     933      723      302      892      913      1175     1222     628      1166     1140     1580     0        
;



Table delta(i,j)                 Distance
         0        1        2        3        4        5        6        7        8        9        10       11       12       13       14       15       16       17       18       19       20       
0        0        1070     510      1760     1370     930      790      1980     1630     1130     970      1250     650      900      2110     1130     310      350      1630     1740     1120     
1        1070     0        56       113      40       137      171      154      219      130      183      202      71       115      169      121      138      108      121      230      148      
2        510      56       0        143      90       106      121      173      187      113      136      159      46       91       188      108      82       60       138      198      122      
3        1760     113      143      0        78       133      199      46       191      105      199      202      111      111      60       94       203      154      32       200      130      
4        1370     40       90       78       0        142      190      122      219      126      198      212      85       117      137      115      168      130      93       230      148      
5        930      137      106      133      142      0        69       133      82       31       66       71       66       24       142      39       102      58       106      94       19       
6        790      171      121      199      190      69       0        203      99       101      20       50       105      88       212      108      64       62       175      108      82       
7        1980     154      173      46       122      133      203      0        171      101      198      194      133      117      15       94       220      169      35       178      123      
8        1630     219      187      191      219      82       99       171      0        93       79       51       149      104      174      104      159      131      159      11       71       
9        1130     130      113      105      126      31       101      101      93       0        96       97       67       23       111      11       128      79       76       103      25       
10       970      183      136      199      198      66       20       198      79       96       0        30       114      88       206      105      85       76       173      88       74       
11       1250     202      159      202      212      71       50       194      51       97       30       0        131      96       200      108      114      99       173      59       72       
12       650      71       46       111      85       66       105      133      149      67       114      131      0        47       147      61       92       46       98       160      80       
13       900      115      91       111      117      24       88       117      104      23       88       96       47       0        127      23       107      57       87       115      33       
14       2110     169      188      60       137      142      212      15       174      111      206      200      147      127      0        104      233      181      50       179      131      
15       1130     121      108      94       115      39       108      94       104      11       105      108      61       23       104      0        130      80       67       114      36       
16       310      138      82       203      168      102      64       220      159      128      85       114      92       107      233      130      0        51       187      169      120      
17       350      108      60       154      130      58       62       169      131      79       76       99       46       57       181      80       51       0        136      143      77       
18       1630     121      138      32       93       106      175      35       159      76       173      173      98       87       50       67       187      136      0        167      100      
19       1740     230      198      200      230      94       108      178      11       103      88       59       160      115      179      114      169      143      167      0        82       
20       1120     148      122      130      148      19       82       123      71       25       74       72       80       33       131      36       120      77       100      82       0        
;

