

sets
i        orders          /0*20/
k        routes          /1*20/
p        positions       /0*20/
;

alias(i,j)
alias(i,h)
alias(i,hh)
alias(i,jj)
alias(k,kk)
                            Parameters

rho(i)	Processing time
/
0	0
1	41
2	91
3	68
4	90
5	67
6	1
7	91
8	86
9	71
10	1
11	96
12	20
13	91
14	65
15	78
16	12
17	47
18	70
19	85
20	27
/

gamma(i)	Duedate
/
0	0
1	49
2	31
3	86
4	17
5	64
6	74
7	60
8	9
9	76
10	46
11	70
12	70
13	37
14	90
15	2
16	64
17	33
18	20
19	20
20	88
/

sigma(i)	Size
/
0	0
1	9
2	9
3	8
4	7
5	1
6	7
7	2
8	5
9	1
10	7
11	5
12	8
13	3
14	2
15	4
16	8
17	8
18	5
19	1
20	7
/

epsilon(i)	Priority
/
0	0
1	4
2	2
3	2
4	3
5	9
6	8
7	2
8	4
9	4
10	2
11	6
12	4
13	6
14	3
15	4
16	2
17	6
18	5
19	6
20	1
/

psi	Vehicle Capacity
/ 15 /
;

Table kappa(i,j)                 Setup
         0        1        2        3        4        5        6        7        8        9        10       11       12       13       14       15       16       17       18       19       20       
0        0        1284     1041     512      701      456      354      340      743      1737     593      437      1348     479      485      1452     1469     343      1077     1246     1100     
1        1284     0        271      1375     613      1695     1635     1473     862      458      1668     1720     650      1405     1462     339      531      1220     413      929      1287     
2        1041     271      0        1104     349      1470     1395     1261     751      700      1475     1473     766      1134     1276     433      717      1023     215      753      1053     
3        512      1375     1104     0        774      843      671      831      1138     1781     1068     653      1649     56       993      1424     1714     844      1037     964      667      
4        701      613      349      774      0        1143     1055     953      630      1050     1184     1128     927      799      997      751      954      742      387      746      883      
5        456      1695     1470     843      1143     0        178      249      995      2153     296      263      1635     792      386      1892     1793     513      1526     1694     1497     
6        354      1635     1395     671      1055     178      0        312      1010     2090     456      123      1644     619      488      1806     1785     532      1428     1553     1332     
7        340      1473     1261     831      953      249      312      0        746      1931     254      435      1385     789      182      1691     1546     267      1340     1572     1440     
8        743      862      751      1138     630      995      1010     746      0        1295     872      1126     639      1132     666      1161     805      484      925      1374     1478     
9        1737     458      700      1781     1050     2153     2090     1931     1295     0        2123     2172     909      1816     1917     393      705      1677     748      1129     1563     
10       593      1668     1475     1068     1184     296      456      254      872      2123     0        558      1495     1023     207      1908     1676     451      1570     1824     1691     
11       437      1720     1473     653      1128     263      123      435      1126     2172     558      0        1756     598      609      1875     1892     652      1492     1575     1320     
12       1348     650      766      1649     927      1635     1644     1385     639      909      1495     1756     0        1658     1295     983      221      1122     979      1519     1788     
13       479      1405     1134     56       799      792      619      789      1132     1816     1023     598      1658     0        955      1464     1729     817      1075     1018     722      
14       485      1462     1276     993      997      386      488      182      666      1917     207      609      1295     955      0        1709     1472     255      1381     1667     1576     
15       1452     339      433      1424     751      1892     1806     1691     1161     393      1908     1875     983      1464     1709     0        838      1457     390      740      1170     
16       1469     531      717      1714     954      1793     1785     1546     805      705      1676     1892     221      1729     1472     838      0        1279     915      1451     1768     
17       343      1220     1023     844      742      513      532      267      484      1677     451      652      1122     817      255      1457     1279     0        1125     1424     1369     
18       1077     413      215      1037     387      1526     1428     1340     925      748      1570     1492     979      1075     1381     390      915      1125     0        540      874      
19       1246     929      753      964      746      1694     1553     1572     1374     1129     1824     1575     1519     1018     1667     740      1451     1424     540      0        465      
20       1100     1287     1053     667      883      1497     1332     1440     1478     1563     1691     1320     1788     722      1576     1170     1768     1369     874      465      0        
;



Table delta(i,j)                 Distance
         0        1        2        3        4        5        6        7        8        9        10       11       12       13       14       15       16       17       18       19       20       
0        0        1120     790      560      1100     610      910      840      980      1120     1250     840      120      700      1810     1620     1500     1000     340      1740     550      
1        1120     0        120      153      132      138      55       42       14       179      29       131      100      65       220      67       130      45       134      209      151      
2        790      120      0        60       31       35       68       119      112      58       113      10       76       55       109      135      79       137      60       100      58       
3        560      153      60       0        88       25       113      134      140      62       156      58       64       93       135      186      139      151      22       131      2        
4        1100     132      31       88       0        63       77       140      126      62       118      29       106      72       88       131      53       157      90       77       86       
5        610      138      35       25       63       0        93       126      127      51       138      33       64       75       120      165      114      144      31       114      23       
6        910      55       68       113      77       93       0        71       50       127      45       78       80       21       165      73       81       85       99       154      111      
7        840      42       119      134      140      126      71       0        30       174      68       129      72       67       227      109      152      18       112      217      132      
8        980      14       112      140      126      127      50       30       0        169      38       122      86       56       215      78       130      38       121      204      138      
9        1120     179      58       62       62       51       127      174      169      0        172      48       115      114      74       191      112      192      79       70       61       
10       1250     29       113      156      118      138      45       68       38       172      0        123      112      63       204      41       107      73       140      193      154      
11       840      131      10       58       29       33       78       129      122      48       123      0        82       66       100      144      81       147      61       91       56       
12       120      100      76       64       106      64       80       72       86       115      112      82       0        60       181      150      143      89       42       174      63       
13       700      65       55       93       72       75       21       67       56       114      63       66       60       0        160      94       91       84       78       150      91       
14       1810     220      109      135      88       120      165      227      215      74       204      100      181      160      0        209      109      244      151      11       135      
15       1620     67       135      186      131      165      73       109      78       191      41       144      150      94       209      0        101      112      172      197      184      
16       1500     130      79       139      53       114      81       152      130      112      107      81       143      91       109      101      0        166      138      97       137      
17       1000     45       137      151      157      144      85       18       38       192      73       147      89       84       244      112      166      0        129      234      150      
18       340      134      60       22       90       31       99       112      121      79       140      61       42       78       151      172      138      129      0        145      21       
19       1740     209      100      131      77       114      154      217      204      70       193      91       174      150      11       197      97       234      145      0        130      
20       550      151      58       2        86       23       111      132      138      61       154      56       63       91       135      184      137      150      21       130      0        
;

