

sets
i        orders          /0*40/
k        routes          /1*40/
p        positions       /0*40/
;

alias(i,j)
alias(i,h)
alias(i,hh)
alias(i,jj)
alias(k,kk)
                            Parameters

rho(i)	Processing time
/
0	0
1	80
2	58
3	85
4	96
5	73
6	67
7	46
8	63
9	8
10	92
11	14
12	58
13	68
14	63
15	17
16	59
17	2
18	66
19	31
20	29
21	26
22	73
23	82
24	44
25	38
26	94
27	48
28	79
29	25
30	83
31	74
32	89
33	93
34	28
35	30
36	70
37	20
38	65
39	9
40	72
/

gamma(i)	Duedate
/
0	0
1	21
2	80
3	95
4	55
5	40
6	66
7	11
8	91
9	74
10	27
11	12
12	54
13	67
14	23
15	97
16	44
17	95
18	67
19	20
20	52
21	21
22	29
23	71
24	83
25	53
26	98
27	20
28	21
29	35
30	25
31	17
32	96
33	33
34	5
35	68
36	85
37	43
38	59
39	82
40	33
/

sigma(i)	Size
/
0	0
1	3
2	4
3	1
4	8
5	2
6	7
7	7
8	7
9	7
10	9
11	9
12	7
13	8
14	8
15	4
16	5
17	6
18	8
19	2
20	9
21	7
22	5
23	6
24	5
25	1
26	8
27	9
28	4
29	7
30	9
31	9
32	3
33	6
34	5
35	3
36	2
37	9
38	4
39	7
40	6
/

epsilon(i)	Priority
/
0	0
1	9
2	3
3	2
4	4
5	3
6	8
7	1
8	9
9	1
10	3
11	8
12	7
13	8
14	9
15	4
16	8
17	1
18	1
19	7
20	4
21	8
22	6
23	2
24	6
25	9
26	3
27	2
28	8
29	5
30	4
31	8
32	5
33	4
34	7
35	9
36	9
37	7
38	1
39	2
40	2
/

psi	Vehicle Capacity
/ 18 /
;

Table kappa(i,j)                 Setup
         0        1        2        3        4        5        6        7        8        9        10       11       12       13       14       15       16       17       18       19       20       21       22       23       24       25       26       27       28       29       30       31       32       33       34       35       36       37       38       39       40       
0        0        3988     1108     1834     3145     2309     3556     2796     2600     1313     3651     1995     2817     1557     3432     3040     2925     3401     3208     3671     154      2195     3543     2915     2016     3322     1229     3833     3335     961      2938     681      3956     1918     2969     293      3038     2904     2301     3703     3253     
1        3988     0        3132     2235     2829     3812     1826     1614     1883     2731     506      2403     4052     3047     755      1051     1162     1909     2356     706      4133     2261     564      1974     1978     1425     2934     1387     1059     4015     2054     4427     391      2737     3882     4266     1142     3964     2188     1433     1303     
2        1108     3132     0        1345     3127     2773     3177     2303     2200     1003     2888     902      3280     496      2485     2108     1991     3055     2101     2967     1206     1104     2776     2591     1323     2818     202      3313     2333     895      1835     1324     3183     815      3345     1394     2071     3320     1210     3201     2702     
3        1834     2235     1345     0        1866     1988     1840     991      857      521      1845     1326     2413     1610     1834     1464     1371     1712     2434     1842     1987     1408     1740     1246     359      1520     1167     2030     1864     2178     2016     2391     2148     1602     2379     2089     1532     2398     1458     1907     1432     
4        3145     2829     3127     1866     0        1391     1101     1381     1220     2126     2325     3173     1373     3463     2933     2729     2703     960      4128     2130     3285     3223     2292     908      2106     1404     2980     1627     3144     3830     3695     3820     2501     3467     1134     3284     2870     1245     3251     1511     1531     
5        2309     3812     2773     1988     1391     0        2379     2198     1931     1884     3316     3211     516      3232     3665     3349     3279     2210     4408     3182     2413     3338     3248     1896     2343     2499     2706     2874     3775     3198     3998     2973     3563     3394     671      2339     3451     594      3406     2740     2560     
6        3556     1826     3177     1840     1101     2379     0        892      985      2298     1351     2907     2457     3374     2116     2031     2048     174      3571     1123     3710     2887     1352     643      1894     496      2991     525      2388     4017     3154     4178     1463     3251     2232     3765     2187     2338     2879     418      668      
7        2796     1614     2303     991      1381     2198     892      0        273      1491     1123     2023     2458     2482     1565     1347     1326     802      2796     1017     2950     2016     1050     481      1003     529      2112     1040     1762     3162     2366     3378     1387     2364     2313     3033     1490     2383     2018     915      464      
8        2600     1883     2200     857      1220     1931     985      273      0        1318     1395     2030     2208     2430     1789     1535     1496     855      2910     1289     2754     2050     1320     405      965      737      2018     1240     1960     3032     2477     3205     1660     2354     2076     2825     1667     2140     2066     1106     712      
9        1313     2731     1003     521      2126     1884     2298     1491     1318     0        2359     1334     2367     1392     2267     1880     1775     2156     2573     2363     1467     1479     2253     1672     763      2020     876      2532     2247     1741     2190     1889     2663     1512     2395     1567     1920     2386     1558     2405     1943     
10       3651     506      2888     1845     2325     3316     1351     1123     1395     2359     0        2264     3547     2879     868      980      1061     1419     2488     241      3801     2157     111      1468     1638     924      2686     968      1184     3783     2125     4140     304      2617     3375     3920     1118     3458     2103     984      797      
11       1995     2403     902      1326     3173     3211     2907     2023     2030     1334     2264     0        3679     651      1691     1351     1243     2825     1272     2399     2103     201      2157     2433     1072     2462     766      2900     1487     1680     948      2206     2533     357      3677     2286     1274     3683     308      2815     2312     
12       2817     4052     3280     2413     1373     516      2457     2458     2208     2367     3547     3679     0        3733     3989     3699     3639     2302     4848     3386     2917     3796     3491     2083     2758     2671     3206     2977     4129     3714     4430     3474     3768     3879     284      2833     3813     154      3858     2853     2760     
13       1557     3047     496      1610     3463     3232     3374     2482     2430     1392     2879     651      3733     0        2341     1996     1885     3270     1673     2996     1633     826      2770     2833     1479     2967     526      3436     2136     1051     1468     1624     3158     396      3780     1830     1924     3763     924      3338     2831     
14       3432     755      2485     1834     2933     3665     2116     1565     1789     2267     868      1691     3989     2341     0        392      506      2140     1637     1099     3569     1533     810      2025     1509     1630     2296     1815     322      3346     1306     3805     1015     2009     3865     3720     418      3926     1452     1805     1465     
15       3040     1051     2108     1464     2729     3349     2031     1347     1535     1880     980      1351     3699     1996     392      0        116      2023     1558     1170     3178     1214     887      1826     1128     1534     1915     1822     429      2979     1165     3422     1211     1688     3594     3328     156      3647     1147     1783     1362     
16       2925     1162     1991     1371     2703     3279     2048     1326     1496     1775     1061     1243     3639     1885     506      116      0        2030     1525     1238     3063     1111     963      1807     1028     1552     1799     1868     498      2863     1118     3306     1305     1583     3542     3214     173      3591     1048     1821     1380     
17       3401     1909     3055     1712     960      2210     174      802      855      2156     1419     2825     2302     3270     2140     2023     2030     0        3545     1203     3554     2816     1407     487      1792     511      2872     675      2398     3883     3122     4030     1560     3165     2082     3605     2177     2186     2814     553      675      
18       3208     2356     2101     2434     4128     4408     3571     2796     2910     2573     2488     1272     4848     1673     1637     1558     1525     3545     0        2704     3297     1100     2413     3271     2098     3076     2009     3380     1315     2670     433      3282     2652     1291     4809     3490     1403     4832     1015     3341     2905     
19       3671     706      2967     1842     2130     3182     1123     1017     1289     2363     241      2399     3386     2996     1099     1170     1238     1203     2704     0        3823     2307     292      1303     1678     727      2765     727      1411     3862     2330     4187     382      2756     3202     3931     1317     3290     2261     746      626      
20       154      4133     1206     1987     3285     2413     3710     2950     2754     1467     3801     2103     2917     1633     3569     3178     3063     3554     3297     3823     0        2304     3692     3068     2165     3477     1342     3988     3465     935      3041     560      4106     2005     3078     198      3172     3008     2410     3857     3407     
21       2195     2261     1104     1408     3223     3338     2887     2016     2050     1479     2157     201      3796     826      1533     1214     1111     2816     1100     2307     2304     0        2052     2447     1118     2427     966      2844     1312     1869     754      2404     2415     476      3781     2487     1122     3793     106      2766     2270     
22       3543     564      2776     1740     2292     3248     1352     1050     1320     2253     111      2157     3491     2770     810      887      963      1407     2413     292      3692     2052     0        1419     1528     902      2574     1006     1120     3671     2042     4029     414      2510     3326     3812     1030     3406     2000     1007     761      
23       2915     1974     2591     1246     908      1896     643      481      405      1672     1468     2433     2083     2833     2025     1826     1807     487      3271     1303     3068     2447     1419     0        1371     603      2413     1025     2237     3406     2839     3543     1686     2759     1907     3121     1970     1990     2458     886      677      
24       2016     1978     1323     359      2106     2343     1894     1003     965      763      1638     1072     2758     1479     1509     1128     1028     1792     2098     1678     2165     1118     1528     1371     0        1501     1125     1990     1516     2206     1674     2509     1942     1389     2711     2290     1184     2736     1153     1882     1380     
25       3322     1425     2818     1520     1404     2499     496      529      737      2020     924      2462     2671     2967     1630     1534     1552     511      3076     727      3477     2427     902      603      1501     0        2624     511      1895     3685     2661     3908     1104     2813     2480     3555     1690     2571     2411     386      172      
26       1229     2934     202      1167     2980     2706     2991     2112     2018     876      2686     766      3206     526      2296     1915     1799     2872     2009     2765     1342     966      2574     2413     1125     2624     0        3116     2154     1097     1713     1509     2982     755      3255     1522     1883     3237     1071     3006     2505     
27       3833     1387     3313     2030     1627     2874     525      1040     1240     2532     968      2900     2977     3436     1815     1822     1868     675      3380     727      3988     2844     1006     1025     1990     511      3116     0        2117     4187     2985     4419     1003     3256     2756     4064     1977     2861     2817     139      610      
28       3335     1059     2333     1864     3144     3775     2388     1762     1960     2247     1184     1487     4129     2136     322      429      498      2398     1315     1411     3465     1312     1120     2237     1516     1895     2154     2117     0        3165     994      3658     1337     1781     4023     3627     332      4077     1220     2099     1725     
29       961      4015     895      2178     3830     3198     4017     3162     3032     1741     3783     1680     3714     1051     3346     2979     2863     3883     2670     3862     935      1869     3671     3406     2206     3685     1097     4187     3165     0        2510     641      4077     1443     3837     1116     2927     3785     1970     4071     3578     
30       2938     2054     1835     2016     3695     3998     3154     2366     2477     2190     2125     948      4430     1468     1306     1165     1118     3122     433      2330     3041     754      2042     2839     1674     2661     1713     2985     994      2510     0        3091     2316     1071     4385     3228     1014     4411     655      2939     2490     
31       681      4427     1324     2391     3820     2973     4178     3378     3205     1889     4140     2206     3474     1624     3805     3422     3306     4030     3282     4187     560      2404     4029     3543     2509     3908     1509     4419     3658     641      3091     0        4442     2020     3638     657      3392     3567     2509     4293     3823     
32       3956     391      3183     2148     2501     3563     1463     1387     1660     2663     304      2533     3768     3158     1015     1211     1305     1560     2652     382      4106     2415     414      1686     1942     1104     2982     1003     1337     4077     2316     4442     0        2882     3583     4225     1335     3672     2354     1059     1009     
33       1918     2737     815      1602     3467     3394     3251     2364     2354     1512     2617     357      3879     396      2009     1688     1583     3165     1291     2756     2005     476      2510     2759     1389     2813     755      3256     1781     1443     1071     2020     2882     0        3899     2199     1598     3895     560      3169     2665     
34       2969     3882     3345     2379     1134     671      2232     2313     2076     2395     3375     3677     284      3780     3865     3594     3542     2082     4809     3202     3078     3781     3326     1907     2711     2480     3255     2756     4023     3837     4385     3638     3583     3899     0        3008     3715     130      3836     2635     2581     
35       293      4266     1394     2089     3284     2339     3765     3033     2825     1567     3920     2286     2833     1830     3720     3328     3214     3605     3490     3931     198      2487     3812     3121     2290     3555     1522     4064     3627     1116     3228     657      4225     2199     3008     0        3329     2932     2592     3931     3494     
36       3038     1142     2071     1532     2870     3451     2187     1490     1667     1920     1118     1274     3813     1924     418      156      173      2177     1403     1317     3172     1122     1030     1970     1184     1690     1883     1977     332      2927     1014     3392     1335     1598     3715     3329     0        3765     1046     1939     1518     
37       2904     3964     3320     2398     1245     594      2338     2383     2140     2386     3458     3683     154      3763     3926     3647     3591     2186     4832     3290     3008     3793     3406     1990     2736     2571     3237     2861     4077     3785     4411     3567     3672     3895     130      2932     3765     0        3851     2738     2667     
38       2301     2188     1210     1458     3251     3406     2879     2018     2066     1558     2103     308      3858     924      1452     1147     1048     2814     1015     2261     2410     106      2000     2458     1153     2411     1071     2817     1220     1970     655      2509     2354     560      3836     2592     1046     3851     0        2744     2252     
39       3703     1433     3201     1907     1511     2740     418      915      1106     2405     984      2815     2853     3338     1805     1783     1821     553      3341     746      3857     2766     1007     886      1882     386      3006     139      2099     4071     2939     4293     1059     3169     2635     3931     1939     2738     2744     0        506      
40       3253     1303     2702     1432     1531     2560     668      464      712      1943     797      2312     2760     2831     1465     1362     1380     675      2905     626      3407     2270     761      677      1380     172      2505     610      1725     3578     2490     3823     1009     2665     2581     3494     1518     2667     2252     506      0        
;



Table delta(i,j)                 Distance
         0        1        2        3        4        5        6        7        8        9        10       11       12       13       14       15       16       17       18       19       20       21       22       23       24       25       26       27       28       29       30       31       32       33       34       35       36       37       38       39       40       
0        0        8730     29700    11430    18870    29970    18300    10200    16050    10560    23580    23460    29640    17490    20220    26130    3840     10020    23010    8310     31320    20130    20220    22830    19740    17790    17550    23430    9780     11430    11040    11640    22770    31050    20940    20220    7650     13800    16620    11190    24450    
1        8730     0        1084     643      906      1272     789      622      821      158      954      966      1108     859      960      988      243      43       896      494      1150     762      898      914      944      360      310      1019     514      400      634      591      935      1134     915      956      481      358      723      410      1044     
2        29700    1084     0        1194     1262     924      440      1092     1152     960      317      372      100      1248     1222     137      904      1100     239      735      76       325      551      291      1208     1002     1124     609      1275     683      783      637      352      52       514      893      761      778      1479     675      564      
3        11430    643      1194     0        272      861      758      103      220      733      917      888      1162     222      345      1059     504      686      955      486      1230     914      722      917      332      974      952      778      208      722      413      563      883      1229     759      531      462      834      305      707      829      
4        18870    906      1262     272      0        708      825      289      115      981      955      912      1210     49       97       1124     738      950      1027     643      1282     1029     729      971      94       1221     1212     738      467      919      505      683      919      1288     768      432      626      1053     459      900      794      
5        29970    1272     924      861      708      0        649      785      664      1256     635      576      832      733      616      814      1031     1311     770      791      901      881      464      688      614      1449     1506     344      1057     1035     637      722      611      921      479      337      798      1206     1141     1012     371      
6        18300    789      440      758      825      649      0        655      714      712      175      177      404      810      793      303      561      817      202      334      471      241      184      160      778      854      939      309      857      439      344      223      149      472      172      495      358      600      1050     419      303      
7        10200    622      1092     103      289      785      655      0        198      691      814      785      1059     245      338      957      450      666      852      394      1127     817      620      813      322      932      924      680      272      647      310      464      779      1127     657      450      371      771      406      630      730      
8        16050    821      1152     220      115      664      714      198      0        883      849      808      1103     96       139      1014     637      864      916      529      1175     914      627      862      123      1122     1120     648      428      807      390      567      813      1180     666      357      512      945      477      787      704      
9        10560    158      960      733      981      1256     712      691      883      0        865      885      993      936      1022     875      248      152      790      465      1029     644      846      819      1004     241      251      973      636      285      629      542      850      1011     857      960      460      204      855      300      990      
10       23580    954      317      917      955      635      175      814      849      865      0        60       254      946      910      187      732      980      137      510      327      281      233      59       896      982      1079     301      1029     583      505      399      36       335      196      575      533      730      1215     565      264      
11       23460    966      372      888      912      576      177      785      808      885      60       0        302      905      863      246      738      994      195      505      376      329      184      114      850      1014     1107     241      1009     607      479      393      41       387      145      522      527      761      1189     588      204      
12       29640    1108     100      1162     1210     832      404      1059     1103     993      254      302      0        1200     1164     120      913      1127     221      722      73       349      486      245      1151     1057     1173     529      1258     711      748      617      291      89       447      824      747      823      1455     699      480      
13       17490    859      1248     222      49       733      810      245      96       936      946      905      1200     0        137      1111     695      902      1012     611      1271     1006     723      959      129      1176     1165     741      418      882      481      657      909      1276     762      442      592      1013     420      864      797      
14       20220    960      1222     345      97       616      793      338      139      1022     910      863      1164     137      0        1085     775      1004     992      649      1237     1008     678      931      17       1259     1260     673      549      933      495      674      873      1245     717      360      634      1077     555      913      730      
15       26130    988      137      1059     1124     814      303      957      1014     875      187      246      120      1111     1085     0        793      1007     105      608      174      231      417      154      1071     947      1060     487      1146     592      647      506      220      170      382      759      633      708      1347     579      446      
16       3840     243      904      504      738      1031     561      450      637      248      732      738      913      695      775      793      0        280      693      251      963      580      658      699      757      484      496      777      453      259      394      352      710      951      676      721      238      332      681      255      803      
17       10020    43       1100     686      950      1311     817      666      864      152      980      994      1127     902      1004     1007     280      0        917      529      1167     779      932      939      987      329      270      1054     553      416      674      625      962      1150     948      997      518      356      758      428      1078     
18       23010    896      239      955      1027     770      202      852      916      790      137      195      221      1012     992      105      693      917      0        502      280      160      340      81       978      880      987      430      1040     505      544      400      158      275      309      678      528      634      1242     490      398      
19       8310     494      735      486      643      791      334      394      529      465      510      505      722      611      649      608      251      529      502      0        782      434      407      488      632      670      715      525      540      288      174      111      482      776      428      502      25       447      750      266      552      
20       31320    1150     76       1230     1282     901      471      1127     1175     1029     327      376      73       1271     1237     174      963      1167     280      782      0        388      559      314      1224     1077     1198     602      1320     750      816      680      363      29       521      898      808      850      1520     740      553      
21       20130    762      325      914      1029     881      241      817      914      644      281      329      349      1006     1008     231      580      779      160      434      388      0        422      222      992      722      831      536      970      362      525      353      288      373      402      732      459      478      1184     351      517      
22       20220    898      551      722      729      464      184      620      627      846      233      184      486      723      678      417      658      932      340      407      559      422      0        265      666      1012     1086     131      861      594      329      307      198      569      39       342      424      761      1027     571      145      
23       22830    914      291      917      971      688      160      813      862      819      59       114      245      959      931      154      699      939      81       488      314      222      265      0        917      929      1029     349      1017     536      503      379      77       317      232      607      512      678      1210     519      317      
24       19740    944      1208     332      94       614      778      322      123      1004     896      850      1151     129      17       1071     757      987      978      632      1224     992      666      917      0        1242     1243     663      537      916      478      657      860      1232     705      351      617      1060     549      895      720      
25       17790    360      1002     974      1221     1449     854      932      1122     241      982      1014     1057     1176     1259     947      484      329      880      670      1077     722      1012     929      1242     0        136      1143     869      418      842      726      975      1054     1016     1172     671      253      1082     441      1151     
26       17550    310      1124     952      1212     1506     939      924      1120     251      1079     1107     1173     1165     1260     1060     496      270      987      715      1198     831      1086     1029     1243     136      0        1215     823      499      881      788      1070     1176     1094     1212     711      352      1023     520      1228     
27       23430    1019     609      778      738      344      309      680      648      973      301      241      529      741      673      487      777      1054     430      525      602      536      131      349      663      1143     1215     0        937      725      420      431      272      617      136      314      540      893      1083     702      56       
28       9780     514      1275     208      467      1057     857      272      428      636      1029     1009     1258     418      549      1146     453      553      1040     540      1320     970      861      1017     537      869      823      937      0        707      533      640      996      1316     895      722      514      780      227      698      984      
29       11430    400      683      722      919      1035     439      647      807      285      583      607      711      882      933      592      259      416      505      288      750      362      594      536      916      418      499      725      707      0        460      316      571      734      598      778      299      170      934      23       733      
30       11040    634      783      413      505      637      344      310      390      629      505      479      748      481      495      647      394      674      544      174      816      525      329      503      478      842      881      420      533      460      0        179      471      817      362      331      171      622      710      438      460      
31       11640    591      637      563      683      722      223      464      567      542      399      393      617      657      674      506      352      625      400      111      680      353      307      379      657      726      788      431      640      316      179      0        371      676      324      466      134      486      842      293      453      
32       22770    935      352      883      919      611      149      779      813      850      36       41       291      909      873      220      710      962      158      482      363      288      198      77       860      975      1070     272      996      571      471      371      0        371      162      540      505      723      1181     552      240      
33       31050    1134     52       1229     1288     921      472      1127     1180     1011     335      387      89       1276     1245     170      951      1150     275      776      29       373      569      317      1232     1054     1176     617      1316     734      817      676      371      0        531      909      802      830      1517     724      569      
34       20940    915      514      759      768      479      172      657      666      857      196      145      447      762      717      382      676      948      309      428      521      402      39       232      705      1016     1094     136      895      598      362      324      162      531      0        378      447      763      1063     576      135      
35       20220    956      893      531      432      337      495      450      357      960      575      522      824      442      360      759      721      997      678      502      898      732      342      607      351      1172     1212     314      722      778      331      466      540      909      378      0        502      945      824      755      371      
36       7650     481      761      462      626      798      358      371      512      460      533      527      747      592      634      633      238      518      528      25       808      459      424      512      617      671      711      540      514      299      171      134      505      802      447      502      0        454      724      278      569      
37       13800    358      778      834      1053     1206     600      771      945      204      730      761      823      1013     1077     708      332      356      634      447      850      478      761      678      1060     253      352      893      780      170      622      486      723      830      763      945      454      0        1006     193      898      
38       16620    723      1479     305      459      1141     1050     406      477      855      1215     1189     1455     420      555      1347     681      758      1242     750      1520     1184     1027     1210     549      1082     1023     1083     227      934      710      842      1181     1517     1063     824      724      1006     0        924      1134     
39       11190    410      675      707      900      1012     419      630      787      300      565      588      699      864      913      579      255      428      490      266      740      351      571      519      895      441      520      702      698      23       438      293      552      724      576      755      278      193      924      0        711      
40       24450    1044     564      829      794      371      303      730      704      990      264      204      480      797      730      446      803      1078     398      552      553      517      145      317      720      1151     1228     56       984      733      460      453      240      569      135      371      569      898      1134     711      0        
;

