

sets
i        orders          /0*40/
k        routes          /1*40/
p        positions       /0*40/
;

alias(i,j)
alias(i,h)
alias(i,hh)
alias(i,jj)
alias(k,kk)
                            Parameters

rho(i)	Processing time
/
0	0
1	7
2	24
3	90
4	5
5	2
6	32
7	16
8	91
9	50
10	97
11	10
12	55
13	76
14	9
15	1
16	33
17	83
18	25
19	3
20	72
21	18
22	10
23	54
24	77
25	39
26	77
27	42
28	33
29	39
30	5
31	48
32	20
33	39
34	52
35	25
36	87
37	43
38	80
39	68
40	27
/

gamma(i)	Duedate
/
0	0
1	34
2	35
3	41
4	63
5	36
6	52
7	48
8	27
9	82
10	45
11	5
12	75
13	66
14	26
15	2
16	7
17	33
18	39
19	26
20	5
21	25
22	88
23	38
24	47
25	99
26	36
27	15
28	98
29	63
30	71
31	90
32	72
33	15
34	55
35	53
36	87
37	3
38	46
39	54
40	57
/

sigma(i)	Size
/
0	0
1	3
2	3
3	8
4	7
5	9
6	3
7	6
8	4
9	9
10	7
11	7
12	5
13	2
14	9
15	9
16	8
17	8
18	3
19	8
20	3
21	8
22	3
23	1
24	1
25	8
26	8
27	1
28	1
29	7
30	5
31	4
32	8
33	8
34	4
35	8
36	6
37	3
38	7
39	2
40	2
/

epsilon(i)	Priority
/
0	0
1	8
2	1
3	1
4	2
5	1
6	3
7	3
8	3
9	1
10	6
11	6
12	3
13	8
14	2
15	7
16	4
17	8
18	3
19	1
20	3
21	7
22	5
23	1
24	8
25	8
26	6
27	2
28	9
29	7
30	1
31	9
32	2
33	5
34	3
35	7
36	6
37	6
38	4
39	2
40	4
/

psi	Vehicle Capacity
/ 94 /
;

Table kappa(i,j)                 Setup
         0        1        2        3        4        5        6        7        8        9        10       11       12       13       14       15       16       17       18       19       20       21       22       23       24       25       26       27       28       29       30       31       32       33       34       35       36       37       38       39       40       
0        0        3718     4162     288      3177     1751     3431     2109     3298     3065     2009     3947     2445     1489     2848     1418     1510     2835     2241     2122     3608     660      3341     3392     2920     1636     1998     3487     1547     3670     1441     2240     1359     3124     1081     3476     3046     878      2248     1614     3240     
1        3718     0        491      3979     1300     1979     936      2599     2421     1567     1858     248      2473     2240     2249     3172     2789     2728     1761     1682     533      3490     577      1798     1272     2265     2679     1189     2193     1708     2696     2347     2824     835      2650     665      2814     2991     2711     3084     2278     
2        4162     491      0        4417     1746     2413     1355     3088     2491     2017     2240     244      2700     2698     2410     3515     3138     2886     2252     2080     939      3962     862      2203     1513     2652     3169     1585     2622     2068     3062     2616     3310     1123     3106     822      3260     3460     2962     3575     2359     
3        288      3979     4417     0        3464     2004     3714     2386     3426     3354     2234     4206     2570     1761     2990     1483     1639     2933     2528     2359     3883     902      3586     3680     3136     1845     2273     3774     1795     3959     1595     2386     1640     3362     1358     3714     3315     1166     2351     1872     3379     
4        3177     1300     1746     3464     0        1748     405      1483     3221     272      1921     1515     2921     1774     2889     3165     2803     3315     936      1731     810      2751     1524     559      1955     2208     1590     317      1938     643      2659     2699     1963     1614     2132     1729     1515     2317     3064     2073     3075     
5        1751     1979     2413     2004     1748     0        1870     1594     2114     1761     427      2202     1462     390      1656     1418     1064     1927     961      421      1943     1644     1592     2167     1266     481      1577     2009     216      2366     914      1194     1252     1388     734      1738     2429     1148     1490     1680     1999     
6        3431     936      1355     3714     405      1870     0        1869     3065     675      1957     1132     2872     1974     2778     3261     2886     3229     1212     1760     416      3055     1262     862      1799     2295     1971     266      2077     803      2754     2674     2289     1406     2361     1449     1906     2597     3047     2440     2917     
7        2109     2599     3088     2386     1483     1594     1869     0        3678     1255     2001     2844     3055     1294     3234     2730     2482     3521     899      1907     2221     1518     2554     1438     2613     2013     123      1784     1636     1743     2318     2786     752      2492     1373     2763     964      1266     3060     628      3552     
8        3298     2421     2491     3426     3221     2114     3065     3678     0        3386     1688     2460     856      2484     471      1985     1790     596      2877     1770     2822     3524     1870     3773     1269     1830     3676     3318     2153     3836     1862     1067     3347     1667     2688     1757     4399     3108     1095     3787     147      
9        3065     1567     2017     3354     272      1761     675      1255     3386     0        1989     1785     3028     1727     3031     3174     2826     3440     857      1808     1082     2599     1757     412      2133     2236     1368     533      1934     620      2674     2793     1798     1823     2053     1966     1246     2193     3148     1863     3242     
10       2009     1858     2240     2234     1921     427      1957     2001     1688     1989     0        2054     1082     810      1235     1333     949      1536     1279     197      1938     2006     1382     2401     914      411      1992     2139     520      2561     841      824      1677     1139     1098     1488     2793     1527     1163     2107     1572     
11       3947     248      244      4206     1515     2202     1132     2844     2460     1785     2054     0        2592     2475     2334     3351     2971     2813     2009     1886     717      3732     705      1988     1391     2465     2925     1372     2414     1872     2886     2487     3071     972      2885     722      3030     3231     2843     3332     2322     
12       2445     2473     2700     2570     2921     1462     2872     3055     856      3028     1082     2592     0        1784     443      1144     935      469      2361     1234     2739     2703     1899     3437     1203     1074     3032     3093     1438     3563     1016     270      2618     1638     1914     1880     3875     2317     290      3067     816      
13       1489     2240     2698     1761     1774     390      1974     1294     2484     1727     810      2475     1784     0        2020     1502     1207     2253     871      807      2122     1287     1914     2112     1649     721      1257     2067     347      2347     1043     1514     866      1732     410      2077     2194     782      1768     1303     2374     
14       2848     2249     2410     2990     2889     1656     2778     3234     471      3031     1235     2334     443      2020     0        1585     1350     479      2461     1335     2586     3056     1675     3430     998      1359     3227     3019     1686     3520     1408     608      2880     1435     2217     1612     3988     2637     725      3323     392      
15       1418     3172     3515     1483     3165     1418     3261     2730     1985     3174     1333     3351     1144     1502     1585     0        384      1458     2343     1526     3270     1853     2653     3576     2036     966      2663     3419     1240     3783     508      1028     2084     2391     1363     2713     3672     1627     890      2511     1959     
16       1510     2789     3138     1639     2803     1064     2886     2482     1790     2826     949      2971     935      1207     1350     384      0        1335     2013     1143     2887     1816     2276     3232     1674     595      2427     3050     908      3429     164      750      1896     2015     1158     2342     3400     1497     750      2340     1740     
17       2835     2728     2886     2933     3315     1927     3229     3521     596      3440     1536     2813     469      2253     479      1458     1335     0        2809     1675     3054     3140     2152     3845     1469     1542     3500     3463     1907     3953     1442     739      3085     1909     2376     2091     4329     2772     586      3534     641      
18       2241     1761     2252     2528     936      961      1212     899      2877     857      1279     2009     2361     871      2461     2343     2013     2809     0        1135     1470     1842     1659     1241     1738     1442     952      1246     1106     1478     1855     2104     1091     1593     1201     1867     1526     1388     2431     1323     2743     
19       2122     1682     2080     2359     1731     421      1760     1907     1770     1808     197      1886     1234     807      1335     1526     1143     1675     1135     0        1744     2061     1231     2220     846      584      1909     1944     583      2372     1029     988      1655     1003     1149     1355     2659     1568     1340     2070     1645     
20       3608     533      939      3883     810      1943     416      2221     2822     1082     1938     717      2739     2122     2586     3270     2887     3054     1470     1744     0        3292     960      1272     1588     2316     2315     658      2159     1175     2771     2570     2562     1159     2526     1119     2321     2811     2944     2761     2676     
21       660      3490     3962     902      2751     1644     3055     1518     3524     2599     2006     3732     2703     1287     3056     1853     1816     3140     1842     2061     3292     0        3199     2885     2905     1717     1399     3068     1488     3178     1698     2461     807      3019     912      3364     2422     505      2563     971      3442     
22       3341     577      862      3586     1524     1592     1262     2554     1870     1757     1382     705      1899     1914     1675     2653     2276     2152     1659     1231     960      3199     0        2077     696      1793     2611     1528     1793     2064     2199     1784     2621     267      2311     214      2960     2694     2143     2948     1725     
23       3392     1798     2203     3680     559      2167     862      1438     3773     412      2401     1988     3437     2112     3430     3576     3232     3845     1241     2220     1272     2885     2077     0        2511     2645     1560     618      2335     306      3079     3204     2078     2174     2416     2278     1119     2514     3560     2066     3628     
24       2920     1272     1513     3136     1955     1266     1799     2613     1269     2133     914      1391     1203     1649     998      2036     1674     1469     1738     846      1588     2905     696      2511     0        1291     2639     2049     1419     2566     1627     1102     2477     441      1993     692      3216     2414     1452     2870     1122     
25       1636     2265     2652     1845     2208     481      2295     2013     1830     2236     411      2465     1074     721      1359     966      595      1542     1442     584      2316     1717     1793     2645     1291     0        1978     2455     376      2835     458      806      1543     1549     857      1895     2887     1278     1047     1992     1737     
26       1998     2679     3169     2273     1590     1577     1971     123      3676     1368     1992     2925     3032     1257     3227     2663     2427     3500     952      1909     2315     1399     2611     1560     2639     1978     0        1895     1602     1865     2265     2762     647      2538     1301     2819     1059     1166     3025     505      3553     
27       3487     1189     1585     3774     317      2009     266      1784     3318     533      2139     1372     3093     2067     3019     3419     3050     3463     1246     1944     658      3068     1528     618      2049     2455     1895     0        2208     536      2911     2886     2281     1666     2435     1716     1704     2632     3256     2383     3170     
28       1547     2193     2622     1795     1938     216      2077     1636     2153     1934     520      2414     1438     347      1686     1240     908      1907     1106     583      2159     1488     1793     2335     1419     376      1602     2208     0        2546     749      1168     1194     1579     578      1931     2516     1007     1424     1639     2048     
29       3670     1708     2068     3959     643      2366     803      1743     3836     620      2561     1872     3563     2347     3520     3783     3429     3953     1478     2372     1175     3178     2064     306      2566     2835     1865     536      2546     0        3280     3342     2371     2196     2672     2253     1377     2794     3707     2371     3689     
30       1441     2696     3062     1595     2659     914      2754     2318     1862     2674     841      2886     1016     1043     1408     508      164      1442     1855     1029     2771     1698     2199     3079     1627     458      2265     2911     749      3280     0        799      1740     1943     1002     2278     3236     1355     866      2185     1800     
31       2240     2347     2616     2386     2699     1194     2674     2786     1067     2793     824      2487     270      1514     608      1028     750      739      2104     988      2570     2461     1784     3204     1102     806      2762     2886     1168     3342     799      0        2350     1517     1653     1794     3612     2061     374      2799     1000     
32       1359     2824     3310     1640     1963     1252     2289     752      3347     1798     1677     3071     2618     866      2880     2084     1896     3085     1091     1655     2562     807      2621     2078     2477     1543     647      2281     1194     2371     1740     2350     0        2486     738      2810     1707     519      2562     450      3239     
33       3124     835      1123     3362     1614     1388     1406     2492     1667     1823     1139     972      1638     1732     1435     2391     2015     1909     1593     1003     1159     3019     267      2174     441      1549     2538     1666     1579     2196     1943     1517     2486     0        2118     352      2981     2515     1878     2838     1520     
34       1081     2650     3106     1358     2132     734      2361     1373     2688     2053     1098     2885     1914     410      2217     1363     1158     2376     1201     1149     2526     912      2311     2416     1993     857      1301     2435     578      2672     1002     1653     738      2118     0        2467     2328     430      1835     1184     2592     
35       3476     665      822      3714     1729     1738     1449     2763     1757     1966     1488     722      1880     2077     1612     2713     2342     2091     1867     1355     1119     3364     214      2278     692      1895     2819     1716     1931     2253     2278     1794     2810     352      2467     0        3174     2859     2139     3146     1615     
36       3046     2814     3260     3315     1515     2429     1906     964      4399     1246     2793     3030     3875     2194     3988     3672     3400     4329     1526     2659     2321     2422     2960     1119     3216     2887     1059     1704     2516     1377     3236     3612     1707     2981     2328     3174     0        2226     3919     1456     4263     
37       878      2991     3460     1166     2317     1148     2597     1266     3108     2193     1527     3231     2317     782      2637     1627     1497     2772     1388     1568     2811     505      2694     2514     2414     1278     1166     2632     1007     2794     1355     2061     519      2515     430      2859     2226     0        2214     895      3016     
38       2248     2711     2962     2351     3064     1490     3047     3060     1095     3148     1163     2843     290      1768     725      890      750      586      2431     1340     2944     2563     2143     3560     1452     1047     3025     3256     1424     3707     866      374      2562     1878     1835     2139     3919     2214     0        3012     1078     
39       1614     3084     3575     1872     2073     1680     2440     628      3787     1863     2107     3332     3067     1303     3323     2511     2340     3534     1323     2070     2761     971      2948     2066     2870     1992     505      2383     1639     2371     2185     2799     450      2838     1184     3146     1456     895      3012     0        3677     
40       3240     2278     2359     3379     3075     1999     2917     3552     147      3242     1572     2322     816      2374     392      1959     1740     641      2743     1645     2676     3442     1725     3628     1122     1737     3553     3170     2048     3689     1800     1000     3239     1520     2592     1615     4263     3016     1078     3677     0        
;



Table delta(i,j)                 Distance
         0        1        2        3        4        5        6        7        8        9        10       11       12       13       14       15       16       17       18       19       20       21       22       23       24       25       26       27       28       29       30       31       32       33       34       35       36       37       38       39       40       
0        0        17220    24180    12360    4560     12600    24900    16650    9270     11490    13680    12780    5430     18690    29430    17370    2160     4320     19260    6750     25260    12090    26580    18420    11580    5790     29190    12690    11310    8070     4380     14250    29550    22560    8040     27930    19110    8010     5670     28200    14910    
1        17220    0        682      621      588      854      358      610      422      220      970      890      615      543      600      428      546      656      595      485      688      978      1070     139      832      716      751      310      212      843      476      135      505      485      326      675      294      370      683      528      846      
2        24180    682      0        440      680      707      496      272      505      585      882      763      672      185      381      272      845      750      165      580      45       1073     521      553      716      998      190      898      610      999      840      586      547      224      770      196      971      835      735      417      599      
3        12360    621      440      0        264      294      684      168      212      413      462      347      247      287      727      319      470      321      279      214      483      632      501      564      292      591      627      676      433      564      498      485      811      482      501      608      836      552      299      718      235      
4        4560     588      680      264      0        297      783      418      220      372      383      318      34       503      898      481      219      79       515      125      719      431      733      592      267      327      857      516      376      328      270      466      932      658      339      822      715      365      95       868      353      
5        12600    854      707      294      297      0        972      445      435      633      175      55       263      576      1020     613      492      275      559      370      752      413      539      826      35       523      898      813      645      407      559      721      1104     776      636      889      1010     662      231      1012     131      
6        24900    358      496      684      783      972      0        582      565      452      1126     1021     798      457      257      370      827      862      504      658      480      1212     995      238      963      1005     478      666      465      1093     775      373      157      275      638      397      627      696      874      178      916      
7        16650    610      272      168      418      445      582      0        283      438      619      500      406      136      581      215      604      483      114      334      315      801      460      518      450      743      460      739      462      730      615      481      690      343      581      444      865      640      465      583      353      
8        9270     422      505      212      220      435      565      283      0        205      569      476      232      320      681      270      340      300      347      95       538      651      706      392      418      502      666      469      223      543      337      288      712      446      300      621      623      358      308      648      425      
9        11490    220      585      413      372      633      452      438      205      0        751      669      397      413      636      313      375      444      458      265      605      779      890      230      612      552      704      314      25       651      324      95       609      444      202      642      429      267      468      582      631      
10       13680    970      882      462      383      175      1126     619      569      751      0        119      354      748      1189     777      523      326      733      488      928      281      675      961      169      492      1073     878      758      331      602      844      1263     944      710      1064     1087     721      290      1177     297      
11       12780    890      763      347      318      55       1021     500      476      669      119      0        285      631      1074     665      497      282      615      404      808      368      578      869      58       509      953      832      679      377      569      760      1155     830      657      945      1034     678      239      1065     181      
12       5430     615      672      247      34       263      798      406      232      397      354      285      0        499      904      485      250      77       507      140      713      422      705      613      233      345      852      550      403      328      304      491      945      662      373      821      749      399      76       877      320      
13       18690    543      185      287      503      576      457      136      320      413      748      631      499      0        445      115      660      576      52       397      219      911      549      432      578      816      353      727      439      828      654      430      556      207      589      323      821      654      566      447      489      
14       29430    600      381      727      898      1020     257      581      681      636      1189     1074     904      445      0        420      994      977      472      775      345      1327     901      466      1020     1169     273      898      656      1225     957      580      200      245      837      205      881      900      978      81       934      
15       17370    428      272      319      481      613      370      215      270      313      777      665      485      115      420      0        605      559      168      361      293      907      659      317      609      772      404      626      338      809      586      318      491      177      502      353      709      568      558      401      546      
16       2160     546      845      470      219      492      827      604      340      375      523      497      250      660      994      605      0        217      684      269      879      442      952      602      458      177      1005     364      364      302      83       461      984      773      225      958      580      210      261      948      568      
17       4320     656      750      321      79       275      862      483      300      444      326      282      77       576      977      559      217      0        585      205      790      351      759      668      241      279      930      554      446      251      286      539      1011     737      384      898      761      398      44       948      359      
18       19260    595      165      279      515      559      504      114      347      458      733      615      507      52       472      168      684      585      0        417      205      911      498      485      564      834      348      771      484      835      684      480      596      244      627      330      871      691      571      482      463      
19       6750     485      580      214      125      370      658      334      95       265      488      404      140      397      775      361      269      205      417      0        616      556      715      474      347      418      749      472      275      449      285      356      806      538      293      709      651      339      216      743      385      
20       25260    688      45       483      719      752      480      315      538      605      928      808      713      219      345      293      879      790      205      616      0        1116     556      556      761      1035     145      917      631      1041     870      599      518      214      795      152      981      860      777      386      645      
21       12090    978      1073     632      431      413      1212     801      651      779      281      368      422      911      1327     907      442      351      911      556      1116     0        947      1009     387      321      1259     800      777      142      524      874      1362     1084     667      1235     1017     651      348      1299     544      
22       26580    1070     521      501      733      539      995      460      706      890      675      578      705      549      901      659      952      759      498      715      556      947      0        975      570      1036     662      1175     913      944      993      941      1066     722      1002     704      1320     1053     721      937      414      
23       18420    139      553      564      592      826      238      518      392      230      961      869      613      432      466      317      602      668      485      474      556      1009     975      0        810      778      612      433      237      882      543      140      394      348      402      536      433      459      687      397      798      
24       11580    832      716      292      267      35       963      450      418      612      169      58       233      578      1020     609      458      241      564      347      761      387      570      810      0        487      906      783      622      374      526      702      1097     775      606      895      982      631      197      1009     158      
25       5790     716      998      591      327      523      1005     743      502      552      492      509      345      816      1169     772      177      279      834      418      1035     321      1036     778      487      0        1167     492      541      184      239      638      1162     944      390      1124     707      356      315      1125     628      
26       29190    751      190      627      857      898      478      460      666      704      1073     953      852      353      273      404      1005     930      348      749      145      1259     662      612      906      1167     0        1008     729      1181     990      682      470      268      902      80       1045     968      918      338      789      
27       12690    310      898      676      516      813      666      739      469      314      878      832      550      727      898      626      364      554      771      472      917      800      1175     433      783      492      1008     0        288      657      281      327      816      741      180      940      217      156      594      830      854      
28       11310    212      610      433      376      645      465      462      223      25       758      679      403      439      656      338      364      446      484      275      631      777      913      237      622      541      729      288      0        647      309      97       623      467      181      666      406      245      472      600      647      
29       8070     843      999      564      328      407      1093     730      543      651      331      377      328      828      1225     809      302      251      835      449      1041     142      944      882      374      184      1181     657      647      0        382      744      1246     986      527      1149     874      509      264      1191     530      
30       4380     476      840      498      270      559      775      615      337      324      602      569      304      654      957      586      83       286      684      285      870      524      993      543      526      239      990      281      309      382      0        403      932      747      150      938      497      127      330      906      624      
31       14250    135      586      485      466      721      373      481      288      95       844      760      491      430      580      318      461      539      480      356      599      874      941      140      702      638      682      327      97       744      403      0        530      414      265      613      391      324      562      518      711      
32       29550    505      547      811      932      1104     157      690      712      609      1263     1155     945      556      200      491      984      1011     596      806      518      1362     1066     394      1097     1162     470      816      623      1246     932      530      0        352      795      396      756      853      1021     133      1036     
33       22560    485      224      482      658      776      275      343      446      444      944      830      662      207      245      177      773      737      244      538      214      1084     722      348      775      944      268      741      467      986      747      414      352      0        645      199      780      711      735      239      696      
34       8040     326      770      501      339      636      638      581      300      202      710      657      373      589      837      502      225      384      627      293      795      667      1002     402      606      390      902      180      181      527      150      265      795      645      0        842      377      66       422      780      674      
35       27930    675      196      608      822      889      397      444      621      642      1064     945      821      323      205      353      958      898      330      709      152      1235     704      536      895      1124     80       940      666      1149     938      613      396      199      842      0        970      908      889      263      788      
36       19110    294      971      836      715      1010     627      865      623      429      1087     1034     749      821      881      709      580      761      871      651      981      1017     1320     433      982      707      1045     217      406      874      497      391      756      780      377      970      0        370      800      804      1036     
37       8010     370      835      552      365      662      696      640      358      267      721      678      399      654      900      568      210      398      691      339      860      651      1053     459      631      356      968      156      245      509      127      324      853      711      66       908      370      0        439      842      711      
38       5670     683      735      299      95       231      874      465      308      468      290      239      76       566      978      558      261      44       571      216      777      348      721      687      197      315      918      594      472      264      330      562      1021     735      422      889      800      439      0        952      317      
39       28200    528      417      718      868      1012     178      583      648      582      1177     1065     877      447      81       401      948      948      482      743      386      1299     937      397      1009     1125     338      830      600      1191     906      518      133      239      780      263      804      842      952      0        935      
40       14910    846      599      235      353      131      916      353      425      631      297      181      320      489      934      546      568      359      463      385      645      544      414      798      158      628      789      854      647      530      624      711      1036     696      674      788      1036     711      317      935      0        
;

