
sets
i        orders          /0*10/
k        routes          /1*10/
p        positions       /0*10/
;

alias(i,j)
alias(i,h)
alias(i,hh)
alias(i,jj)
alias(k,kk)
                
                    Parameters

rho(i)	Processing time
/
0	0
1	98
2	88
3	12
4	80
5	23
6	62
7	35
8	63
9	73
10	57
/

gamma(i)	Duedate
/
0	0
1	31
2	34
3	45
4	72
5	71
6	54
7	5
8	43
9	53
10	78
/

sigma(i)	Size
/
0	0
1	1
2	7
3	9
4	8
5	7
6	7
7	7
8	3
9	6
10	5
/

epsilon(i)	Priority
/
0	0
1	5
2	1
3	9
4	9
5	3
6	2
7	5
8	6
9	6
10	4
/

psi	Vehicle Capacity
/ 43 /
;

Table kappa(i,j)                 Setup
         0        1        2        3        4        5        6        7        8        9        10       
0        0        68       123      191      67       141      99       220      118      95       38       
1        68       0        172      131      34       192      145      244      101      59       92       
2        123      172      0        246      186      21       27       115      131      217      145      
3        191      131      246      0        160      266      222      259      115      170      222      
4        67       34       186      160      0        205      160      269      134      31       76       
5        141      192      21       266      205      0        48       114      151      236      160      
6        99       145      27       222      160      48       0        128      110      191      124      
7        220      244      115      259      269      114      128      0        157      300      250      
8        118      101      131      115      134      151      110      157      0        161      156      
9        95       59       217      170      31       236      191      300      161      0        96       
10       38       92       145      222      76       160      124      250      156      96       0        
;



Table delta(i,j)                 Distance
         0        1        2        3        4        5        6        7        8        9        10       
0        0        2900     1420     2600     1920     3400     2840     2080     2300     340      1340     
1        2900     0        217      186      204      210      24       41       224      128      208      
2        1420     217      0        145      83       183      211      175      92       88       19       
3        2600     186      145      0        66       40       166      157      72       124      125      
4        1920     204      83       66       0        100      190      166      21       100      63       
5        3400     210      183      40       100      0        188      186      101      164      163      
6        2840     24       211      166      190      188      0        41       210      124      201      
7        2080     41       175      157      166      186      41       0        187      86       167      
8        2300     224      92       72       21       101      210      187      0        120      74       
9        340      128      88       124      100      164      124      86       120      0        81       
10       1340     208      19       125      63       163      201      167      74       81       0        
;

