

sets
i        orders          /0*10/
k        routes          /1*10/
p        positions       /0*10/
;

alias(i,j)
alias(i,h)
alias(i,hh)
alias(i,jj)
alias(k,kk)
                            Parameters

rho(i)	Processing time
/
0	0
1	15
2	20
3	63
4	14
5	72
6	10
7	72
8	85
9	76
10	31
/

gamma(i)	Duedate
/
0	0
1	19
2	43
3	17
4	72
5	7
6	68
7	53
8	96
9	8
10	39
/

sigma(i)	Size
/
0	0
1	5
2	6
3	7
4	3
5	3
6	3
7	3
8	2
9	2
10	7
/

epsilon(i)	Priority
/
0	0
1	6
2	7
3	4
4	7
5	3
6	9
7	3
8	6
9	6
10	6
/

psi	Vehicle Capacity
/ 57 /
;

Table kappa(i,j)                 Setup
         0        1        2        3        4        5        6        7        8        9        10       
0        0        350      90       359      157      97       276      251      495      258      186      
1        350      0        296      139      243      259      458      472      317      455      284      
2        90       296      0        280      70       102      223      212      405      209      97       
3        359      139      280      0        210      293      374      399      184      377      222      
4        157      243      70       210      0        130      229      233      337      221      58       
5        97       259      102      293      130      0        325      312      451      311      182      
6        276      458      223      374      229      325      0        47       400      21       177      
7        251      472      212      399      233      312      47       0        440      29       188      
8        495      317      405      184      337      451      400      440      0        411      317      
9        258      455      209      377      221      311      21       29       411      0        172      
10       186      284      97       222      58       182      177      188      317      172      0        
;



Table delta(i,j)                 Distance
         0        1        2        3        4        5        6        7        8        9        10       
0        0        2560     2520     1890     910      890      680      1690     1160     3420     1750     
1        2560     0        92       268      174      330      303      364      143      327      273      
2        2520     92       0        199      160      307      280      317      138      235      209      
3        1890     268      199      0        148      177      160      135      166      157      17       
4        910      174      160      148      0        156      129      199      30       282      143      
5        890      330      307      177      156      0        27       96       186      333      160      
6        680      303      280      160      129      27       0        102      159      317      143      
7        1690     364      317      135      199      96       102      0        228      273      119      
8        1160     143      138      166      30       186      159      228      0        287      163      
9        3420     327      235      157      282      333      317      273      287      0        174      
10       1750     273      209      17       143      160      143      119      163      174      0        
;

