

sets
i        orders          /0*20/
k        routes          /1*20/
p        positions       /0*20/
;

alias(i,j)
alias(i,h)
alias(i,hh)
alias(i,jj)
alias(k,kk)
                            Parameters

rho(i)	Processing time
/
0	0
1	88
2	66
3	5
4	1
5	34
6	54
7	98
8	62
9	69
10	70
11	17
12	71
13	61
14	62
15	69
16	42
17	14
18	79
19	96
20	78
/

gamma(i)	Duedate
/
0	0
1	88
2	76
3	17
4	53
5	89
6	44
7	69
8	4
9	32
10	46
11	17
12	4
13	25
14	57
15	84
16	72
17	57
18	21
19	29
20	93
/

sigma(i)	Size
/
0	0
1	6
2	5
3	6
4	3
5	9
6	3
7	7
8	3
9	1
10	9
11	3
12	3
13	4
14	7
15	2
16	7
17	2
18	1
19	9
20	1
/

epsilon(i)	Priority
/
0	0
1	2
2	6
3	1
4	8
5	5
6	3
7	4
8	6
9	9
10	5
11	9
12	6
13	2
14	4
15	2
16	1
17	3
18	8
19	6
20	7
/

psi	Vehicle Capacity
/ 35 /
;

Table kappa(i,j)                 Setup
         0        1        2        3        4        5        6        7        8        9        10       11       12       13       14       15       16       17       18       19       20       
0        0        1108     862      980      1029     1170     1178     1209     523      146      492      441      344      139      606      1447     680      1216     1208     813      334      
1        1108     0        265      1263     1448     1543     143      456      1047     1102     1590     667      827      1247     1689     1157     1075     611      150      1199     968      
2        862      265      0        1187     1214     1319     315      603      888      873      1336     429      616      998      1457     1050     950      556      400      957      770      
3        980      1263     1187     0        1977     2116     1402     982      460      835      1296     942      772      1043     1108     2172     307      1739     1247     1731     668      
4        1029     1448     1214     1977     0        140      1407     1806     1519     1173     1069     1101     1216     1032     1401     815      1669     1052     1597     266      1309     
5        1170     1543     1319     2116     140      0        1492     1917     1659     1314     1196     1231     1352     1171     1532     796      1808     1105     1693     393      1449     
6        1178     143      315      1402     1407     1492     0        587      1165     1187     1648     743      922      1314     1771     1045     1203     493      248      1169     1070     
7        1209     456      603      982      1806     1917     587      0        937      1147     1698     808      869      1345     1705     1609     896      1066     348      1544     955      
8        523      1047     888      460      1519     1659     1165     937      0        383      898      539      339      602      800      1776     157      1401     1085     1277     210      
9        146      1102     873      835      1173     1314     1187     1147     383      0        559      444      284      225      587      1555     540      1282     1186     951      213      
10       492      1590     1336     1296     1069     1196     1648     1698     898      559      0        929      829      353      343      1709     1042     1608     1696     955      770      
11       441      667      429      942      1101     1231     743      808      539      444      929      0        210      581      1028     1239     651      874      767      837      370      
12       344      827      616      772      1216     1352     922      869      339      284      829      210      0        477      867      1438     468      1085     905      963      160      
13       139      1247     998      1043     1032     1171     1314     1345     602      225      353      581      477      0        488      1522     757      1329     1347     841      437      
14       606      1689     1457     1108     1401     1532     1771     1705     800      587      343      1028     867      488      0        1990     913      1817     1772     1263     752      
15       1447     1157     1050     2172     815      796      1045     1609     1776     1555     1709     1239     1438     1522     1990     0        1890     552      1292     774      1586     
16       680      1075     950      307      1669     1808     1203     896      157      540      1042     651      468      757      913      1890     0        1486     1092     1423     361      
17       1216     611      556      1739     1052     1105     493      1066     1401     1282     1608     874      1085     1329     1817     552      1486     0        741      867      1244     
18       1208     150      400      1247     1597     1693     248      348      1085     1186     1696     767      905      1347     1772     1292     1092     741      0        1347     1033     
19       813      1199     957      1731     266      393      1169     1544     1277     951      955      837      963      841      1263     774      1423     867      1347     0        1067     
20       334      968      770      668      1309     1449     1070     955      210      213      770      370      160      437      752      1586     361      1244     1033     1067     0        
;



Table delta(i,j)                 Distance
         0        1        2        3        4        5        6        7        8        9        10       11       12       13       14       15       16       17       18       19       20       
0        0        1740     2850     6240     5500     1390     5300     2020     1560     5630     5620     4100     4660     5860     5650     600      3560     1210     1510     4680     1630     
1        1740     0        127      462      376      44       456      43       62       391      432      400      353      571      394      147      346      88       36       294      189      
2        2850     127      0        422      278      147      519      137      130      285      444      501      392      664      283      271      451      168      136      218      314      
3        6240     462      422      0        241      506      379      424      513      267      180      518      259      587      299      576      505      548      496      217      532      
4        5500     376      278      241      0        412      539      357      403      30       371      615      393      734      61       521      581      442      400      99       523      
5        1390     44       147      506      412      0        491      86       32       424      475      420      394      594      426      125      365      44       12       334      192      
6        5300     456      519      379      539      491      0        415      517      569      200      192      146      207      596      470      215      532      488      452      372      
7        2020     43       137      424      357      86       415      0        105      374      388      370      309      538      381      164      318      131      79       269      180      
8        1560     62       130      513      403      32       517      105      0        413      492      452      415      626      412      152      397      39       30       331      224      
9        5630     391      285      267      30       424      569      374      413      0        402      643      423      764      32       537      608      452      412      125      544      
10       5620     432      444      180      371      475      200      388      492      402      0        357      108      407      432      506      354      519      468      303      434      
11       4100     400      501      518      615      420      192      370      452      643      357      0        259      177      664      354      55       452      422      517      248      
12       4660     353      392      259      393      394      146      309      415      423      108      259      0        343      450      408      250      438      388      305      330      
13       5860     571      664      587      734      594      207      538      626      764      407      177      343      0        789      531      232      628      596      642      425      
14       5650     394      283      299      61       426      596      381      412      32       432      664      450      789      0        541      628      451      414      147      555      
15       600      147      271      576      521      125      470      164      152      537      506      354      408      531      541      0        299      128      136      434      106      
16       3560     346      451      505      581      365      215      318      397      608      354      55       250      232      628      299      0        397      368      482      193      
17       1210     88       168      548      442      44       532      131      39       452      519      452      438      628      451      128      397      0        52       369      214      
18       1510     36       136      496      400      12       488      79       30       412      468      422      388      596      414      136      368      52       0        322      198      
19       4680     294      218      217      99       334      452      269      331      125      303      517      305      642      147      434      482      369      322      0        428      
20       1630     189      314      532      523      192      372      180      224      544      434      248      330      425      555      106      193      214      198      428      0        
;

