

sets
i        orders          /0*20/
k        routes          /1*20/
p        positions       /0*20/
;

alias(i,j)
alias(i,h)
alias(i,hh)
alias(i,jj)
alias(k,kk)
                            Parameters

rho(i)	Processing time
/
0	0
1	91
2	71
3	15
4	96
5	50
6	50
7	90
8	31
9	73
10	16
11	49
12	43
13	71
14	91
15	36
16	64
17	99
18	97
19	20
20	69
/

gamma(i)	Duedate
/
0	0
1	90
2	48
3	11
4	20
5	46
6	29
7	1
8	99
9	64
10	52
11	83
12	17
13	31
14	40
15	87
16	2
17	20
18	3
19	63
20	61
/

sigma(i)	Size
/
0	0
1	3
2	3
3	3
4	1
5	9
6	1
7	1
8	7
9	9
10	5
11	4
12	9
13	6
14	1
15	5
16	8
17	5
18	3
19	1
20	8
/

epsilon(i)	Priority
/
0	0
1	2
2	8
3	3
4	5
5	8
6	9
7	1
8	8
9	2
10	8
11	9
12	3
13	1
14	4
15	4
16	7
17	9
18	2
19	2
20	5
/

psi	Vehicle Capacity
/ 33 /
;

Table kappa(i,j)                 Setup
         0        1        2        3        4        5        6        7        8        9        10       11       12       13       14       15       16       17       18       19       20       
0        0        1766     844      982      761      663      438      2289     1914     777      582      1645     1419     615      1449     857      1559     1564     1446     945      2213     
1        1766     0        1558     796      1995     2160     1476     720      1352     1146     2003     1640     1332     1268     891      909      1591     1241     1038     1562     720      
2        844      1558     0        866      477      728      452      1830     1149     468      583      807      633      460      1703     854      722      810      779      101      1728     
3        982      796      866      0        1244     1378     685      1325     1275     401      1223     1288     954      487      873      141      1210     985      775      906      1260     
4        761      1995     477      1244     0        290      608      2307     1579     852      210      1153     1072     763      1995     1189     1082     1258     1252     530      2205     
5        663      2160     728      1378     290      0        696      2532     1859     1017     158      1443     1348     893      2044     1298     1371     1531     1506     798      2436     
6        438      1476     452      685      608      696      0        1916     1475     368      544      1225     983      214      1387     602      1138     1125     1012     549      1830     
7        2289     720      1830     1325     2307     2532     1916     0        1103     1548     2375     1565     1360     1703     1611     1463     1554     1195     1088     1795     117      
8        1914     1352     1149     1275     1579     1859     1475     1103     0        1176     1726     520      515      1322     2036     1389     547      350      508      1065     987      
9        777      1146     468      401      852      1017     368      1548     1176     0        859      1033     731      161      1240     389      947      834      682      518      1462     
10       582      2003     583      1223     210      158      544      2375     1726     859      0        1331     1212     737      1910     1146     1255     1392     1357     660      2279     
11       1645     1640     807      1288     1153     1443     1225     1565     520      1033     1331     0        337      1136     2145     1361     87       401      604      707      1448     
12       1419     1332     633      954      1072     1348     983      1360     515      731      1212     337      0        856      1807     1033     268      188      298      551      1246     
13       615      1268     460      487      763      893      214      1703     1322     161      737      1136     856      0        1258     426      1049     976      836      536      1619     
14       1449     891      1703     873      1995     2044     1387     1611     2036     1240     1910     2145     1807     1258     0        850      2071     1803     1581     1759     1609     
15       857      909      854      141      1189     1298     602      1463     1389     389      1146     1361     1033     426      850      0        1279     1084     882      908      1400     
16       1559     1591     722      1210     1082     1371     1138     1554     547      947      1255     87       268      1049     2071     1279     0        367      552      623      1437     
17       1564     1241     810      985      1258     1531     1125     1195     350      834      1392     401      188      976      1803     1084     367      0        223      733      1079     
18       1446     1038     779      775      1252     1506     1012     1088     508      682      1357     604      298      836      1581     882      552      223      0        724      978      
19       945      1562     101      906      530      798      549      1795     1065     518      660      707      551      536      1759     908      623      733      724      0        1689     
20       2213     720      1728     1260     2205     2436     1830     117      987      1462     2279     1448     1246     1619     1609     1400     1437     1079     978      1689     0        
;



Table delta(i,j)                 Distance
         0        1        2        3        4        5        6        7        8        9        10       11       12       13       14       15       16       17       18       19       20       
0        0        3980     2390     2880     1160     2770     1870     4510     710      2200     2320     5440     2310     1940     5190     2120     3060     4340     1880     3060     4240     
1        3980     0        583      126      309      470      268      228      418      177      369      450      544      205      745      188      374      426      581      212      497      
2        2390     583      0        457      353      197      423      547      180      417      253      540      56       388      313      400      310      415      238      539      352      
3        2880     126      457      0        221      348      206      205      298      81       246      392      418      98       626      78       261      337      476      215      394      
4        1160     309      353      221      0        351      70       415      175      140      277      554      338      124      616      144      340      460      277      190      474      
5        2770     470      197      348      351      0        407      375      208      342      102      342      141      317      280      320      124      217      386      501      163      
6        1870     268      423      206      70       407      0        411      244      127      324      574      406      126      678      142      379      492      337      120      517      
7        4510     228      547      205      415      375      411      0        433      283      294      226      495      292      609      273      251      236      636      410      328      
8        710      418      180      298      175      208      244      433      0        244      178      498      163      215      448      230      254      381      208      359      361      
9        2200     177      417      81       140      342      127      283      244      0        245      452      385      29       623      22       282      380      405      166      421      
10       2320     369      253      246      277      102      324      294      178      245      0        320      201      222      381      222      75       203      384      407      198      
11       5440     450      540      392      554      342      574      226      498      452      320      0        484      448      479      434      245      125      704      607      205      
12       2310     544      56       418      338      141      406      495      163      385      201      484      0        356      293      366      255      359      272      518      298      
13       1940     205      388      98       124      317      126      292      215      29       222      448      356      0        598      20       264      369      380      186      404      
14       5190     745      313      626      616      280      678      609      448      623      381      479      293      598      0        601      374      384      550      779      286      
15       2120     188      400      78       144      320      142      273      230      22       222      434      366      20       601      0        259      359      399      189      399      
16       3060     374      310      261      340      124      379      251      254      282      75       245      255      264      374      259      0        128      458      449      139      
17       4340     426      415      337      460      217      492      236      381      380      203      125      359      369      384      359      128      0        584      545      97       
18       1880     581      238      476      277      386      337      636      208      405      384      704      272      380      550      399      458      584      0        453      549      
19       3060     212      539      215      190      501      120      410      359      166      407      607      518      186      779      189      449      545      453      0        588      
20       4240     497      352      394      474      163      517      328      361      421      198      205      298      404      286      399      139      97       549      588      0        
;

