
sets
i        orders          /0*80/
k        routes          /1*80/
p        positions       /0*80/
;

alias(i,j)
alias(i,h)
alias(i,hh)
alias(i,jj)
alias(k,kk)
                
                    Parameters

rho(i)	Processing time
/
0	0
1	9
2	71
3	35
4	7
5	6
6	2
7	86
8	61
9	15
10	54
11	2
12	28
13	18
14	78
15	75
16	41
17	18
18	73
19	61
20	49
21	4
22	89
23	66
24	83
25	13
26	9
27	69
28	48
29	49
30	23
31	67
32	42
33	14
34	51
35	48
36	18
37	58
38	45
39	17
40	54
41	71
42	83
43	3
44	9
45	25
46	32
47	67
48	59
49	21
50	42
51	99
52	97
53	1
54	47
55	57
56	91
57	73
58	12
59	51
60	77
61	28
62	9
63	98
64	25
65	41
66	1
67	20
68	48
69	45
70	89
71	72
72	32
73	27
74	94
75	34
76	80
77	56
78	69
79	2
80	46
/

gamma(i)	Duedate
/
0	0
1	95
2	69
3	18
4	68
5	28
6	90
7	58
8	67
9	1
10	65
11	70
12	99
13	93
14	68
15	79
16	32
17	50
18	32
19	72
20	20
21	15
22	90
23	22
24	85
25	31
26	45
27	40
28	17
29	69
30	5
31	94
32	91
33	98
34	99
35	10
36	95
37	22
38	5
39	55
40	91
41	82
42	73
43	95
44	10
45	98
46	41
47	9
48	68
49	90
50	78
51	37
52	81
53	22
54	61
55	90
56	66
57	71
58	17
59	92
60	10
61	41
62	93
63	33
64	88
65	69
66	18
67	6
68	97
69	82
70	85
71	28
72	43
73	9
74	6
75	42
76	68
77	57
78	14
79	51
80	56
/

sigma(i)	Size
/
0	0
1	7
2	7
3	2
4	9
5	2
6	2
7	8
8	7
9	6
10	5
11	3
12	3
13	9
14	1
15	9
16	9
17	6
18	5
19	8
20	1
21	5
22	7
23	8
24	2
25	6
26	4
27	9
28	5
29	1
30	7
31	8
32	3
33	6
34	7
35	1
36	7
37	2
38	2
39	5
40	2
41	4
42	8
43	5
44	5
45	1
46	6
47	3
48	4
49	8
50	9
51	7
52	7
53	4
54	1
55	4
56	8
57	9
58	7
59	2
60	7
61	4
62	6
63	3
64	7
65	7
66	6
67	3
68	2
69	9
70	5
71	3
72	4
73	4
74	1
75	4
76	9
77	2
78	7
79	4
80	9
/

epsilon(i)	Priority
/
0	0
1	8
2	4
3	3
4	2
5	8
6	3
7	1
8	9
9	9
10	9
11	3
12	7
13	5
14	3
15	7
16	3
17	4
18	4
19	5
20	5
21	3
22	1
23	5
24	1
25	7
26	3
27	3
28	3
29	2
30	1
31	3
32	6
33	7
34	4
35	3
36	8
37	1
38	8
39	7
40	3
41	2
42	7
43	7
44	6
45	1
46	3
47	9
48	2
49	7
50	8
51	9
52	3
53	1
54	9
55	7
56	7
57	9
58	5
59	7
60	7
61	4
62	8
63	2
64	1
65	6
66	6
67	9
68	4
69	4
70	8
71	2
72	3
73	8
74	9
75	8
76	8
77	1
78	9
79	2
80	2
/

psi	Vehicle Capacity
/ 17 /
;

Table kappa(i,j)                 Setup
         0        1        2        3        4        5        6        7        8        9        10       11       12       13       14       15       16       17       18       19       20       21       22       23       24       25       26       27       28       29       30       31       32       33       34       35       36       37       38       39       40       41       42       43       44       45       46       47       48       49       50       51       52       53       54       55       56       57       58       59       60       61       62       63       64       65       66       67       68       69       70       71       72       73       74       75       76       77       78       79       80       
0        0        378      385      157      234      607      279      327      525      222      535      137      451      243      688      640      463      214      639      532      454      565      554      141      405      435      136      257      213      217      541      169      367      550      395      609      138      764      582      290      486      295      276      600      647      369      538      205      401      281      173      462      206      299      517      186      212      557      337      456      200      494      226      551      549      163      175      429      358      556      378      574      234      247      450      327      213      568      161      88       350      
1        378      0        122      275      531      747      222      252      210      460      473      514      770      182      644      579      429      532      648      812      90       236      179      495      423      636      512      150      180      393      546      475      187      843      686      798      513      730      752      644      110      264      586      739      582      451      843      580      715      181      549      700      172      81       677      547      549      498      445      196      493      741      214      229      752      271      204      643      636      253      709      258      555      294      718      51       585      401      243      309      580      
2        385      122      0        245      483      645      144      151      140      404      352      509      716      144      522      457      312      493      530      742      108      180      202      519      314      552      521      128      173      331      429      437      72       777      625      704      506      608      655      613      152      175      539      636      460      354      781      570      662      115      557      622      203      123      581      527      517      377      355      86       449      664      169      166      663      326      219      561      574      174      664      189      595      221      648      117      571      281      226      301      507      
3        157      275      245      0        255      537      122      170      381      191      391      266      495      101      554      501      321      257      518      544      332      423      434      298      272      391      285      128      96       135      414      200      215      573      414      564      262      634      526      372      371      139      311      529      507      256      570      325      440      132      320      443      134      195      453      283      276      414      233      306      217      482      76       407      510      202      100      393      365      408      433      427      389      99       452      224      326      412      37       69       321      
4        234      531      483      255      0        399      340      357      606      85       459      182      239      351      570      540      391      36       497      301      582      649      682      297      323      217      237      381      352      157      420      66       433      323      164      383      172      630      364      148      622      322      55       394      549      257      317      183      184      369      249      229      381      451      310      125      70       473      223      524      39       260      321      632      321      390      344      207      124      623      180      646      393      266      215      480      167      549      290      241      131      
5        607      747      645      537      399      0        527      496      703      384      363      582      390      582      330      351      354      434      236      297      752      738      831      696      330      182      637      614      612      406      262      450      573      338      325      101      572      338      57       489      795      483      395      8        359      296      370      573      375      568      648      211      665      688      90       520      463      353      308      628      420      219      555      721      126      731      636      196      312      694      421      718      792      465      267      710      554      507      573      570      268      
6        279      222      144      122      340      527      0        55       268      259      301      387      571      66       473      413      239      351      455      599      249      311      346      420      212      415      408      91       111      186      349      298      95       633      481      575      382      557      530      474      291      45       395      519      419      230      637      442      517      41       443      482      169      161      455      394      377      326      223      188      306      524      58       294      530      283      158      423      429      290      520      311      509      77       505      183      440      295      123      190      365      
7        327      252      151      170      357      496      55       0        251      272      247      425      579      121      420      359      187      373      406      595      260      294      350      469      170      401      451      142      166      199      301      323      83       632      485      552      420      504      504      498      303      36       411      487      364      203      639      477      526      86       485      473      224      204      430      426      402      272      203      168      327      515      113      276      511      339      214      411      433      266      533      289      559      93       502      221      473      242      176      239      361      
8        525      210      140      381      606      703      268      251      0        523      363      647      831      282      513      448      349      619      545      843      128      43       143      659      378      641      660      268      313      449      458      566      173      881      736      776      643      595      723      743      147      284      661      695      448      434      889      706      778      248      697      717      340      251      653      661      646      383      445      83       574      759      304      26       743      460      358      654      684      43       784      50       734      339      751      235      706      244      364      440      611      
9        222      460      404      191      85       384      259      272      523      0        382      222      312      278      507      470      313      109      442      353      505      566      605      322      244      215      272      310      286      73       355      81       350      382      225      391      213      572      360      232      546      238      138      377      479      183      382      245      258      291      293      255      324      383      295      186      143      398      149      440      65       293      247      548      332      358      288      212      175      539      261      562      422      184      260      412      234      465      228      197      134      
10       535      473      352      391      459      363      301      247      363      382      0        595      614      368      173      111      72       490      182      579      444      391      503      670      138      369      636      388      413      335      102      460      287      622      517      452      587      259      397      605      483      262      497      355      117      202      643      627      571      332      664      450      471      444      339      569      525      25       235      303      447      486      356      376      437      582      458      388      471      344      598      367      768      292      501      455      617      144      411      456      386      
11       137      514      509      266      182      582      387      425      647      222      595      0        344      365      729      690      523      147      665      443      586      689      687      120      457      399      55       385      342      259      577      142      481      452      310      561      9        795      545      167      620      390      197      576      698      403      433      67       301      399      70       402      343      434      492      71       123      613      369      573      166      426      343      674      499      292      310      388      289      675      267      694      211      335      374      463      79       655      284      209      313      
12       451      770      716      495      239      390      571      579      831      312      614      344      0        589      673      664      560      244      582      122      817      874      917      458      496      253      393      620      591      385      543      300      660      114      98       318      337      707      335      180      859      547      184      390      673      425      89       294      54       604      382      185      619      690      328      275      239      620      402      747      277      171      558      856      267      614      582      233      149      843      76       867      530      495      126      719      275      732      529      477      231      
13       243      182      144      101      351      582      66       121      282      278      368      365      589      0        540      480      306      356      521      629      231      324      333      381      276      457      378      33       46       211      415      299      128      660      503      624      361      624      580      474      271      109      407      574      485      287      661      425      535      42       414      519      103      108      506      384      377      393      274      213      315      559      31       309      575      220      96       463      453      313      531      331      463      117      535      135      427      353      82       157      398      
14       688      644      522      554      570      330      473      420      513      507      173      729      673      540      0        66       235      605      95       608      608      534      656      817      284      419      775      562      584      476      151      588      459      651      583      431      720      86       382      706      645      433      597      325      65       326      679      750      639      506      800      490      643      617      352      691      640      148      360      465      568      517      526      521      441      750      628      439      547      486      675      506      917      456      548      628      737      270      577      616      467      
15       640      579      457      501      540      351      413      359      448      470      111      690      664      480      66       0        179      573      121      610      542      470      591      772      235      411      734      500      524      433      122      551      395      654      571      450      681      151      397      681      579      374      571      345      9        287      679      716      626      444      760      486      583      554      355      656      609      87       321      399      534      517      468      456      450      693      569      431      530      422      659      442      871      401      543      563      704      206      521      564      447      
16       463      429      312      321      391      354      239      187      349      313      72       523      560      306      235      179      0        421      220      537      412      384      482      597      68       325      563      329      349      263      117      389      242      579      462      432      515      318      379      539      453      197      432      346      186      138      596      556      514      274      592      406      408      390      313      498      456      94       168      278      378      445      291      367      408      514      392      342      414      340      538      364      696      222      453      404      546      173      342      385      329      
17       214      532      493      257      36       434      351      373      619      109      490      147      244      356      605      573      421      0        533      318      588      663      689      265      352      252      203      385      352      175      454      57       446      337      180      415      138      665      398      124      627      338      62       429      582      288      326      147      191      377      214      258      376      451      345      89       35       504      254      538      46       286      327      646      352      374      339      240      148      639      177      661      359      281      238      481      132      574      289      233      166      
18       639      648      530      518      497      236      455      406      545      442      182      665      582      521      95       121      220      533      0        514      625      572      685      760      247      330      714      547      562      422      106      522      461      557      495      337      656      132      287      627      665      411      519      231      128      270      585      680      551      492      736      398      621      610      258      621      568      161      302      485      500      423      503      557      346      719      601      350      462      525      589      547      861      423      457      625      665      313      546      574      386      
19       532      812      742      544      301      297      599      595      843      353      579      443      122      629      608      610      537      318      514      0        848      884      944      562      481      211      496      662      639      418      495      367      679      43       137      210      435      630      240      290      891      567      256      298      619      414      73       402      145      636      490      130      676      735      256      372      326      580      399      760      339      93       598      867      172      691      640      194      179      849      188      874      640      522      94       764      382      711      581      541      234      
20       454      90       108      332      582      752      249      260      128      505      444      586      817      231      608      542      412      588      625      848      0        148      101      578      421      660      590      204      244      434      528      531      179      882      729      812      584      694      763      705      43       282      637      743      544      462      885      650      763      214      626      730      251      156      689      613      609      468      463      143      545      771      260      143      771      359      279      669      677      172      762      173      642      326      754      131      654      349      305      378      614      
21       565      236      180      423      649      738      311      294      43       566      391      689      874      324      534      470      384      663      572      884      148      0        131      699      416      681      701      308      353      492      489      609      216      922      779      813      685      615      760      786      155      327      704      730      469      474      931      748      821      291      738      758      377      285      690      704      689      411      486      126      617      799      346      17       782      495      397      694      727      47       827      31       771      382      792      266      748      264      406      481      652      
22       554      179      202      434      682      831      346      350      143      605      503      687      917      333      656      591      482      689      685      944      101      131      0        674      501      751      689      306      346      533      595      633      267      979      827      897      685      738      847      807      68       376      738      823      591      549      983      752      863      313      726      823      349      254      774      715      710      524      553      204      647      865      362      139      860      449      379      762      776      175      863      162      733      423      850      227      755      387      407      479      709      
23       141      495      519      298      297      696      420      469      659      322      670      120      458      381      817      772      597      265      760      562      578      699      674      0        536      515      66       391      346      340      667      247      507      569      430      680      128      888      662      278      606      436      317      690      780      492      548      164      418      421      81       521      326      422      606      190      243      691      458      594      275      546      367      685      617      236      302      505      409      693      381      709      100      387      495      448      183      709      301      229      428      
24       405      423      314      272      323      330      212      170      378      244      138      457      496      276      284      235      68       352      247      481      421      416      501      536      0        271      499      304      316      198      142      322      242      522      398      397      449      362      346      470      464      167      364      322      243      71       537      489      449      252      526      351      375      373      274      430      387      156      100      300      309      391      256      399      365      472      354      286      349      376      471      400      635      175      394      391      478      235      298      332      265      
25       435      636      552      391      217      182      415      401      641      215      369      399      253      457      419      411      325      252      330      211      660      681      751      515      271      0        455      490      478      255      290      271      484      253      165      176      390      458      148      312      703      377      213      177      420      207      273      391      221      455      465      81       525      566      95       338      280      372      197      559      241      120      427      663      119      572      491      20       137      644      260      668      611      342      132      592      373      499      428      410      86       
26       136      512      521      285      237      637      408      451      660      272      636      55       393      378      775      734      563      203      714      496      590      701      689      66       499      455      0        393      349      301      624      193      500      503      364      617      65       844      601      213      621      417      253      631      742      449      482      101      352      415      36       458      340      434      547      125      179      655      415      590      219      482      359      686      555      271      310      444      344      691      316      709      155      364      429      462      119      687      296      221      368      
27       257      150      128      128      381      614      91       142      268      310      388      385      620      33       562      500      329      385      547      662      204      308      306      391      304      490      393      0        45       243      441      328      128      692      535      657      382      646      613      500      242      136      437      605      505      318      692      447      565      55       430      552      88       75       538      408      404      414      306      204      344      592      64       294      608      212      93       496      485      301      561      317      469      150      568      102      450      362      101      175      431      
28       213      180      173      96       352      612      111      166      313      286      413      342      591      46       584      524      349      352      562      639      244      353      346      346      316      478      349      45       0        225      456      295      169      669      510      648      340      668      607      464      280      151      407      604      530      320      666      406      537      87       386      535      58       99       533      369      369      437      303      249      313      575      60       339      597      174      51       482      461      346      529      362      424      148      546      129      409      399      63       133      413      
29       217      393      331      135      157      406      186      199      449      73       335      259      385      211      476      433      263      175      422      418      434      492      533      340      198      255      301      243      225      0        326      131      276      450      295      429      252      549      392      300      476      165      211      399      441      152      451      296      330      220      328      309      269      318      321      240      207      354      120      367      129      350      179      475      375      325      236      258      243      466      334      489      440      110      324      346      288      403      173      164      188      
30       541      546      429      414      420      262      349      301      458      355      102      577      543      415      151      122      117      454      106      495      528      489      595      667      142      290      624      441      456      326      0        436      359      538      448      352      569      222      298      559      569      305      450      254      131      175      561      599      504      386      648      368      515      505      245      540      490      91       208      392      417      401      396      473      343      614      495      310      408      443      536      466      767      318      423      520      586      246      441      472      325      
31       169      475      437      200      66       450      298      323      566      81       460      142      300      299      588      551      389      57       522      367      531      609      633      247      322      271      193      328      295      131      436      0        393      389      230      443      133      653      420      176      570      287      115      444      559      264      380      166      246      322      213      293      319      394      360      108      79       477      229      486      31       325      270      592      382      324      282      264      190      587      234      609      346      230      282      424      157      534      232      177      185      
32       367      187      72       215      433      573      95       83       173      350      287      481      660      128      459      395      242      446      461      679      179      216      267      507      242      484      500      128      169      276      359      393      0        715      566      633      476      545      584      569      222      112      487      564      398      283      721      537      606      86       535      556      217      162      510      490      473      312      286      92       400      598      141      199      593      341      220      494      514      194      611      216      591      166      585      168      536      236      206      279      444      
33       550      843      777      573      323      338      633      632      881      382      622      452      114      660      651      654      579      337      557      43       882      922      979      569      522      253      503      692      669      450      538      389      715      0        159      248      445      672      280      293      925      603      275      339      662      454      36       407      151      669      495      172      703      766      299      382      340      623      437      797      362      137      629      905      213      711      666      236      207      888      189      912      643      556      130      794      387      753      609      565      270      
34       395      686      625      414      164      325      481      485      736      225      517      310      98       503      583      571      462      180      495      137      729      779      827      430      398      165      364      535      510      295      448      230      566      159      0        271      302      623      274      174      771      454      119      322      580      327      157      277      56       515      363      114      543      607      250      239      190      523      303      653      203      122      472      761      211      554      506      145      52       747      96       771      514      404      67       636      257      634      450      405      133      
35       609      798      704      564      383      101      575      552      776      391      452      561      318      624      431      450      432      415      337      210      812      813      897      680      397      176      617      657      648      429      352      443      633      248      271      0        552      437      54       445      855      534      365      105      457      349      282      541      314      616      623      161      697      732      123      494      438      444      352      697      412      150      594      795      62       748      665      179      274      771      362      795      772      506      206      757      522      595      602      586      259      
36       138      513      506      262      172      572      382      420      643      213      587      9        337      361      720      681      515      138      656      435      584      685      685      128      449      390      65       382      340      252      569      133      476      445      302      552      0        786      536      162      619      384      188      566      690      395      427      67       293      395      79       393      342      432      483      63       114      605      360      568      157      417      339      670      489      295      308      379      280      670      261      690      220      328      366      461      76       648      281      206      304      
37       764      730      608      634      630      338      557      504      595      572      259      795      707      624      86       151      318      665      132      630      694      615      738      888      362      458      844      646      668      549      222      653      545      672      623      437      786      0        394      759      729      516      651      335      149      396      703      812      679      591      866      522      727      703      379      753      700      234      429      550      632      543      610      602      459      832      711      478      592      567      718      586      989      536      581      714      797      351      659      694      517      
38       582      752      655      526      364      57       530      504      723      360      397      545      335      580      382      397      379      398      287      240      763      760      847      662      346      148      601      613      607      392      298      420      584      280      274      54       536      394      0        443      806      487      354      59       405      301      313      532      322      571      610      159      658      688      74       482      424      390      307      646      389      163      552      743      69       715      626      157      267      718      369      742      757      463      214      712      513      540      563      553      235      
39       290      644      613      372      148      489      474      498      743      232      605      167      180      474      706      681      539      124      627      290      705      786      807      278      470      312      213      500      464      300      559      176      569      293      174      445      162      759      443      0        743      462      109      485      690      402      270      114      145      498      202      284      480      562      407      104      96       617      370      662      171      296      445      769      384      452      443      295      177      763      104      785      350      405      241      592      94       697      401      336      241      
40       486      110      152      371      622      795      291      303      147      546      483      620      859      271      645      579      453      627      665      891      43       155      68       606      464      703      621      242      280      476      569      570      222      925      771      855      619      729      806      743      0        326      678      786      580      506      927      685      804      256      658      773      281      186      733      650      647      506      507      180      586      815      301      155      815      381      311      713      719      188      802      184      665      368      797      158      689      381      342      413      657      
41       295      264      175      139      322      483      45       36       284      238      262      390      547      109      433      374      197      338      411      567      282      327      376      436      167      377      417      136      151      165      305      287      112      603      454      534      384      516      487      462      326      0        376      475      380      187      608      441      493      85       451      447      210      206      413      389      366      287      182      201      292      489      93       310      490      319      195      386      402      301      500      324      528      57       473      227      437      273      150      208      333      
42       276      586      539      311      55       395      395      411      661      138      497      197      184      407      597      571      432      62       519      256      637      704      738      317      364      213      253      437      407      211      450      115      487      275      119      365      188      651      354      109      678      376      0        390      580      295      265      178      131      425      257      205      434      506      308      129      74       509      264      578      93       229      377      686      303      436      397      199      91       677      124      700      406      321      179      536      159      594      345      293      135      
43       600      739      636      529      394      8        519      487      695      377      355      576      390      574      325      345      346      429      231      298      743      730      823      690      322      177      631      605      604      399      254      444      564      339      322      105      566      335      59       485      786      475      390      0        353      288      371      568      373      560      643      208      657      679      84       515      458      345      300      620      414      218      546      713      126      724      628      191      308      686      418      710      787      457      266      702      550      500      565      562      262      
44       647      582      460      507      549      359      419      364      448      479      117      698      673      485      65       9        186      582      128      619      544      469      591      780      243      420      742      505      530      441      131      559      398      662      580      457      690      149      405      690      580      380      580      353      0        295      687      724      636      449      768      495      588      558      364      665      617      93       330      400      543      526      473      456      459      699      575      440      539      421      668      441      879      408      552      567      712      205      528      571      456      
45       369      451      354      256      257      296      230      203      434      183      202      403      425      287      326      287      138      288      270      414      462      474      549      492      71       207      449      318      320      152      175      264      283      454      327      349      395      396      301      402      506      187      295      288      295      0        468      429      378      271      474      285      376      391      227      370      324      216      34       353      247      326      261      456      310      458      349      221      278      436      400      461      592      172      325      414      417      306      288      306      194      
46       538      843      781      570      317      370      637      639      889      382      643      433      89       661      679      679      596      326      585      73       885      931      983      548      537      273      482      692      666      451      561      380      721      36       157      282      427      703      313      270      927      608      265      371      687      468      0        384      136      671      472      193      698      764      327      364      326      645      449      805      356      162      629      913      245      700      661      254      207      898      166      922      619      560      143      793      364      770      606      558      279      
47       205      580      570      325      183      573      442      477      706      245      627      67       294      425      750      716      556      147      680      402      650      748      752      164      489      391      101      447      406      296      599      166      537      407      277      541      67       812      532      114      685      441      178      568      724      429      384      0        257      457      88       380      409      499      486      59       113      644      395      630      182      399      401      732      479      359      375      377      267      732      218      752      238      384      344      528      20       698      346      272      309      
48       401      715      662      440      184      375      517      526      778      258      571      301      54       535      639      626      514      191      551      145      763      821      863      418      449      221      352      565      537      330      504      246      606      151      56       314      293      679      322      145      804      493      131      373      636      378      136      257      0        549      345      164      565      635      304      230      190      578      353      694      223      163      504      803      257      564      528      200      100      791      48       814      495      441      109      665      237      685      475      424      185      
49       281      181      115      132      369      568      41       86       248      291      332      399      604      42       506      444      274      377      492      636      214      291      313      421      252      455      415      55       87       220      386      322      86       669      515      616      395      591      571      498      256      85       425      560      449      271      671      457      549      0        451      520      141      121      496      413      401      358      264      175      334      562      56       275      570      262      138      462      463      276      549      295      504      114      542      142      457      311      120      194      402      
