
sets
i        orders          /0*80/
k        routes          /1*80/
p        positions       /0*80/
;

alias(i,j)
alias(i,h)
alias(i,hh)
alias(i,jj)
alias(k,kk)
                
                    Parameters

rho(i)	Processing time
/
0	0
1	40
2	75
3	20
4	54
5	89
6	2
7	27
8	92
9	12
10	6
11	92
12	94
13	17
14	4
15	81
16	99
17	31
18	17
19	94
20	74
21	24
22	58
23	33
24	86
25	4
26	87
27	27
28	44
29	30
30	42
31	18
32	71
33	94
34	29
35	72
36	22
37	82
38	25
39	13
40	7
41	95
42	41
43	89
44	61
45	85
46	31
47	27
48	94
49	98
50	95
51	49
52	48
53	12
54	68
55	74
56	67
57	17
58	46
59	60
60	47
61	62
62	42
63	13
64	68
65	8
66	84
67	19
68	64
69	97
70	73
71	41
72	54
73	38
74	74
75	72
76	34
77	6
78	63
79	16
80	22
/

gamma(i)	Duedate
/
0	0
1	94
2	6
3	20
4	28
5	20
6	51
7	44
8	25
9	7
10	41
11	64
12	42
13	55
14	66
15	59
16	4
17	63
18	67
19	6
20	99
21	21
22	31
23	86
24	48
25	67
26	40
27	25
28	11
29	37
30	26
31	11
32	73
33	98
34	60
35	97
36	20
37	95
38	62
39	58
40	63
41	26
42	33
43	70
44	67
45	72
46	82
47	63
48	40
49	38
50	73
51	18
52	78
53	75
54	37
55	69
56	46
57	33
58	82
59	1
60	41
61	52
62	74
63	24
64	44
65	48
66	54
67	2
68	37
69	7
70	39
71	60
72	69
73	70
74	38
75	56
76	86
77	74
78	57
79	72
80	79
/

sigma(i)	Size
/
0	0
1	4
2	5
3	7
4	6
5	4
6	9
7	9
8	3
9	7
10	9
11	8
12	3
13	5
14	6
15	2
16	6
17	2
18	7
19	6
20	4
21	3
22	7
23	6
24	1
25	9
26	1
27	1
28	9
29	4
30	2
31	1
32	1
33	9
34	5
35	3
36	2
37	6
38	5
39	2
40	7
41	9
42	5
43	2
44	3
45	8
46	5
47	4
48	1
49	9
50	2
51	1
52	4
53	1
54	8
55	1
56	5
57	7
58	2
59	5
60	2
61	2
62	8
63	2
64	9
65	3
66	3
67	7
68	3
69	3
70	9
71	7
72	9
73	1
74	7
75	9
76	7
77	3
78	4
79	1
80	1
/

epsilon(i)	Priority
/
0	0
1	8
2	4
3	7
4	6
5	1
6	1
7	9
8	9
9	4
10	8
11	9
12	2
13	4
14	6
15	7
16	7
17	8
18	8
19	8
20	2
21	3
22	1
23	7
24	4
25	6
26	5
27	2
28	6
29	9
30	9
31	6
32	1
33	3
34	2
35	1
36	7
37	7
38	6
39	5
40	4
41	2
42	5
43	1
44	1
45	6
46	3
47	5
48	2
49	4
50	4
51	3
52	8
53	4
54	4
55	4
56	8
57	8
58	5
59	1
60	8
61	8
62	3
63	7
64	7
65	5
66	2
67	8
68	3
69	6
70	1
71	9
72	4
73	2
74	2
75	1
76	1
77	3
78	5
79	2
80	4
/

psi	Vehicle Capacity
/ 11 /
;

Table kappa(i,j)                 Setup
         0        1        2        3        4        5        6        7        8        9        10       11       12       13       14       15       16       17       18       19       20       21       22       23       24       25       26       27       28       29       30       31       32       33       34       35       36       37       38       39       40       41       42       43       44       45       46       47       48       49       50       51       52       53       54       55       56       57       58       59       60       61       62       63       64       65       66       67       68       69       70       71       72       73       74       75       76       77       78       79       80       
0        0        377      401      781      643      59       583      548      629      549      382      116      168      504      188      316      227      433      57       506      608      476      554      251      126      176      300      357      210      600      550      847      418      607      498      611      780      676      382      619      649      190      486      362      666      542      420      608      573      650      711      252      383      455      123      53       330      541      164      539      494      120      565      470      449      485      586      442      181      410      150      264      475      20       581      586      861      660      342      413      727      
1        377      0        564      698      702      355      597      634      317      518      380      475      233      143      198      184      568      243      417      642      273      177      750      466      364      296      538      584      433      338      337      757      92       266      235      464      712      407      7        659      476      535      518      19       369      608      642      495      758      704      604      132      12       621      355      425      633      767      514      373      201      410      428      232      270      639      328      735      395      681      253      323      240      384      272      638      793      668      448      226      615      
2        401      564      0        475      259      455      245      162      619      271      221      337      375      612      486      385      291      410      444      105      637      524      185      149      525      551      122      92       191      542      463      536      532      646      496      423      462      596      564      250      472      300      178      545      625      173      103      386      195      267      444      455      561      59       290      427      223      209      314      410      524      520      390      463      401      85       529      253      224      188      494      241      461      381      586      216      530      306      118      407      460      
3        781      698      475      0        272      818      229      334      507      232      400      768      660      639      757      549      755      455      836      416      563      544      525      578      879      866      589      568      601      422      376      65       614      578      482      239      30       408      693      246      247      755      310      686      470      308      558      203      508      264      96       671      687      469      658      825      698      588      761      327      524      896      270      472      428      445      421      710      611      650      797      519      464      767      514      273      95       186      455      473      90       
4        643      702      259      272      0        693      115      97       632      205      324      594      574      698      686      521      550      481      692      167      672      598      255      400      762      773      382      343      436      541      468      319      640      685      548      359      249      565      699      48       399      560      185      685      615      103      314      306      237      9        292      626      695      228      523      676      468      319      573      403      588      764      354      522      460      198      533      455      461      402      709      420      517      625      617      64       296      90       304      490      303      
5        59       355      455      818      693      0        628      599      628      587      417      171      175      489      157      324      282      444      64       560      602      473      613      306      69       119      358      415      264      608      564      884      408      600      502      636      819      684      361      667      672      246      530      342      669      591      479      638      631      699      744      240      363      511      170      77       388      600      219      559      493      78       591      477      463      541      594      500      233      469      108      299      482      79       579      635      900      705      390      424      759      
6        583      597      245      229      115      628      0        115      517      89       228      553      491      585      600      419      530      369      636      194      557      485      317      358      694      696      361      338      387      427      353      290      530      570      433      249      216      454      594      66       293      532      97       580      502      82       330      197      306      113      212      531      589      241      459      622      469      376      541      288      474      703      240      409      347      221      419      483      404      422      629      337      403      567      502      65       288      77       242      380      226      
7        548      634      162      334      97       599      115      0        605      186      254      496      488      647      600      450      453      429      595      82       638      549      202      302      667      683      285      249      339      518      440      389      581      650      505      354      315      554      632      92       401      462      123      616      597      37       227      305      191      105      327      548      628      138      428      579      376      261      475      377      542      668      337      476      412      111      508      376      366      318      620      335      472      529      584      60       376      151      213      435      340      
8        629      317      619      507      632      628      517      605      0        428      398      694      461      187      488      316      755      220      680      652      61       155      783      595      657      601      656      681      581      91       165      549      231      76       136      283      531      111      310      583      261      731      484      318      55       569      720      335      782      629      413      391      305      661      552      682      777      824      719      229      135      697      278      169      221      664      98       854      557      790      545      436      167      628      48       579      598      562      509      232      417      
9        549      518      271      232      205      587      89       186      428      0        171      536      436      498      540      346      531      283      604      252      467      397      383      350      650      643      371      361      370      338      263      298      447      480      344      168      231      369      514      156      215      528      93       502      414      149      369      121      376      203      177      463      509      285      426      593      489      437      532      199      385      665      153      321      260      273      329      523      379      458      575      289      314      535      412      151      313      151      225      296      193      
10       382      380      221      400      324      417      228      254      398      171      0        384      266      400      372      197      403      190      438      272      416      307      395      221      479      472      268      284      226      325      248      466      328      425      275      246      401      385      378      284      292      391      139      362      407      227      321      231      398      327      329      303      374      268      261      428      393      429      389      203      305      495      204      242      180      276      311      459      223      394      404      118      240      369      365      260      483      305      112      190      345      
11       116      475      337      768      594      171      553      496      694      536      384      0        246      591      298      378      110      483      127      441      682      548      467      195      231      291      220      274      166      653      592      833      503      683      559      629      762      726      480      577      672      74       460      459      725      498      332      616      487      601      709      345      480      384      142      107      220      444      47       569      562      206      584      527      494      416      638      330      161      306      266      280      531      100      648      543      840      625      313      466      725      
12       168      233      375      660      574      175      491      488      461      436      266      246      0        345      112      149      334      269      221      471      441      308      556      249      224      206      320      372      210      434      388      725      256      441      330      465      664      510      237      540      498      302      396      216      498      471      434      471      569      579      580      101      236      434      122      221      402      562      282      385      326      252      420      303      288      459      420      508      170      459      138      154      308      167      413      512      747      569      276      249      595      
13       504      143      612      639      698      489      585      647      187      498      400      591      345      0        336      235      673      218      549      673      134      100      793      543      505      439      613      651      517      234      263      691      89       126      159      400      658      291      135      651      398      643      524      150      242      615      702      442      798      698      543      252      131      664      458      554      721      821      625      317      116      550      375      177      238      676      229      815      484      755      393      384      183      508      149      637      734      647      493      211      551      
14       188      198      486      757      686      157      600      600      488      540      372      298      112      336      0        215      402      333      220      583      455      333      664      353      169      117      421      475      312      482      452      822      259      451      373      548      764      557      204      651      576      366      506      186      534      584      539      562      678      690      673      100      206      545      212      230      488      666      342      462      355      214      504      353      356      571      469      598      272      554      57       266      360      199      439      623      847      677      389      312      687      
15       316      184      385      549      521      324      419      450      316      346      197      378      149      235      215      0        446      121      370      459      304      171      570      307      367      331      377      417      283      284      241      612      149      307      183      333      558      360      182      478      360      419      336      166      351      424      470      349      577      523      461      122      178      441      237      369      486      592      405      246      184      400      289      154      142      457      270      579      252      520      264      149      159      313      269      457      641      493      267      100      474      
16       227      568      291      755      550      282      530      453      755      531      403      110      334      673      402      446      0        536      235      386      750      618      384      184      340      402      169      208      179      703      635      819      583      754      619      649      745      772      571      542      695      36       445      550      780      463      256      627      406      558      709      436      571      325      214      215      117      352      63       602      629      311      607      585      542      357      688      223      197      208      374      321      588      209      711      507      818      595      308      523      725      
17       433      243      410      455      481      444      369      429      220      283      190      483      269      218      333      121      536      0        488      460      229      119      585      374      488      450      436      464      361      170      119      514      164      236      87       224      468      244      238      434      244      514      306      230      244      397      507      251      587      481      361      235      233      458      341      486      556      619      504      134      115      521      185      53       26       466      155      636      339      573      384      216      53       428      180      419      549      434      295      21       373      
18       57       417      444      836      692      64       636      595      680      604      438      127      221      549      220      370      235      488      0        549      657      527      588      295      106      176      336      392      256      655      606      902      465      656      551      668      835      730      422      669      706      199      539      403      719      592      454      665      608      698      767      297      424      496      178      20       347      569      172      596      545      79       622      524      505      527      640      457      232      433      172      321      529      69       632      637      916      712      394      469      783      
19       506      642      105      416      167      560      194      82       652      252      272      441      471      673      583      459      386      460      549      0        680      579      132      254      630      654      222      177      296      569      489      471      599      690      542      419      398      612      642      173      467      399      170      624      649      111      147      373      129      176      406      543      638      61       393      532      300      185      415      429      575      625      396      510      446      30       557      293      328      236      595      326      507      487      626      143      457      233      197      462      420      
20       608      273      637      563      672      602      557      638      61       467      416      682      441      134      455      304      750      229      657      680      0        133      808      599      625      565      664      693      581      141      204      606      195      15       141      333      586      173      265      623      316      724      515      276      115      603      736      383      808      670      467      362      261      683      542      660      781      845      710      268      121      668      322      175      236      689      144      865      554      801      513      438      176      609      55       616      655      607      523      235      473      
21       476      177      524      544      598      473      485      549      155      397      307      548      308      100      333      171      618      119      527      579      133      0        702      471      502      448      538      572      451      161      169      597      85       136      62       304      561      231      170      551      308      591      425      173      200      517      619      344      705      598      447      236      164      575      408      529      653      734      577      218      24       542      276      76       138      584      151      741      422      679      390      310      83       476      106      538      639      546      407      117      456      
22       554      750      185      525      255      613      317      202      783      383      395      467      556      793      664      570      384      585      588      132      808      702      0        313      681      719      254      197      356      700      621      574      716      818      669      551      503      744      750      280      599      408      303      731      782      237      134      504      24       264      528      640      746      129      459      569      274      64       430      561      700      667      529      637      573      119      689      219      394      186      666      427      634      534      755      257      550      339      302      585      541      
23       251      466      149      578      400      306      358      302      595      350      221      195      249      543      353      307      184      374      295      254      599      471      313      0        376      406      72       122      43       533      461      642      456      604      461      465      570      599      468      381      512      178      267      447      614      302      185      443      329      407      526      343      466      204      146      278      182      313      183      422      478      370      424      426      375      234      519      272      81       215      353      161      427      232      554      348      646      430      124      364      543      
24       126      364      525      879      762      69       694      667      657      650      479      231      224      505      169      367      340      488      106      630      625      502      681      376      0        79       427      484      334      646      608      944      429      621      537      689      881      722      371      734      722      304      596      355      701      659      547      694      700      767      802      266      374      580      239      125      451      667      278      609      523      49       644      515      509      610      632      561      302      534      112      361      521      146      608      703      963      771      458      467      817      
25       176      296      551      866      773      119      696      683      601      643      472      291      206      439      117      331      402      450      176      654      565      448      719      406      79       0        466      523      363      599      569      931      370      560      489      663      871      674      304      742      692      365      599      289      648      670      587      674      735      778      784      217      307      609      261      193      506      710      338      578      470      129      619      470      473      637      586      618      327      584      68       358      477      195      553      712      954      774      470      429      799      
26       300      538      122      589      382      358      361      285      656      371      268      220      320      613      421      377      169      436      336      222      664      538      254      72       427      466      0        57       109      590      515      651      526      670      524      504      578      653      540      372      552      178      281      519      672      294      121      475      272      390      548      415      538      163      210      318      124      246      193      471      544      415      465      489      435      196      576      202      149      143      416      229      490      280      617      338      649      426      159      428      564      
27       357      584      92       568      343      415      338      249      681      361      284      274      372      651      475      417      208      464      392      177      693      572      197      122      484      523      57       0        163      610      533      628      566      700      552      507      554      669      585      340      556      224      268      565      692      264      64       473      215      351      536      464      583      116      265      373      130      190      242      484      575      471      471      518      460      149      596      174      203      109      472      267      517      337      644      306      622      396      172      458      552      
28       210      433      191      601      436      264      387      339      581      370      226      166      210      517      312      283      179      361      256      296      581      451      356      43       334      363      109      163      0        525      456      666      429      586      446      473      595      593      435      415      518      164      293      414      604      337      227      455      372      442      544      307      433      246      103      240      203      354      163      423      460      330      430      412      365      276      510      302      40       249      310      144      413      191      539      382      673      461      146      349      560      
29       600      338      542      422      541      608      427      518      91       338      325      653      434      234      482      284      703      170      655      569      141      161      700      533      646      599      590      610      525      0        79       467      246      156      109      193      444      75       331      493      175      682      399      334      82       482      645      244      698      539      326      382      326      581      511      654      714      744      673      141      137      682      187      131      160      582      15       785      506      719      537      381      125      597      92       489      514      471      437      187      332      
30       550      337      463      376      468      564      353      440      165      263      248      592      388      263      452      241      635      119      606      489      204      169      621      461      608      569      515      533      456      79       0        428      247      218      106      137      395      138      331      419      139      616      320      328      161      404      566      182      618      466      279      352      325      502      451      602      639      664      609      64       148      640      118      106      100      502      67       707      440      642      504      315      98       544      150      414      471      402      360      140      288      
31       847      757      536      65       319      884      290      389      549      298      466      833      725      691      822      612      819      514      902      471      606      597      574      642      944      931      651      628      666      467      428      0        670      622      535      293      74       444      751      298      293      819      375      745      507      366      616      263      556      310      152      734      745      526      724      891      759      638      825      383      577      962      328      528      488      501      467      765      677      707      862      584      520      833      560      328      55       238      520      533      141      
32       418      92       532      614      640      408      530      581      231      447      328      503      256      89       259      149      583      164      465      599      195      85       716      456      429      370      526      566      429      246      247      670      0        192      143      377      629      316      85       594      386      554      460      88       281      551      619      411      721      641      518      168      80       586      369      470      633      740      536      287      109      472      343      143      189      600      236      728      395      669      317      299      151      422      184      577      709      598      413      151      529      
33       607      266      646      578      685      600      570      650      76       480      425      683      441      126      451      307      754      236      656      690      15       136      818      604      621      560      670      700      586      156      218      622      192      0        149      348      601      187      259      636      331      727      527      270      129      615      744      397      819      683      482      360      254      693      544      659      787      854      712      282      126      665      335      183      245      699      158      871      558      808      509      443      185      609      68       629      670      621      532      242      488      
34       498      235      496      482      548      502      433      505      136      344      275      559      330      159      373      183      619      87       551      542      141      62       669      461      537      489      524      552      446      109      106      535      143      149      0        242      500      184      228      499      245      595      381      228      168      471      595      283      670      547      385      273      222      543      417      551      643      705      583      158      43       575      216      34       95       549      97       724      421      660      428      301      35       496      93       489      576      491      382      96       394      
35       611      464      423      239      359      636      249      354      283      168      246      629      465      400      548      333      649      224      668      419      333      304      551      465      689      663      504      507      473      193      137      293      377      348      242      0        258      206      458      311      49       637      252      453      258      317      525      53       544      355      142      454      452      447      497      661      628      603      635      90       285      715      45       234      198      439      189      676      468      610      595      351      226      601      281      314      334      282      346      244      152      
36       780      712      462      30       249      819      216      315      531      231      401      762      664      658      764      558      745      468      835      398      586      561      503      570      881      871      578      554      595      444      395      74       629      601      500      258      0        434      707      225      270      747      303      699      495      292      542      218      486      240      118      680      702      452      656      823      685      567      754      343      543      896      286      488      442      427      443      692      607      633      802      520      481      766      536      255      83       165      449      486      114      
37       676      407      596      408      565      684      454      554      111      369      385      726      510      291      557      360      772      244      730      612      173      231      744      599      722      674      653      669      593      75       138      444      316      187      184      206      434      0        400      517      170      753      441      404      63       517      699      259      740      561      318      457      394      630      584      729      777      791      744      186      207      758      216      207      232      627      90       843      576      777      613      451      201      672      142      518      495      487      497      262      319      
38       382      7        564      693      699      361      594      632      310      514      378      480      237      135      204      182      571      238      422      642      265      170      750      468      371      304      540      585      435      331      331      751      85       259      228      458      707      400      0        656      470      539      515      21       362      606      643      489      758      701      599      135      5        621      358      430      635      768      518      368      194      417      423      226      265      639      321      737      398      683      260      323      234      389      264      636      788      664      448      221      610      
39       619      659      250      246      48       667      66       92       583      156      284      577      540      651      651      478      542      434      669      173      623      551      280      381      734      742      372      340      415      493      419      298      594      636      499      311      225      517      656      0        352      549      145      642      566      79       319      258      265      47       253      587      651      230      497      655      468      342      560      355      540      740      305      475      413      203      484      467      437      410      676      385      469      602      568      34       284      60       276      444      264      
40       649      476      472      247      399      672      293      401      261      215      292      672      498      398      576      360      695      244      706      467      316      308      599      512      722      692      552      556      518      175      139      293      386      331      245      49       270      170      470      352      0        683      301      466      228      364      575      95       591      395      151      479      464      496      538      700      677      652      680      113      286      750      88       244      219      487      174      726      512      660      624      392      235      640      267      358      339      319      394      265      157      
41       190      535      300      755      560      246      532      462      731      528      391      74       302      643      366      419      36       514      199      399      724      591      408      178      304      365      178      224      164      682      616      819      554      727      595      637      747      753      539      549      683      0        444      518      759      470      276      618      430      568      704      403      538      339      184      179      149      379      26       586      603      277      594      562      522      372      667      257      176      238      338      301      565      173      687      514      821      601      302      500      721      
42       486      518      178      310      185      530      97       123      484      93       139      460      396      524      506      336      445      306      539      170      515      425      303      267      596      599      281      268      293      399      320      375      460      527      381      252      303      441      515      145      301      444      0        500      479      91       276      210      299      187      268      442      511      195      362      526      397      352      450      258      418      605      226      352      288      187      388      430      308      365      533      241      348      470      461      121      380      175      146      312      284      
43       362      19       545      686      685      342      580      616      318      502      362      459      216      150      186      166      550      230      403      624      276      173      731      447      355      289      519      565      414      334      328      745      88       270      228      453      699      404      21       642      466      518      500      0        369      590      623      482      739      687      592      114      21       602      337      411      614      748      497      362      197      400      416      222      257      620      323      716      377      662      243      303      230      369      271      621      780      652      429      212      604      
44       666      369      625      470      615      669      502      597      55       414      407      725      498      242      534      351      780      244      719      649      115      200      782      614      701      648      672      692      604      82       161      507      281      129      168      258      495      63       362      566      228      759      479      369      0        560      727      311      779      611      378      435      357      663      583      720      794      826      748      220      178      740      261      198      238      663      96       867      583      801      590      459      194      664      97       565      558      541      520      259      381      
45       542      608      173      308      103      591      82       37       569      149      227      498      471      615      584      424      463      397      592      111      603      517      237      302      659      670      294      264      337      482      404      366      551      615      471      317      292      517      606      79       364      470      91       590      560      0        250      268      228      108      294      526      601      160      421      577      394      295      481      341      509      663      300      443      379      139      471      402      360      342      606      317      438      525      548      45       357      132      201      404      308      
46       420      642      103      558      314      479      330      227      720      369      321      332      434      702      539      470      256      507      454      147      736      619      134      185      547      587      121      64       227      645      566      616      619      744      595      525      542      699      643      319      575      276      276      623      727      250      0        486      154      323      538      524      640      89       329      434      156      127      297      513      621      533      494      561      501      116      631      154      267      91       537      321      559      400      686      287      604      379      212      503      553      
47       608      495      386      203      306      638      197      305      335      121      231      616      471      442      562      349      627      251      665      373      383      344      504      443      694      674      475      473      455      244      182      263      411      397      283      53       218      259      489      258      95       618      210      482      311      268      486      0        496      302      112      472      484      405      490      656      598      558      618      125      326      717      67       270      225      395      239      639      454      574      605      344      262      597      330      263      298      229      319      269      125      
48       573      758      195      508      237      631      306      191      782      376      398      487      569      798      678      577      406      587      608      129      808      705      24       329      700      735      272      215      372      698      618      556      721      819      670      544      486      740      758      265      591      430      299      739      779      228      154      496      0        246      515      650      754      136      475      589      297      86       451      558      702      687      524      638      574      121      686      243      410      209      682      436      635      553      755      244      531      323      310      588      528      
49       650      704      267      264      9        699      113      105      629      203      327      601      579      698      690      523      558      481      698      176      670      598      264      407      767      778      390      351      442      539      466      310      641      683      547      355      240      561      701      47       395      568      187      687      611      108      323      302      246      0        285      629      696      237      529      683      476      328      581      401      587      770      351      522      460      207      531      464      468      411      714      424      516      632      615      67       287      83       310      491      296      
