
sets
i        orders          /0*40/
k        routes          /1*40/
p        positions       /0*40/
;

alias(i,j)
alias(i,h)
alias(i,hh)
alias(i,jj)
alias(k,kk)
                
                    Parameters

rho(i)	Processing time
/
0	0
1	77
2	38
3	30
4	93
5	45
6	73
7	89
8	5
9	76
10	45
11	26
12	15
13	74
14	41
15	77
16	61
17	72
18	44
19	4
20	42
21	32
22	96
23	43
24	25
25	48
26	18
27	15
28	36
29	85
30	2
31	38
32	30
33	3
34	97
35	63
36	40
37	16
38	36
39	81
40	41
/

gamma(i)	Duedate
/
0	0
1	31
2	91
3	98
4	31
5	87
6	76
7	28
8	11
9	96
10	82
11	72
12	49
13	10
14	43
15	8
16	39
17	76
18	82
19	59
20	95
21	74
22	30
23	64
24	45
25	63
26	56
27	79
28	28
29	70
30	29
31	10
32	56
33	79
34	1
35	27
36	73
37	91
38	52
39	91
40	64
/

sigma(i)	Size
/
0	0
1	6
2	7
3	2
4	1
5	4
6	4
7	3
8	7
9	5
10	2
11	8
12	3
13	8
14	9
15	4
16	7
17	5
18	5
19	2
20	4
21	6
22	8
23	3
24	3
25	6
26	3
27	1
28	6
29	4
30	7
31	1
32	8
33	5
34	1
35	3
36	9
37	7
38	6
39	2
40	3
/

epsilon(i)	Priority
/
0	0
1	1
2	6
3	4
4	4
5	2
6	7
7	2
8	5
9	3
10	9
11	9
12	4
13	3
14	1
15	8
16	2
17	4
18	5
19	5
20	4
21	5
22	8
23	2
24	3
25	7
26	8
27	1
28	2
29	5
30	4
31	8
32	3
33	2
34	8
35	9
36	3
37	5
38	2
39	4
40	5
/

psi	Vehicle Capacity
/ 42 /
;

Table kappa(i,j)                 Setup
         0        1        2        3        4        5        6        7        8        9        10       11       12       13       14       15       16       17       18       19       20       21       22       23       24       25       26       27       28       29       30       31       32       33       34       35       36       37       38       39       40       
0        0        1175     49       623      235      740      1130     877      799      957      976      734      958      1353     456      222      216      929      519      555      234      1051     1083     1131     896      514      892      216      334      716      727      987      349      523      797      1047     702      196      1359     1302     1072     
1        1175     0        1126     560      954      437      525      1184     378      326      740      1051     938      366      999      1342     999      431      691      637      1398     598      166      83       726      977      531      1165     1038     541      457      845      1056     783      763      793      806      1077     316      320      519      
2        49       1126     0        573      186      691      1088     866      749      911      942      716      932      1306     435      262      179      885      473      508      282      1012     1033     1081     861      483      845      210      306      667      679      949      333      479      756      1014     663      168      1311     1255     1031     
3        623      560      573      0        395      123      690      933      183      422      693      763      810      801      579      808      472      456      240      182      852      665      460      509      625      481      366      607      493      166      173      636      588      275      446      776      415      517      789      746      640      
4        235      954      186      395      0        516      974      893      575      764      868      728      899      1160     452      444      190      755      347      365      469      911      853      904      787      358      659      241      218      481      519      786      382      301      586      947      498      145      1159     1107     917      
5        740      437      691      123      516      0        602      952      59       319      650      788      792      683      642      917      577      373      299      237      967      594      348      390      591      588      351      731      614      192      109      661      669      382      493      730      485      641      668      628      557      
6        1130     525      1088     690      974      602      0        763      570      293      276      681      476      336      771      1219     915      234      626      614      1304     112      635      580      312      1169     906      1215     1146     793      517      1238     869      965      1090     296      1088     1119     388      316      57       
7        877      1184     866      933      893      952      763      0        972      858      486      173      294      1099     442      813      715      753      699      752      915      651      1214     1200     468      1240     1295     1072     1110     1099     849      1562     532      1103     1362     483      1304     1002     1147     1074     729      
8        799      378      749      183      575      59       570      972      0        280      642      811      796      630      683      973      631      347      343      282      1024     572      295      333      588      639      354      790      672      225      124      676      716      434      519      719      522      700      613      575      528      
9        957      326      911      422      764      319      293      858      280      0        431      725      620      396      700      1091     756      108      439      403      1161     317      377      347      405      903      613      1000     907      505      254      944      772      697      798      496      801      905      402      344      258      
10       976      740      942      693      868      650      276      486      642      431      0        414      204      612      559      1023     762      324      538      555      1117     165      808      774      81       1135     996      1103     1070     837      542      1311     668      945      1135     82       1109     1011     661      589      245      
11       734      1051     716      763      728      788      681      173      811      725      414      0        274      1009     283      702      556      627      527      581      803      570      1066     1059     370      1070     1126     917      946      929      687      1389     384      929      1188     441      1131     842      1050     978      638      
12       958      938      932      810      899      792      476      294      796      620      204      274      0        812      506      960      757      512      611      646      1060     368      995      967      216      1206     1144     1117     1113     967      683      1444     618      1035     1256     189      1217     1031     864      792      448      
13       1353     366      1306     801      1160     683      336      1099     630      396      612      1009     812      0        1059     1477     1149     434      834      799      1552     447      528      447      640      1269     881      1394     1293     842      644      1204     1144     1065     1103     630      1131     1300     67       55       371      
14       456      999      435      579      452      642      771      442      683      700      559      283      506      1059     0        464      274      629      344      407      560      672      970      986      485      804      943      634      668      739      565      1167     112      686      962      618      893      560      1084     1016     717      
15       222      1342     262      808      444      917      1219     813      973      1091     1023     702      960      1477     464      0        342      1044     656      705      102      1127     1265     1305     948      735      1104     417      553      919      885      1210     355      741      1018     1083     925      417      1492     1429     1162     
16       216      999      179      472      190      577      915      715      631      756      762      556      757      1149     274      342      0        720      317      363      405      835      925      963      681      548      797      363      398      601      542      962      193      471      759      834      676      286      1158     1099     858      
17       929      431      885      456      755      373      234      753      347      108      324      627      512      434      629      1044     720      0        413      390      1121     225      484      455      297      935      696      995      918      565      283      1023     710      730      864      391      857      899      455      388      184      
18       519      691      473      240      347      299      626      699      343      439      538      527      611      834      344      656      317      413      0        62       722      565      637      663      460      599      606      588      534      405      235      862      372      423      663      620      612      493      842      783      569      
19       555      637      508      182      365      237      614      752      282      403      555      581      646      799      407      705      363      390      62       0        767      563      577      606      479      580      548      604      533      348      179      812      433      392      616      637      571      509      803      747      558      
20       234      1398     282      852      469      967      1304     915      1024     1161     1117     803      1060     1552     560      102      405      1121     722      767      0        1215     1312     1357     1040     718      1125     385      537      950      944      1202     449      753      1019     1179     923      409      1563     1503     1247     
21       1051     598      1012     665      911      594      112      651      572      317      165      570      368      447      672      1127     835      225      565      563      1215     0        687      642      201      1135     921      1152     1096     787      497      1248     774      935      1087     197      1075     1057     496      424      82       
22       1083     166      1033     460      853      348      635      1214     295      377      808      1066     995      528      970      1265     925      484      637      577      1312     687      0        83       778      832      367      1047     911      403      405      679      1010     648      600      873      648      964      482      479      616      
23       1131     83       1081     509      904      390      580      1200     333      347      774      1059     967      447      986      1305     963      455      663      606      1357     642      83       0        752      906      450      1108     976      472      428      762      1034     717      683      834      728      1022     399      400      567      
24       896      726      861      625      787      591      312      468      588      405      81       370      216      640      485      948      681      297      460      479      1040     201      778      752      0        1058     940      1022     990      774      482      1250     592      871      1070     160      1040     930      683      611      268      
25       514      977      483      481      358      588      1169     1240     639      903      1135     1070     1206     1269     804      735      548      935      599      580      718      1135     832      906      1058     0        512      336      182      436      654      489      741      206      328      1217     232      318      1249     1214     1117     
26       892      531      845      366      659      351      906      1295     354      613      996      1126     1144     881      943      1104     797      696      606      548      1125     921      367      450      940      512      0        793      637      203      461      333      941      377      235      1074     297      729      842      829      870      
27       216      1165     210      607      241      731      1215     1072     790      1000     1103     917      1117     1394     634      417      363      995      588      604      385      1152     1047     1108     1022     336      793      0        161      651      750      824      539      417      651      1180     554      95       1389     1340     1158     
28       334      1038     306      493      218      614      1146     1110     672      907      1070     946      1113     1293     668      553      398      918      534      533      537      1096     911      976      990      182      637      161      0        509      652      666      591      266      490      1150     392      138      1283     1239     1091     
29       716      541      667      166      481      192      793      1099     225      505      837      929      967      842      739      919      601      565      405      348      950      787      403      472      774      436      203      651      509      0        295      477      738      245      300      918      297      573      817      787      749      
30       727      457      679      173      519      109      517      849      124      254      542      687      683      644      565      885      542      283      235      179      944      497      405      428      482      654      461      750      652      295      0        769      606      448      595      623      579      656      640      590      467      
31       987      845      949      636      786      661      1238     1562     676      944      1311     1389     1444     1204     1167     1210     962      1023     862      812      1202     1248     679      762      1250     489      333      824      666      477      769      0        1137     491      204      1391     287      795      1161     1154     1200     
32       349      1056     333      588      382      669      869      532      716      772      668      384      618      1144     112      355      193      710      372      433      449      774      1010     1034     592      741      941      539      591      738      606      1137     0        648      933      729      856      473      1165     1099     813      
33       523      783      479      275      301      382      965      1103     434      697      945      929      1035     1065     686      741      471      730      423      392      753      935      648      717      871      206      377      417      266      245      448      491      648      0        288      1028     208      351      1046     1009     914      
34       797      763      756      446      586      493      1090     1362     519      798      1135     1188     1256     1103     962      1018     759      864      663      616      1019     1087     600      683      1070     328      235      651      490      300      595      204      933      288      0        1217     98       610      1068     1050     1047     
35       1047     793      1014     776      947      730      296      483      719      496      82       441      189      630      618      1083     834      391      620      637      1179     197      873      834      160      1217     1074     1180     1150     918      623      1391     729      1028     1217     0        1192     1088     684      613      279      
36       702      806      663      415      498      485      1088     1304     522      801      1109     1131     1217     1131     893      925      676      857      612      571      923      1075     648      728      1040     232      297      554      392      297      579      287      856      208      98       1192     0        513      1101     1076     1042     
37       196      1077     168      517      145      641      1119     1002     700      905      1011     842      1031     1300     560      417      286      899      493      509      409      1057     964      1022     930      318      729      95       138      573      656      795      473      351      610      1088     513      0        1296     1246     1063     
38       1359     316      1311     789      1159     668      388      1147     613      402      661      1050     864      67       1084     1492     1158     455      842      803      1563     496      482      399      683      1249     842      1389     1283     817      640      1161     1165     1046     1068     684      1101     1296     0        72       417      
39       1302     320      1255     746      1107     628      316      1074     575      344      589      978      792      55       1016     1429     1099     388      783      747      1503     424      479      400      611      1214     829      1340     1239     787      590      1154     1099     1009     1050     613      1076     1246     72       0        345      
40       1072     519      1031     640      917      557      57       729      528      258      245      638      448      371      717      1162     858      184      569      558      1247     82       616      567      268      1117     870      1158     1091     749      467      1200     813      914      1047     279      1042     1063     417      345      0        
;



Table delta(i,j)                 Distance
         0        1        2        3        4        5        6        7        8        9        10       11       12       13       14       15       16       17       18       19       20       21       22       23       24       25       26       27       28       29       30       31       32       33       34       35       36       37       38       39       40       
0        0        13840    6280     1160     4920     9620     12040    3960     20400    13640    6940     9380     13760    16260    9600     6340     21180    1520     9960     13840    2500     13480    4980     18040    7220     17040    18720    12160    10400    15380    7320     5620     3040     2380     9520     14860    13500    4680     16100    14460    4860     
1        13840    0        574      680      449      224      356      496      492      308      648      267      53       337      610      447      483      686      288      103      567      200      471      389      421      264      301      588      680      471      530      534      542      579      380      267      17       466      142      655      452      
2        6280     574      0        356      232      355      341      285      764      706      80       307      594      567      168      429      818      249      521      621      271      470      172      654      153      641      736      293      220      480      63       61       280      299      226      735      559      215      641      408      233      
3        1160     680      356      0        247      477      622      185      1033     646      396      473      671      826      523      280      1068     132      466      672      121      679      263      914      381      856      936      646      568      794      403      315      141      102      497      710      663      239      799      763      244      
4        4920     449      232      247      0        234      387      77       788      497      308      225      450      580      378      197      821      237      307      461      126      432      60       668      161      609      690      467      443      566      241      171      109      146      269      541      432      20       558      583      3        
5        9620     224      355      477      234      0        250      293      581      386      432      60       239      378      421      301      603      467      241      266      358      214      248      461      202      382      459      439      494      424      319      311      336      375      200      394      208      248      324      534      237      
6        12040    356      341      622      387      250      0        464      425      616      387      201      401      226      292      528      476      558      490      446      504      173      358      313      241      314      410      234      351      182      278      337      493      529      126      603      348      389      356      301      390      
7        3960     496      285      185      77       293      464      0        860      497      354      294      489      653      442      155      890      212      308      494      73       500      124      740      237      674      752      539      503      643      305      226      46       82       346      551      479      81       614      656      73       
8        20400    492      764      1033     788      581      425      860      0        796      801      565      542      207      679      880      82       981      765      588      912      366      772      119      661      228      230      562      717      311      701      762      897      934      549      739      500      794      363      533      791      
9        13640    308      706      646      497      386      616      497      796      0        786      447      255      645      802      366      777      710      191      208      568      494      548      697      566      569      586      825      875      763      686      649      539      564      587      85       305      518      434      914      498      
10       6940     648      80       396      308      432      387      354      801      786      0        381      670      612      146      503      860      273      601      699      329      531      248      697      230      696      792      286      173      504      119      139      343      355      284      815      633      290      707      393      309      
11       9380     267      307      473      225      60       201      294      565      447      381      0        289      359      361      331      595      445      297      320      351      206      224      446      154      383      467      379      434      380      265      268      333      371      139      454      251      235      347      475      229      
12       13760    53       594      671      450      239      401      489      542      255      670      289      0        390      643      424      530      688      253      49       562      251      478      441      441      314      344      629      714      523      554      550      536      571      413      214      54       468      185      701      453      
13       16260    337      567      826      580      378      226      653      207      645      612      359      390      0        505      679      250      776      581      440      704      168      565      89       455      128      214      409      554      184      505      560      689      727      346      602      339      587      246      418      584      
14       9600     610      168      523      378      421      292      442      679      802      146      361      643      505      0        574      744      411      631      679      438      457      320      583      242      605      701      140      73       372      136      218      444      465      230      816      598      365      641      247      380      
15       6340     447      429      280      197      301      528      155      880      366      503      331      424      679      574      0        896      354      191      414      213      513      257      761      343      671      735      653      640      710      438      368      186      204      430      432      431      213      582      766      196      
16       21180    483      818      1068     821      603      476      890      82       777      860      595      530      250      744      896      0        1025     766      573      946      390      810      163      704      225      193      633      786      383      755      811      929      967      597      714      494      829      345      611      824      
17       1520     686      249      132      237      467      558      212      981      710      273      445      688      776      411      354      1025     0        520      698      142      647      221      865      320      825      912      543      447      718      305      225      170      151      432      764      669      220      790      657      235      
18       9960     288      521      466      307      241      490      308      765      191      601      297      253      581      631      191      766      520      0        232      379      414      359      652      390      542      589      673      704      659      507      463      351      379      432      245      275      327      430      773      307      
19       13840    103      621      672      461      266      446      494      588      208      699      320      49       440      679      414      573      698      232      0        567      300      495      489      468      361      383      672      751      572      585      574      540      574      450      164      103      480      227      747      464      
20       2500     567      271      121      126      358      504      73       912      568      329      351      562      704      438      213      946      142      379      567      0        558      146      793      266      735      816      549      492      679      307      220      28       28       381      624      550      117      681      667      122      
21       13480    200      470      679      432      214      173      500      366      494      531      206      251      168      457      513      390      647      414      300      558      0        427      247      333      178      267      406      521      272      413      448      540      578      246      464      197      441      184      461      435      
22       4980     471      172      263      60       248      358      124      772      548      248      224      478      565      320      257      810      221      359      495      146      427      0        654      119      606      692      415      383      532      183      111      139      172      234      587      454      45       569      532      61       
23       18040    389      654      914      668      461      313      740      119      697      697      446      441      89       583      761      163      865      652      489      793      247      654      0        545      134      183      477      628      234      592      649      777      815      435      646      395      675      273      470      672      
24       7220     421      153      381      161      202      241      237      661      566      230      154      441      455      242      343      704      320      390      468      266      333      119      545      0        510      601      310      314      413      119      116      259      292      115      588      405      156      495      424      164      
25       17040    264      641      856      609      382      314      674      228      569      696      383      314      128      605      671      225      825      542      361      735      178      606      134      510      0        96       524      661      312      582      624      716      754      415      514      272      619      139      544      612      
26       18720    301      736      936      690      459      410      752      230      586      792      467      344      214      701      735      193      912      589      383      816      267      692      183      601      96       0        618      757      397      677      716      795      833      509      521      314      702      159      632      693      
27       12160    588      293      646      467      439      234      539      562      825      286      379      629      409      140      653      633      543      673      672      549      406      415      477      310      524      618      0        156      250      244      331      551      577      240      823      578      459      587      117      470      
28       10400    680      220      568      443      494      351      503      717      875      173      434      714      554      73       640      786      447      704      751      492      521      383      628      314      661      757      156      0        406      203      277      501      519      301      889      668      429      705      237      445      
29       15380    471      480      794      566      424      182      643      311      763      504      380      523      184      372      710      383      718      659      572      679      272      532      234      413      312      397      250      406      0        417      492      670      705      298      736      469      566      415      236      569      
30       7320     530      63       403      241      319      278      305      701      686      119      265      554      505      136      438      755      305      507      585      307      413      183      592      119      582      677      244      203      417      0        87       310      335      167      708      515      228      588      361      243      
31       5620     534      61       315      171      311      337      226      762      649      139      268      550      560      218      368      811      225      463      574      220      448      111      649      116      624      716      331      277      492      87       0        225      248      214      681      518      154      611      449      172      
32       3040     542      280      141      109      336      493      46       897      539      343      333      536      689      444      186      929      170      351      540      28       540      139      777      259      716      795      551      501      670      310      225      0        38       372      595      525      104      659      668      105      
33       2380     579      299      102      146      375      529      82       934      564      355      371      571      727      465      204      967      151      379      574      28       578      172      815      292      754      833      577      519      705      335      248      38       0        406      624      562      140      696      695      143      
34       9520     380      226      497      269      200      126      346      549      587      284      139      413      346      230      430      597      432      432      450      381      246      234      435      115      415      509      240      301      298      167      214      372      406      0        592      368      268      424      343      272      
35       14860    267      735      710      541      394      603      551      739      85       815      454      214      602      816      432      714      764      245      164      624      464      587      646      588      514      521      823      889      736      708      681      595      624      592      0        267      561      376      904      542      
36       13500    17       559      663      432      208      348      479      500      305      633      251      54       339      598      431      494      669      275      103      550      197      454      395      405      272      314      578      668      469      515      518      525      562      368      267      0        449      155      648      435      
37       4680     466      215      239      20       248      389      81       794      518      290      235      468      587      365      213      829      220      327      480      117      441      45       675      156      619      702      459      429      566      228      154      104      140      268      561      449      0        572      575      19       
38       16100    142      641      799      558      324      356      614      363      434      707      347      185      246      641      582      345      790      430      227      681      184      569      273      495      139      159      587      705      415      588      611      659      696      424      376      155      572      0        631      561      
39       14460    655      408      763      583      534      301      656      533      914      393      475      701      418      247      766      611      657      773      747      667      461      532      470      424      544      632      117      237      236      361      449      668      695      343      904      648      575      631      0        586      
40       4860     452      233      244      3        237      390      73       791      498      309      229      453      584      380      196      824      235      307      464      122      435      61       672      164      612      693      470      445      569      243      172      105      143      272      542      435      19       561      586      0        
;

