
sets
i        orders          /0*40/
k        routes          /1*40/
p        positions       /0*40/
;

alias(i,j)
alias(i,h)
alias(i,hh)
alias(i,jj)
alias(k,kk)
                
                    Parameters

rho(i)	Processing time
/
0	0
1	40
2	27
3	36
4	68
5	53
6	60
7	93
8	10
9	32
10	65
11	1
12	53
13	40
14	51
15	43
16	9
17	27
18	8
19	19
20	75
21	19
22	91
23	10
24	3
25	95
26	16
27	22
28	3
29	1
30	25
31	5
32	12
33	82
34	8
35	65
36	56
37	43
38	29
39	74
40	42
/

gamma(i)	Duedate
/
0	0
1	80
2	37
3	84
4	61
5	21
6	27
7	36
8	72
9	86
10	11
11	79
12	25
13	79
14	75
15	33
16	35
17	64
18	47
19	75
20	76
21	27
22	64
23	60
24	76
25	94
26	15
27	28
28	4
29	20
30	66
31	73
32	97
33	56
34	9
35	69
36	9
37	33
38	1
39	56
40	18
/

sigma(i)	Size
/
0	0
1	4
2	8
3	9
4	1
5	1
6	5
7	8
8	4
9	4
10	5
11	8
12	5
13	9
14	2
15	5
16	1
17	7
18	6
19	8
20	6
21	5
22	2
23	4
24	8
25	5
26	6
27	2
28	7
29	5
30	7
31	1
32	2
33	4
34	4
35	2
36	8
37	8
38	1
39	7
40	9
/

epsilon(i)	Priority
/
0	0
1	6
2	6
3	6
4	7
5	2
6	5
7	7
8	8
9	7
10	7
11	8
12	3
13	6
14	1
15	7
16	4
17	3
18	2
19	8
20	1
21	1
22	3
23	2
24	6
25	2
26	5
27	5
28	8
29	5
30	8
31	8
32	9
33	4
34	8
35	8
36	5
37	9
38	7
39	5
40	1
/

psi	Vehicle Capacity
/ 44 /
;

Table kappa(i,j)                 Setup
         0        1        2        3        4        5        6        7        8        9        10       11       12       13       14       15       16       17       18       19       20       21       22       23       24       25       26       27       28       29       30       31       32       33       34       35       36       37       38       39       40       
0        0        326      553      309      264      247      327      574      642      195      1013     665      696      442      234      563      440      737      790      617      559      198      234      235      476      263      396      415      783      400      867      375      780      581      89       102      340      404      529      469      360      
1        326      0        260      321      585      380      630      703      372      277      1003     548      374      619      408      889      448      417      470      870      315      180      553      321      801      574      125      634      458      717      880      51       1075     669      256      228      365      610      768      772      687      
2        553      260      0        574      817      499      810      739      437      425      1206     725      180      704      668      1106     452      336      381      1129     435      439      788      442      1026     814      313      746      326      954      1097     236      1326     679      468      450      419      871      1027     945      905      
3        309      321      574      0        453      527      615      871      430      437      726      358      644      746      164      759      683      600      645      596      337      174      421      491      658      419      277      725      670      551      588      337      837      865      328      299      581      326      489      747      576      
4        264      585      817      453      0        428      239      658      861      429      1028     793      958      510      296      312      632      985      1036     418      771      429      33       449      217      46       636      445      1038     137      875      632      528      696      350      367      547      317      362      329      123      
5        247      380      499      527      428      0        326      345      751      104      1250     863      674      240      481      652      205      778      830      834      686      368      411      60       593      450      496      256      799      557      1106     428      953      338      199      228      121      647      757      452      469      
6        327      630      810      615      239      326      0        442      968      384      1256     973      975      299      485      335      498      1047     1100     638      886      526      249      374      298      284      718      223      1084     310      1103     682      682      496      375      406      442      553      596      143      191      
7        574      703      739      871      658      345      442      0        1074     446      1588     1208     918      148      805      749      287      1061     1111     1074     1018     714      655      392      735      696      826      219      1064     751      1441     746      1121     84       543      574      341      942      1019     477      634      
8        642      372      437      430      861      751      968      1074     0        647      822      342      370      991      592      1173     808      220      246      1014     92       444      828      693      1075     834      256      1002     304      973      743      327      1265     1035     600      566      733      747      908      1111     979      
9        195      277      425      437      429      104      384      446      647      0        1164     763      593      345      415      690      253      682      735      809      582      270      405      54       619      440      392      357      709      565      1023     327      956      430      119      139      150      598      724      521      495      
10       1013     1003     1206     726      1028     1250     1256     1588     822      1164     0        485      1187     1454     787      1238     1409     1037     1051     812      782      899      1010     1217     1147     981      901      1418     1121     1041     153      995      1062     1589     1051     1025     1308     715      760      1357     1133     
11       665      548      725      358      793      863      973      1208     342      763      485      0        702      1093     498      1082     986      561      582      799      296      494      764      817      981      754      433      1078     645      868      401      529      1068     1192     669      636      892      565      701      1102     916      
12       696      374      180      644      958      674      975      918      370      593      1187     702      0        884      768      1257     631      194      225      1230     407      547      927      615      1172     949      367      925      154      1091     1097     331      1447     857      617      594      599      963      1125     1114     1055     
13       442      619      704      746      510      240      299      148      991      345      1454     1093     884      0        668      618      278      1006     1058     926      927      600      508      298      596      548      737      82       1020     605      1306     667      981      197      424      457      285      796      871      355      490      
14       234      408      668      164      296      481      485      805      592      415      787      498      768      668      0        596      667      749      797      462      499      229      266      463      495      258      407      630      814      386      638      441      685      815      296      281      565      203      359      607      419      
15       563      889      1106     759      312      652      335      749      1173     690      1238     1082     1257     618      596      0        833      1296     1347     466      1083     741      346      693      101      340      948      537      1346     214      1089     938      390      814      641      663      772      540      483      275      202      
16       440      448      452      683      632      205      498      287      808      253      1409     986      631      278      667      833      0        777      826      1039     762      510      616      205      785      655      573      343      777      758      1271     484      1153     231      372      391      102      845      961      600      663      
17       737      417      336      600      985      778      1047     1061     220      682      1037     561      194      1006     749      1296     777      0        53       1196     290      555      952      717      1203     967      349      1034     84       1110     963      365      1434     1008     673      644      726      926      1089     1190     1095     
18       790      470      381      645      1036     830      1100     1111     246      735      1051     582      225      1058     797      1347     826      53       0        1240     325      606      1003     770      1254     1017     400      1087     81       1160     983      418      1481     1056     726      696      777      971      1133     1243     1147     
19       617      870      1129     596      418      834      638      1074     1014     809      812      799      1230     926      462      466      1039     1196     1240     0        923      690      427      842      399      386      866      857      1267     332      673      904      271      1115     704      705      946      270      107      674      453      
20       559      315      435      337      771      686      886      1018     92       582      782      296      407      927      499      1083     762      290      325      923      0        360      738      631      984      743      191      933      371      881      690      278      1172     985      523      489      681      655      816      1028     890      
21       198      180      439      174      429      368      526      714      444      270      899      494      547      600      229      741      510      555      606      690      360      0        397      325      647      411      206      591      611      555      763      216      899      701      176      142      409      432      588      667      542      
22       234      553      788      421      33       411      249      655      828      405      1010     764      927      508      266      346      616      952      1003     427      738      397      0        428      250      41       603      447      1005     166      856      600      551      690      322      337      528      304      363      350      154      
23       235      321      442      491      449      60       374      392      693      54       1217     817      615      298      463      693      205      717      770      842      631      325      428      0        628      465      440      317      739      582      1076     369      977      375      169      192      104      640      760      505      503      
24       476      801      1026     658      217      593      298      735      1075     619      1147     981      1172     596      495      101      785      1203     1254     399      984      647      250      628      0        241      854      517      1255     113      996      849      385      793      558      578      714      442      400      284      124      
25       263      574      814      419      46       450      284      696      834      440      981      754      949      548      258      340      655      967      1017     386      743      411      41       465      241      0        617      486      1022     143      828      620      518      731      352      364      566      270      323      375      163      
26       396      125      313      277      636      496      718      826      256      392      901      433      367      737      407      948      573      349      400      866      191      206      603      440      854      617      0        746      408      760      786      96       1092     794      345      312      489      597      760      861      748      
27       415      634      746      725      445      256      223      219      1002     357      1418     1078     925      82       630      537      343      1034     1087     857      933      591      447      317      517      486      746      0        1054     532      1268     684      902      277      415      449      330      743      807      273      414      
28       783      458      326      670      1038     799      1084     1064     304      709      1121     645      154      1020     814      1346     777      84       81       1267     371      611      1005     739      1255     1022     408      1054     0        1166     1047     408      1500     1005     713      686      736      997      1160     1225     1144     
29       400      717      954      551      137      557      310      751      973      565      1041     868      1091     605      386      214      758      1110     1160     332      881      555      166      582      113      143      760      532      1166     0        889      763      395      799      487      503      677      331      309      345      121      
30       867      880      1097     588      875      1106     1103     1441     743      1023     153      401      1097     1306     638      1089     1271     963      983      673      690      763      856      1076     996      828      786      1268     1047     889      0        877      931      1445     908      883      1169     562      613      1204     980      
31       375      51       236      337      632      428      682      746      327      327      995      529      331      667      441      938      484      365      418      904      278      216      600      369      849      620      96       684      408      763      877      0        1116     709      307      279      406      641      800      824      736      
32       780      1075     1326     837      528      953      682      1121     1265     956      1062     1068     1447     981      685      390      1153     1434     1481     271      1172     899      551      977      385      518      1092     902      1500     395      931      1116     0        1178     869      879      1073     519      367      659      495      
33       581      669      679      865      696      338      496      84       1035     430      1589     1192     857      197      815      814      231      1008     1056     1115     985      701      690      375      793      731      794      277      1005     799      1445     709      1178     0        537      565      305      965      1053     546      685      
34       89       256      468      328      350      199      375      543      600      119      1051     669      617      424      296      641      372      673      726      704      523      176      322      169      558      352      345      415      713      487      908      307      869      537      0        34       269      482      614      518      439      
35       102      228      450      299      367      228      406      574      566      139      1025     636      594      457      281      663      391      644      696      705      489      142      337      192      578      364      312      449      686      503      883      279      879      565      34       0        288      474      612      549      461      
36       340      365      419      581      547      121      442      341      733      150      1308     892      599      285      565      772      102      726      777      946      681      409      528      104      714      566      489      330      736      677      1169     406      1073     305      269      288      0        745      865      560      590      
37       404      610      871      326      317      647      553      942      747      598      715      565      963      796      203      540      845      926      971      270      655      432      304      640      442      270      597      743      997      331      562      641      519      965      482      474      745      0        163      643      418      
38       529      768      1027     489      362      757      596      1019     908      724      760      701      1125     871      359      483      961      1089     1133     107      816      588      363      760      400      323      760      807      1160     309      613      800      367      1053     614      612      865      163      0        653      423      
39       469      772      945      747      329      452      143      477      1111     521      1357     1102     1114     355      607      275      600      1190     1243     674      1028     667      350      505      284      375      861      273      1225     345      1204     824      659      546      518      549      560      643      653      0        230      
40       360      687      905      576      123      469      191      634      979      495      1133     916      1055     490      419      202      663      1095     1147     453      890      542      154      503      124      163      748      414      1144     121      980      736      495      685      439      461      590      418      423      230      0        
;



Table delta(i,j)                 Distance
         0        1        2        3        4        5        6        7        8        9        10       11       12       13       14       15       16       17       18       19       20       21       22       23       24       25       26       27       28       29       30       31       32       33       34       35       36       37       38       39       40       
0        0        9480     10540    9640     4300     7840     420      6440     8380     16460    10440    11420    9160     8480     11200    7120     6020     7900     12000    16380    5140     6700     9720     13460    16560    15040    11920    12160    1200     17860    6580     5780     15060    7900     4360     16880    14040    11860    10600    11360    2740     
1        9480     0        267      198      298      292      476      193      72       693      604      103      142      110      131      285      436      236      284      396      321      515      267      199      436      347      251      608      420      442      559      326      279      105      365      480      386      362      462      312      351      
2        10540    267      0        72       313      147      519      393      225      426      394      253      405      178      386      509      323      132      78       324      276      384      44       330      311      251      94       365      495      424      438      252      403      337      326      317      175      97       220      49       459      
3        9640     198      72       0        267      138      475      321      152      497      430      201      333      106      322      437      317      97       123      343      244      387      71       292      346      273      114      417      444      432      439      227      371      264      296      364      233      169      270      122      401      
4        4300     298      313      267      0        186      208      225      231      647      409      381      339      222      412      323      184      180      385      607      68       257      273      487      613      539      382      465      183      687      287      101      570      255      79       628      488      384      354      355      164      
5        7840     292      147      138      186      0        381      338      224      471      312      328      400      181      423      455      180      55       226      469      135      249      103      426      459      397      236      327      369      565      300      106      507      316      182      461      316      200      190      180      347      
6        420      476      519      475      208      381      0        331      420      807      502      572      466      422      566      370      283      387      593      814      246      315      477      675      822      747      590      589      73       891      308      277      756      401      204      836      693      582      514      559      148      
7        6440     193      393      321      225      338      331      0        179      802      623      296      135      218      242      118      408      296      437      587      284      483      372      383      622      534      413      661      262      634      513      308      455      89       305      660      547      488      529      443      186      
8        8380     72       225      152      231      224      420      179      0        648      535      152      183      48       202      290      364      169      260      417      249      442      215      257      445      359      234      546      369      478      487      254      339      112      295      481      368      322      401      274      307      
9        16460    693      426      497      647      471      807      802      648      0        359      664      830      601      807      920      525      506      424      552      582      520      434      712      481      508      463      246      817      660      558      548      762      759      609      421      363      331      294      381      812      
10       10440    604      394      430      409      312      502      623      535      359      0        631      706      493      735      731      232      367      453      686      343      188      364      721      644      618      483      112      535      797      210      315      796      620      341      614      481      358      183      385      557      
11       11420    103      253      201      381      328      572      296      152      664      631      0        222      163      149      381      494      275      240      298      391      570      271      105      345      256      201      617      519      338      619      389      189      207      440      397      325      337      470      288      453      
12       9160     142      405      333      339      400      466      135      183      830      706      222      0        231      116      169      510      347      426      519      385      588      399      282      568      478      394      726      398      546      624      402      343      86       417      617      528      501      583      452      321      
13       8480     110      178      106      222      181      422      218      48       601      493      163      231      0        242      332      333      125      219      398      227      411      167      269      419      335      198      500      378      469      458      226      352      158      277      449      329      275      355      228      323      
14       11200    131      386      322      412      423      566      242      202      807      735      149      116      242      0        284      564      368      386      427      444      643      393      176      485      397      348      737      502      440      685      454      228      165      485      541      475      477      591      427      426      
15       7120     285      509      437      323      455      370      118      290      920      731      381      169      332      284      0        508      414      550      679      388      579      490      451      721      632      523      775      297      713      603      416      513      182      400      764      658      605      645      559      225      
16       6020     436      323      317      184      180      283      408      364      525      232      494      510      333      564      508      0        223      400      647      125      79       279      597      631      575      415      307      306      745      124      110      679      423      110      625      478      350      238      345      324      
17       7900     236      132      97       180      55       387      296      169      506      367      275      347      125      368      414      223      0        206      439      148      297      93       375      437      368      207      378      363      530      347      130      457      265      200      448      307      209      237      175      331      
18       12000    284      78       123      385      226      593      437      260      424      453      240      426      219      386      550      400      206      0        247      353      459      123      295      233      175      39       409      566      351      513      330      358      370      403      243      110      105      272      67       524      
19       16380    396      324      343      607      469      814      587      417      552      686      298      519      398      427      679      647      439      247      0        587      707      368      257      78       72       233      623      775      112      761      569      258      501      639      148      210      328      503      309      721      
20       5140     321      276      244      68       135      246      284      249      582      343      391      385      227      444      388      125      148      353      587      0        202      233      496      585      516      355      397      238      675      241      34       580      299      52       593      449      335      288      313      230      
21       6700     515      384      387      257      249      315      483      442      520      188      570      588      411      643      579      79       297      459      707      202      0        341      672      684      635      478      284      352      809      53       189      754      501      179      672      526      395      255      399      383      
22       9720     267      44       71       273      103      477      372      215      434      364      271      399      167      393      490      279      93       123      368      233      341      0        357      356      295      136      346      456      467      395      208      432      325      282      360      216      118      199      82       424      
23       13460    199      330      292      487      426      675      383      257      712      721      105      282      269      176      451      597      375      295      257      496      672      357      0        323      241      256      695      619      264      721      493      83       294      546      386      354      400      551      355      551      
24       16560    436      311      346      613      459      822      622      445      481      644      345      568      419      485      721      631      437      233      78       585      684      356      323      0        89       231      572      789      178      738      563      333      540      636      69       163      292      463      285      740      
25       15040    347      251      273      539      397      747      534      359      508      618      256      478      335      397      632      575      368      175      72       516      635      295      241      89       0        161      559      710      179      688      497      265      451      568      144      151      259      434      238      658      
26       11920    251      94       114      382      236      590      413      234      463      483      201      394      198      348      523      415      207      39       233      355      478      136      256      231      161      0        444      558      330      531      336      321      342      407      252      135      143      304      101      512      
27       12160    608      365      417      465      327      589      661      546      246      112      617      726      500      737      775      307      378      409      623      397      284      346      695      572      559      444      0        613      735      316      364      765      643      408      533      412      305      147      343      624      
28       1200     420      495      444      183      369      73       262      369      817      535      519      398      378      502      297      306      363      566      775      238      352      456      619      789      710      558      613      0        846      355      272      699      338      208      809      671      568      522      539      77       
29       17860    442      424      432      687      565      891      634      478      660      797      338      546      469      440      713      745      530      351      112      675      809      467      264      178      179      330      735      846      0        862      660      228      545      727      243      323      438      614      416      785      
30       6580     559      438      439      287      300      308      513      487      558      210      619      624      458      685      603      124      347      513      761      241      53       395      721      738      688      531      316      355      862      0        232      804      539      208      726      580      449      304      453      396      
31       5780     326      252      227      101      106      277      308      254      548      315      389      402      226      454      416      110      130      330      569      34       189      208      493      563      497      336      364      272      660      232      0        576      315      75       568      422      306      253      286      265      
32       15060    279      403      371      570      507      756      455      339      762      796      189      343      352      228      513      679      457      358      258      580      754      432      83       333      265      321      765      699      228      804      576      0        368      629      401      399      463      623      421      629      
33       7900     105      337      264      255      316      401      89       112      759      620      207      86       158      165      182      423      265      370      501      299      501      325      294      540      451      342      643      338      545      539      315      368      0        333      581      477      434      502      386      264      
34       4360     365      326      296      79       182      204      305      295      609      341      440      417      277      485      400      110      200      403      639      52       179      282      546      636      568      407      408      208      727      208      75       629      333      0        643      497      381      314      361      216      
35       16880    480      317      364      628      461      836      660      481      421      614      397      617      449      541      764      625      448      243      148      593      672      360      386      69       144      252      533      809      243      726      568      401      581      643      0        147      276      437      282      765      
36       14040    386      175      233      488      316      693      547      368      363      481      325      528      329      475      658      478      307      110      210      449      526      216      354      163      151      135      412      671      323      580      422      399      477      497      147      0        130      299      136      632      
37       11860    362      97       169      384      200      582      488      322      331      358      337      501      275      477      605      350      209      105      328      335      395      118      400      292      259      143      305      568      438      449      306      463      434      381      276      130      0        175      50       540      
38       10600    462      220      270      354      190      514      529      401      294      183      470      583      355      591      645      238      237      272      503      288      255      199      551      463      434      304      147      522      614      304      253      623      502      314      437      299      175      0        204      518      
39       11360    312      49       122      355      180      559      443      274      381      385      288      452      228      427      559      345      175      67       309      313      399      82       355      285      238      101      343      539      416      453      286      421      386      361      282      136      50       204      0        506      
40       2740     351      459      401      164      347      148      186      307      812      557      453      321      323      426      225      324      331      524      721      230      383      424      551      740      658      512      624      77       785      396      265      629      264      216      765      632      540      518      506      0        
;

