
sets
i        orders          /0*40/
k        routes          /1*40/
p        positions       /0*40/
;

alias(i,j)
alias(i,h)
alias(i,hh)
alias(i,jj)
alias(k,kk)
                
                    Parameters

rho(i)	Processing time
/
0	0
1	35
2	21
3	24
4	49
5	32
6	45
7	69
8	16
9	82
10	93
11	85
12	2
13	93
14	47
15	5
16	60
17	3
18	39
19	53
20	62
21	85
22	78
23	24
24	93
25	41
26	77
27	7
28	44
29	26
30	58
31	44
32	23
33	75
34	4
35	86
36	49
37	39
38	33
39	87
40	94
/

gamma(i)	Duedate
/
0	0
1	7
2	74
3	87
4	23
5	38
6	91
7	94
8	45
9	16
10	45
11	28
12	32
13	52
14	56
15	52
16	66
17	71
18	20
19	15
20	83
21	34
22	23
23	26
24	21
25	96
26	34
27	33
28	27
29	35
30	16
31	63
32	49
33	15
34	93
35	72
36	95
37	8
38	73
39	87
40	67
/

sigma(i)	Size
/
0	0
1	3
2	9
3	7
4	8
5	1
6	2
7	7
8	2
9	4
10	2
11	7
12	4
13	5
14	6
15	2
16	4
17	2
18	4
19	7
20	1
21	3
22	4
23	5
24	1
25	5
26	9
27	4
28	4
29	7
30	6
31	3
32	1
33	7
34	6
35	6
36	6
37	8
38	8
39	5
40	4
/

epsilon(i)	Priority
/
0	0
1	8
2	2
3	6
4	3
5	2
6	5
7	9
8	9
9	5
10	8
11	2
12	7
13	5
14	2
15	3
16	8
17	9
18	2
19	1
20	2
21	9
22	4
23	6
24	8
25	3
26	5
27	2
28	4
29	8
30	2
31	9
32	1
33	2
34	8
35	4
36	8
37	7
38	9
39	6
40	9
/

psi	Vehicle Capacity
/ 38 /
;

Table kappa(i,j)                 Setup
         0        1        2        3        4        5        6        7        8        9        10       11       12       13       14       15       16       17       18       19       20       21       22       23       24       25       26       27       28       29       30       31       32       33       34       35       36       37       38       39       40       
0        0        599      339      729      408      909      1413     870      1355     177      1173     566      887      1228     1485     1316     762      1276     850      810      1337     636      1137     268      1039     925      1049     481      524      419      387      980      120      461      851      1027     777      1124     1370     1140     783      
1        599      0        716      459      378      562      1142     1069     1037     560      865      211      323      817      1153     992      1030     828      295      974      949      520      1235     514      1021     1126     580      269      426      384      447      387      519      476      746      608      602      1252     1073     816      453      
2        339      716      0        611      361      786      1192     532      1161     196      990      578      914      1098     1289     1128     423      1166     874      478      1183     467      807      202      742      586      978      481      410      362      293      1034     437      321      612      926      591      789      1164     968      681      
3        729      459      611      0        320      182      720      719      639      581      456      260      410      502      767      597      731      560      377      619      608      157      816      485      578      769      370      280      211      309      352      543      723      295      299      316      151      845      663      417      73       
4        408      378      361      320      0        501      1020     704      952      270      769      217      553      820      1081     912      654      872      514      613      928      248      903      182      731      762      655      120      124      13       71       673      409      111      489      623      385      911      971      733      376      
5        909      562      786      182      501      0        579      814      481      763      303      399      395      320      603      436      851      380      377      717      429      319      850      667      588      856      225      446      393      490      534      514      897      475      337      146      229      890      512      256      128      
6        1413     1142     1192     720      1020     579      0        932      138      1244     277      972      928      414      155      176      1040     484      923      874      311      777      771      1147     560      940      639      1000     896      1006     1026     1014     1429     951      579      563      637      832      83       328      697      
7        870      1069     532      719      704      814      932      0        964      709      847      868      1127     1036     1071     949      137      1127     1093     100      1063     580      293      660      372      58       1040     800      645      695      645      1261     959      597      483      951      592      262      941      855      784      
8        1355     1037     1161     639      952      481      138      964      0        1192     183      880      804      277      129      45       1059     346      802      895      175      720      841      1094     603      980      510      919      831      939      967      884      1360     896      555      441      581      900      55       224      606      
9        177      560      196      581      270      763      1244     709      1192     0        1012     467      804      1084     1322     1155     612      1139     765      642      1186     472      967      98       862      765      925      371      370      278      229      913      250      296      676      891      611      957      1204     982      643      
10       1173     865      990      456      769      303      277      847      183      1012     0        700      657      215      311      142      928      310      649      768      215      540      776      914      515      873      381      736      649      757      786      752      1177     715      399      294      403      830      209      52       425      
11       566      211      578      260      217      399      972      868      880      467      700      0        339      695      1003     835      840      728      300      770      818      308      1023     391      810      924      489      98       224      217      286      456      525      290      536      485      395      1042     909      655      274      
12       887      323      914      410      553      395      928      1127     804      804      657      339      0        548      905      759      1127     536      39       1027     683      549      1219     730      968      1178     300      437      524      552      620      133      824      607      696      364      554      1252     850      605      355      
13       1228     817      1098     502      820      320      414      1036     277      1084     215      695      548      0        359      238      1102     95       553      949      135      631      987      987      723      1066     248      757      713      810      854      613      1210     794      561      211      513      1040     331      187      444      
14       1485     1153     1289     767      1081     603      155      1071     129      1322     311      1003     905      359      0        169      1172     404      906      1007     229      850      924      1224     703      1083     605      1045     961      1069     1097     973      1489     1026     681      548      711      985      131      350      730      
15       1316     992      1128     597      912      436      176      949      45       1155     142      835      759      238      169      0        1040     313      757      877      150      683      839      1056     594      968      466      876      791      899      929      840      1319     858      527      396      544      897      93       181      562      
16       762      1030     423      731      654      851      1040     137      1059     612      928      840      1127     1102     1172     1040     0        1189     1091     165      1143     579      430      578      489      177      1076     761      618      646      588      1260     859      554      540      994      622      395      1041     929      800      
17       1276     828      1166     560      872      380      484      1127     346      1139     310      728      536      95       404      313      1189     0        547      1039     177      699      1083     1044     818      1158     247      798      771      862      911      582      1250     855      649      248      590      1135     402      282      496      
18       850      295      874      377      514      377      923      1093     802      765      649      300      39       553      906      757      1091     547      0        992      688      513      1191     691      942      1144     305      398      486      512      580      169      789      568      668      361      524      1222     846      597      326      
19       810      974      478      619      613      717      874      100      895      642      768      770      1027     949      1007     877      165      1039     992      0        983      480      328      584      327      153      943      705      548      603      556      1160     891      504      391      856      493      315      876      772      684      
20       1337     949      1183     608      928      429      311      1063     175      1186     215      818      683      135      229      150      1143     177      688      983      0        721      976      1088     722      1087     383      874      816      917      956      745      1327     891      610      340      592      1033     231      219      557      
21       636      520      467      157      248      319      777      580      720      472      540      308      549      631      850      683      579      699      513      480      721      0        715      373      507      633      525      274      125      234      248      682      654      175      245      463      140      736      734      512      230      
22       1137     1235     807      816      903      850      771      293      841      967      776      1023     1219     987      924      839      430      1083     1191     328      976      715      0        903      268      257      1061     976      814      891      856      1349     1215     793      523      964      667      62       804      801      864      
23       268      514      202      485      182      667      1147     660      1094     98       914      391      730      987      1224     1056     578      1044     691      584      1088     373      903      0        780      718      834      293      273      188      132      845      316      198      582      796      513      899      1106     883      548      
24       1039     1021     742      578      731      588      560      372      603      862      515      810      968      723      703      594      489      818      942      327      722      507      268      780      0        380      794      780      623      718      700      1095     1096     626      278      697      426      317      575      536      616      
25       925      1126     586      769      762      856      940      58       980      765      873      924      1178     1066     1083     968      177      1158     1144     153      1087     633      257      718      380      0        1081     857      701      752      703      1311     1015     654      521      991      637      219      955      883      831      
26       1049     580      978      370      655      225      639      1040     510      925      381      489      300      248      605      466      1076     247      305      943      383      525      1061     834      794      1081     0        568      570      647      703      375      1015     658      560      98       453      1104     558      330      298      
27       481      269      481      280      120      446      1000     800      919      371      736      98       437      757      1045     876      761      798      398      705      874      274      976      293      780      857      568      0        162      122      190      554      453      207      517      550      388      990      944      695      317      
28       524      426      410      211      124      393      896      645      831      370      649      224      524      713      961      791      618      771      486      548      816      125      814      273      623      701      570      162      0        110      140      653      533      89       369      525      260      828      848      615      277      
29       419      384      362      309      13       490      1006     695      939      278      757      217      552      810      1069     899      646      862      512      603      917      234      891      188      718      752      647      122      110      0        68       672      422      99       475      613      371      900      958      721      366      
30       387      447      293      352      71       534      1026     645      967      229      786      286      620      854      1097     929      588      911      580      556      956      248      856      132      700      703      703      190      140      68       0        741      409      77       475      664      389      861      982      754      415      
31       980      387      1034     543      673      514      1014     1261     884      913      752      456      133      613      973      840      1260     582      169      1160     745      682      1349     845      1095     1311     375      554      653      672      741      0        905      734      826      457      685      1383     933      700      486      
32       120      519      437      723      409      897      1429     959      1360     250      1177     525      824      1210     1489     1319     859      1250     789      891      1327     654      1215     316      1096     1015     1015     453      533      422      409      905      0        486      884      1004     793      1207     1380     1140     769      
33       461      476      321      295      111      475      951      597      896      296      715      290      607      794      1026     858      554      855      568      504      891      175      793      198      626      654      658      207      89       99       77       734      486      0        398      611      315      800      909      685      363      
34       851      746      612      299      489      337      579      483      555      676      399      536      696      561      681      527      540      649      668      391      610      245      523      582      278      521      560      517      369      475      475      826      884      398      0        469      148      557      553      392      341      
35       1027     608      926      316      623      146      563      951      441      891      294      485      364      211      548      396      994      248      361      856      340      463      964      796      697      991      98       550      525      613      664      457      1004     611      469      0        373      1008     485      242      249      
36       777      602      591      151      385      229      637      592      581      611      403      395      554      513      711      544      622      590      524      493      592      140      667      513      426      637      453      388      260      371      389      685      793      315      148      373      0        698      593      378      199      
37       1124     1252     789      845      911      890      832      262      900      957      830      1042     1252     1040     985      897      395      1135     1222     315      1033     736      62       899      317      219      1104     990      828      900      861      1383     1207     800      557      1008     698      0        864      853      897      
38       1370     1073     1164     663      971      512      83       941      55       1204     209      909      850      331      131      93       1041     402      846      876      231      734      804      1106     575      955      558      944      848      958      982      933      1380     909      553      485      593      864      0        257      634      
39       1140     816      968      417      733      256      328      855      224      982      52       655      605      187      350      181      929      282      597      772      219      512      801      883      536      883      330      695      615      721      754      700      1140     685      392      242      378      853      257      0        381      
40       783      453      681      73       376      128      697      784      606      643      425      274      355      444      730      562      800      496      326      684      557      230      864      548      616      831      298      317      277      366      415      486      769      363      341      249      199      897      634      381      0        
;



Table delta(i,j)                 Distance
         0        1        2        3        4        5        6        7        8        9        10       11       12       13       14       15       16       17       18       19       20       21       22       23       24       25       26       27       28       29       30       31       32       33       34       35       36       37       38       39       40       
0        0        8760     9100     5860     9160     1000     3140     8960     7080     7940     6840     6100     840      9580     6520     1540     3740     4380     12360    2020     9120     13080    11020    5520     1440     13220    4240     9380     10540    11060    5260     9580     7740     4840     13500    4680     10680    13880    12380    4140     10040    
1        8760     0        94       494      118      489      460      403      246      572      331      227      478      797      357      428      482      227      340      346      239      419      117      637      414      466      368      129      111      736      217      284      107      353      246      609      268      606      672      340      797      
2        9100     94       0        560      212      504      506      491      330      645      411      186      491      855      435      460      460      235      430      355      333      511      169      683      445      559      426      222      184      813      200      378      68       417      287      650      361      700      760      315      859      
3        5860     494      560      0        439      309      137      236      270      106      192      495      316      306      159      216      480      377      486      332      356      484      570      205      225      465      137      443      530      274      439      350      509      143      664      206      425      438      328      458      302      
4        9160     118      212      439      0        508      438      303      170      501      255      319      500      746      286      427      542      278      226      381      128      302      132      609      416      348      331      13       91       656      292      171      216      308      229      587      150      491      570      411      740      
5        1000     489      504      309      508      0        172      483      399      409      381      348      15       460      362      105      187      268      664      148      502      697      602      256      107      701      247      519      578      556      309      523      436      279      726      213      581      725      637      241      486      
6        3140     460      506      137      438      172      0        328      289      240      242      401      178      356      215      82       345      289      544      213      392      562      556      177      94       556      111      445      522      397      348      401      445      143      667      150      469      559      465      340      370      
7        8960     403      491      236      303      483      328      0        166      239      113      511      484      509      121      378      612      407      262      433      180      248      432      441      377      231      236      300      388      365      460      149      465      205      492      440      221      252      269      534      489      
8        7080     246      330      270      170      399      289      166      0        332      86       348      395      577      116      302      488      253      264      307      104      303      302      451      295      319      178      173      261      491      299      125      299      148      393      433      183      405      431      388      570      
9        7940     572      645      106      501      409      240      239      332      0        246      596      417      269      216      321      585      478      501      438      399      481      634      249      331      449      237      502      592      172      540      380      599      233      715      267      456      381      235      564      250      
10       6840     331      411      192      255      381      242      113      86       246      0        405      380      496      33       276      500      297      304      320      164      320      387      385      274      320      135      256      346      405      352      162      375      102      473      374      235      365      357      422      487      
11       6100     227      186      495      319      348      401      511      348      596      405      0        333      758      416      335      275      118      542      205      403      611      339      566      319      646      359      332      338      768      56       445      126      364      466      528      459      753      761      130      771      
12       840      478      491      316      500      15       178      484      395      417      380      333      0        474      362      107      175      256      659      135      497      694      591      270      106      700      247      511      568      566      295      519      423      279      716      227      576      727      643      225      500      
13       9580     797      855      306      746      460      356      509      577      269      496      758      474      0        463      426      645      645      771      561      658      750      876      204      441      715      429      750      837      237      705      645      797      444      970      247      721      621      429      684      47       
14       6520     357      435      159      286      362      215      121      116      216      33       416      362      463      0        257      492      304      335      314      198      347      419      353      256      342      115      289      377      378      362      194      395      83       507      343      268      371      344      422      454      
15       1540     428      460      216      427      105      82       378      302      321      276      335      107      426      257      0        263      230      566      135      406      594      533      231      15       597      142      437      505      480      285      423      395      174      652      193      485      620      541      261      444      
16       3740     482      460      480      542      187      345      612      488      585      500      275      175      645      492      263      0        264      739      181      579      789      599      441      255      807      384      555      589      739      266      611      395      411      729      398      653      863      803      145      673      
17       4380     227      235      377      278      268      289      407      253      478      297      118      256      645      304      230      264      0        482      121      328      541      343      460      214      567      241      291      328      650      62       366      168      247      472      424      396      656      649      138      657      
18       12360    340      430      486      226      664      544      262      264      501      304      542      659      771      335      566      739      482      0        563      162      85       291      688      559      145      434      213      255      614      509      143      442      401      284      678      86       321      469      621      751      
19       2020     346      355      332      381      148      213      433      307      438      320      205      135      561      314      135      181      121      563      0        402      610      461      364      120      626      214      393      441      605      162      432      288      236      588      324      477      685      640      127      579      
20       9120     239      333      356      128      502      392      180      104      399      164      403      497      658      198      406      579      328      162      402      0        212      252      548      399      243      280      122      208      542      362      45       323      249      316      533      79       367      444      467      646      
21       13080    419      511      484      302      697      562      248      303      481      320      611      694      750      347      594      789      541      85       610      212      0        376      689      590      62       456      290      340      573      574      178      518      423      366      685      152      244      411      679      725      
22       11020    117      169      570      132      602      556      432      302      634      387      339      591      876      419      533      599      343      291      461      252      376      0        731      520      433      454      133      44       788      334      290      214      434      129      706      243      595      696      457      871      
23       5520     637      683      205      609      256      177      441      451      249      385      566      270      204      353      231      441      460      688      364      548      689      731      0        247      671      278      616      696      340      516      548      621      303      839      43       621      628      479      483      232      
24       1440     414      445      225      416      107      94       377      295      331      274      319      106      441      256      15       255      214      559      120      399      590      520      247      0        594      141      426      492      491      269      418      380      172      640      209      478      622      548      247      458      
25       13220    466      559      465      348      701      556      231      319      449      320      646      700      715      342      597      807      567      145      626      243      62       433      671      594      0        456      336      394      527      605      202      561      423      428      671      198      181      356      705      688      
26       4240     368      426      137      331      247      111      236      178      237      135      359      247      429      115      142      384      241      434      214      280      456      454      278      141      456      0        338      419      409      303      290      372      33       561      257      358      482      426      334      432      
27       9380     129      222      443      13       519      445      300      173      502      256      332      511      750      289      437      555      291      213      393      122      290      133      616      426      336      338      0        89       655      305      164      229      313      223      594      138      482      566      424      743      
28       10540    111      184      530      91       578      522      388      261      592      346      338      568      837      377      505      589      328      255      441      208      340      44       696      492      394      419      89       0        745      325      246      217      396      148      672      202      554      651      449      831      
29       11060    736      813      274      656      556      397      365      491      172      405      768      566      237      378      480      739      650      614      605      542      573      788      340      491      527      409      655      745      0        712      515      769      405      857      374      586      402      198      732      194      
30       5260     217      200      439      292      309      348      460      299      540      352      56       295      705      362      285      266      62       509      162      362      574      334      516      269      605      303      305      325      712      0        403      133      308      463      479      424      705      707      123      717      
31       9580     284      378      350      171      523      401      149      125      380      162      445      519      645      194      423      611      366      143      432      45       178      290      548      418      202      290      164      246      515      403      0        368      258      342      537      76       322      406      504      630      
32       7740     107      68       509      216      436      445      465      299      599      375      126      423      797      395      395      395      168      442      288      323      518      214      621      380      561      372      229      217      769      133      368      0        367      340      587      365      689      730      250      804      
33       4840     353      417      143      308      279      143      205      148      233      102      364      279      444      83       174      411      247      401      236      249      423      434      303      172      423      33       313      396      405      308      258      367      0        537      285      326      453      407      351      444      
34       13500    246      287      664      229      726      667      492      393      715      473      466      716      970      507      652      729      472      284      588      316      366      129      839      640      428      561      223      148      857      463      342      340      537      0        817      274      606      739      586      960      
35       4680     609      650      206      587      213      150      440      433      267      374      528      227      247      343      193      398      424      678      324      533      685      706      43       209      671      257      594      672      374      479      537      587      285      817      0        609      640      501      442      275      
36       10680    268      361      425      150      581      469      221      183      456      235      459      576      721      268      485      653      396      86       477      79       152      243      621      478      198      358      138      202      586      424      76       365      326      274      609      0        352      465      534      705      
37       13880    606      700      438      491      725      559      252      405      381      365      753      727      621      371      620      863      656      321      685      367      244      595      628      622      181      482      482      554      402      705      322      689      453      606      640      352      0        207      786      586      
38       12380    672      760      328      570      637      465      269      431      235      357      761      643      429      344      541      803      649      469      640      444      411      696      479      548      356      426      566      651      198      707      406      730      407      739      501      465      207      0        759      389      
39       4140     340      315      458      411      241      340      534      388      564      422      130      225      684      422      261      145      138      621      127      467      679      457      483      247      705      334      424      449      732      123      504      250      351      586      442      534      786      759      0        704      
40       10040    797      859      302      740      486      370      489      570      250      487      771      500      47       454      444      673      657      751      579      646      725      871      232      458      688      432      743      831      194      717      630      804      444      960      275      705      586      389      704      0        
;

