
sets
i        orders          /0*40/
k        routes          /1*40/
p        positions       /0*40/
;

alias(i,j)
alias(i,h)
alias(i,hh)
alias(i,jj)
alias(k,kk)
                
                    Parameters

rho(i)	Processing time
/
0	0
1	49
2	62
3	42
4	95
5	23
6	38
7	50
8	25
9	24
10	42
11	12
12	66
13	99
14	47
15	58
16	98
17	19
18	62
19	42
20	97
21	91
22	82
23	73
24	9
25	14
26	3
27	66
28	2
29	60
30	96
31	94
32	85
33	51
34	64
35	70
36	15
37	87
38	40
39	98
40	99
/

gamma(i)	Duedate
/
0	0
1	43
2	83
3	83
4	31
5	99
6	45
7	37
8	59
9	79
10	33
11	28
12	51
13	81
14	10
15	39
16	55
17	76
18	9
19	14
20	80
21	59
22	60
23	76
24	80
25	53
26	28
27	71
28	92
29	62
30	26
31	78
32	94
33	10
34	81
35	91
36	67
37	50
38	70
39	60
40	94
/

sigma(i)	Size
/
0	0
1	7
2	3
3	3
4	8
5	9
6	2
7	8
8	2
9	1
10	1
11	5
12	9
13	9
14	9
15	7
16	6
17	5
18	1
19	6
20	4
21	4
22	5
23	2
24	5
25	3
26	9
27	1
28	7
29	7
30	9
31	2
32	8
33	8
34	2
35	9
36	8
37	6
38	2
39	5
40	5
/

epsilon(i)	Priority
/
0	0
1	7
2	4
3	9
4	5
5	2
6	4
7	9
8	5
9	3
10	4
11	8
12	5
13	7
14	7
15	5
16	8
17	7
18	3
19	5
20	3
21	4
22	8
23	9
24	6
25	7
26	5
27	9
28	9
29	8
30	5
31	7
32	2
33	5
34	2
35	1
36	6
37	2
38	7
39	6
40	5
/

psi	Vehicle Capacity
/ 13 /
;

Table kappa(i,j)                 Setup
         0        1        2        3        4        5        6        7        8        9        10       11       12       13       14       15       16       17       18       19       20       21       22       23       24       25       26       27       28       29       30       31       32       33       34       35       36       37       38       39       40       
0        0        515      729      207      858      894      687      338      736      548      227      486      505      1229     282      203      822      1049     200      68       722      785      810      403      1200     795      993      408      671      1010     586      537      292      930      683      706      920      188      619      925      247      
1        515      0        481      654      393      379      451      317      416      534      293      106      333      920      383      423      780      693      673      497      592      871      298      380      940      336      513      138      731      497      423      826      324      471      195      214      407      333      919      490      284      
2        729      481      0        734      774      597      42       737      99       277      612      584      226      500      450      770      357      332      929      758      164      522      494      331      485      738      843      428      410      706      148      675      720      379      385      395      558      572      748      332      518      
3        207      654      734      0        1027     1026     693      538      768      494      399      652      532      1216     310      410      731      1066     311      273      680      649      931      410      1167     964      1158     525      559      1148     585      352      492      1006     791      815      1040     328      424      989      369      
4        858      393      774      1027     0        247      759      553      682      907      633      375      701      1082     776      704      1119     847      973      821      921      1240     303      769      1142     63       137      531      1103     263      772      1219     589      544      389      379      319      699      1313     597      662      
5        894      379      597      1026     247      0        593      652      498      787      670      427      591      843      734      785      954      611      1046     874      757      1102     108      689      910      256      256      500      973      125      635      1148     675      305      252      231      72       711      1238     362      659      
6        687      451      42       693      759      593      0        699      107      247      571      552      184      543      407      729      363      372      887      716      164      514      488      289      526      721      834      390      395      706      108      646      681      394      370      382      559      530      722      351      476      
7        338      317      737      538      553      652      699      0        698      679      170      229      530      1214     417      153      961      996      420      285      803      991      597      498      1219     491      690      310      856      751      632      827      46       789      512      530      698      257      917      806      271      
8        736      416      99       768      682      498      107      698      0        350      591      523      237      517      467      750      457      313      934      757      263      619      396      357      525      649      745      390      503      607      198      749      687      287      295      302      459      565      827      246      506      
9        548      534      277      494      907      787      247      679      350      0        517      610      205      725      280      654      285      599      742      596      186      337      679      181      673      857      1004     417      197      909      158      399      646      635      539      558      768      445      477      596      411      
10       227      293      612      399      633      670      571      170      591      517      0        260      391      1106     248      158      801      902      381      203      655      821      592      337      1098     570      767      212      688      785      491      661      131      738      475      497      701      87       753      743      105      
11       486      106      584      652      375      427      552      229      523      610      260      0        419      1027     418      358      870      799      622      456      687      946      367      443      1047     312      508      193      806      533      515      865      248      567      290      306      469      323      959      589      290      
12       505      333      226      532      701      591      184      530      237      205      391      419      0        727      230      547      450      545      704      532      274      540      483      123      708      652      800      234      402      714      101      562      507      485      339      360      579      346      650      460      293      
13       1229     920      500      1216     1082     843      543      1214     517      725      1106     1027     727      0        948      1264     585      236      1429     1259     539      785      782      828      121      1071     1092     907      751      898      643      1073     1204     538      755      749      775      1072     1121     485      1016     
14       282      383      450      310      776      734      407      417      467      280      248      418      230      948      0        375      564      775      482      321      443      573      634      120      918      717      897      245      441      858      305      446      380      696      490      514      741      168      540      680      148      
15       203      423      770      410      704      785      729      153      750      654      158      358      547      1264     375      0        939      1060     268      140      805      938      719      480      1255     642      842      367      811      891      644      728      115      886      615      636      824      209      814      894      254      
16       822      780      357      731      1119     954      363      961      457      285      801      870      450      585      564      939      0        558      1009     875      199      203      850      464      495      1078     1197     682      183      1064     357      504      930      724      731      744      916      730      540      669      695      
17       1049     693      332      1066     847      611      372      996      313      599      902      799      545      236      775      1060     558      0        1247     1070     435      759      546      659      301      835      864      695      685      676      480      986      990      305      521      514      545      878      1050     250      820      
18       200      673      929      311      973      1046     887      420      934      742      381      622      704      1429     482      268      1009     1247     0        181      920      952      972      603      1400     911      1110     587      849      1156     787      662      384      1115     856      878      1081     373      729      1114     434      
19       68       497      758      273      821      874      716      285      757      596      203      456      532      1259     321      140      875      1070     181      0        764      847      796      440      1236     758      957      405      729      987      620      606      240      933      675      698      905      193      688      932      253      
20       722      592      164      680      921      757      164      803      263      186      655      687      274      539      443      805      199      435      920      764      0        359      652      326      486      880      998      507      256      869      173      551      777      541      532      545      721      596      615      491      551      
21       785      871      522      649      1240     1102     514      991      619      337      821      946      540      785      573      938      203      759      952      847      359      0        995      505      689      1192     1331     752      139      1219     470      351      953      900      862      879      1073     740      362      850      720      
22       810      298      494      931      303      108      488      597      396      679      592      367      483      782      634      719      850      546      972      796      652      995      0        583      839      289      349      407      865      231      527      1042     613      249      146      123      110      624      1131     297      570      
23       403      380      331      410      769      689      289      498      357      181      337      443      123      828      120      480      464      659      603      440      326      505      583      0        797      714      879      250      367      814      184      459      466      607      437      459      684      271      551      583      231      
24       1200     940      485      1167     1142     910      526      1219     525      673      1098     1047     708      121      918      1255     495      301      1400     1236     486      689      839      797      0        1125     1164     909      670      977      616      995      1204     606      792      790      845      1054     1035     548      1002     
25       795      336      738      964      63       256      721      491      649      857      570      312      652      1071     717      642      1078     835      911      758      880      1192     289      714      1125     0        199      473      1054     299      727      1161     526      538      353      347      327      636      1255     587      600      
26       993      513      843      1158     137      256      834      690      745      1004     767      508      800      1092     897      842      1197     864      1110     957      998      1331     349      879      1164     199      0        651      1197     204      861      1335     726      558      468      453      318      830      1428     617      790      
27       408      138      428      525      531      500      390      310      390      417      212      193      234      907      245      367      682      695      587      405      507      752      407      250      909      473      651      0        612      622      334      688      297      528      274      298      517      220      782      530      163      
28       671      731      410      559      1103     973      395      856      503      197      688      806      402      751      441      811      183      685      849      729      256      139      865      367      670      1054     1197     612      0        1092     338      324      820      789      730      747      947      609      370      742      585      
29       1010     497      706      1148     263      125      706      751      607      909      785      533      714      898      858      891      1064     676      1156     987      869      1219     231      814      977      299      204      622      1092     0        755      1273     778      376      377      355      148      830      1363     437      780      
30       586      423      148      585      772      635      108      632      198      158      491      515      101      643      305      644      357      480      787      620      173      470      527      184      616      727      861      334      338      755      0        552      609      478      392      409      612      440      633      442      389      
31       537      826      675      352      1219     1148     646      827      749      399      661      865      562      1073     446      728      504      986      662      606      551      351      1042     459      995      1161     1335     688      324      1273     552      0        782      1031     896      918      1140     573      94       995      583      
32       292      324      720      492      589      675      681      46       687      646      131      248      507      1204     380      115      930      990      384      240      777      953      613      466      1204     526      726      297      820      778      609      782      0        795      519      539      717      216      872      808      236      
33       930      471      379      1006     544      305      394      789      287      635      738      567      485      538      696      886      724      305      1115     933      541      900      249      607      606      538      558      528      789      376      478      1031     795      0        277      260      239      743      1112     60       683      
34       683      195      385      791      389      252      370      512      295      539      475      290      339      755      490      615      731      521      856      675      532      862      146      437      792      353      468      274      730      377      392      896      519      277      0        24       250      495      986      299      437      
35       706      214      395      815      379      231      382      530      302      558      497      306      360      749      514      636      744      514      878      698      545      879      123      459      790      347      453      298      747      355      409      918      539      260      24       0        227      518      1007     286      461      
36       920      407      558      1040     319      72       559      698      459      768      701      469      579      775      741      824      916      545      1081     905      721      1073     110      684      845      327      318      517      947      148      612      1140     717      239      250      227      0        734      1229     298      680      
37       188      333      572      328      699      711      530      257      565      445      87       323      346      1072     168      209      730      878      373      193      596      740      624      271      1054     636      830      220      609      830      440      573      216      743      495      518      734      0        665      741      60       
38       619      919      748      424      1313     1238     722      917      827      477      753      959      650      1121     540      814      540      1050     729      688      615      362      1131     551      1035     1255     1428     782      370      1363     633      94       872      1112     986      1007     1229     665      0        1073     676      
39       925      490      332      989      597      362      351      806      246      596      743      589      460      485      680      894      669      250      1114     932      491      850      297      583      548      587      617      530      742      437      442      995      808      60       299      286      298      741      1073     0        680      
40       247      284      518      369      662      659      476      271      506      411      105      290      293      1016     148      254      695      820      434      253      551      720      570      231      1002     600      790      163      585      780      389      583      236      683      437      461      680      60       676      680      0        
;



Table delta(i,j)                 Distance
         0        1        2        3        4        5        6        7        8        9        10       11       12       13       14       15       16       17       18       19       20       21       22       23       24       25       26       27       28       29       30       31       32       33       34       35       36       37       38       39       40       
0        0        6960     12900    10260    2820     4340     7880     9960     7040     3340     2320     6100     15800    5080     10480    12160    7320     5560     9880     2300     3660     17340    12560    15180    9080     7180     13320    12240    16060    13460    10780    5760     8260     10280    4780     16400    13580    9040     2040     10940    1680     
1        6960     0        322      202      335      130      332      353      378      185      278      278      581      372      308      398      115      73       418      256      386      526      282      536      140      203      333      267      515      354      273      242      384      493      462      613      337      395      314      201      356      
2        12900    322      0        335      582      437      410      327      498      479      547      431      364      559      229      253      280      375      677      534      614      383      126      312      326      324      308      221      211      33       427      414      456      765      675      391      261      668      631      214      626      
3        10260    202      335      0        530      311      521      514      576      368      468      478      678      574      441      518      295      270      348      442      583      363      226      627      63       390      158      146      546      366      95       443      575      440      660      708      187      346      449      121      541      
4        2820     335      582      530      0        220      266      379      213      165      67       183      672      113      423      499      307      262      595      95       57       859      593      647      467      266      669      599      713      607      579      179      277      629      134      702      671      554      226      532      64       
5        4340     130      437      311      220      0        311      374      324      57       156      231      643      284      363      455      171      62       419      131      276      654      411      603      249      210      457      396      613      468      359      195      354      475      353      675      465      385      194      330      230      
6        7880     332      410      521      266      311      0        120      91       296      279      90       409      183      194      247      226      295      726      289      264      764      474      388      465      131      612      521      483      425      603      118      53       786      299      437      592      695      447      463      329      
7        9960     353      327      514      379      374      120      0        207      376      382      196      293      303      98       127      237      340      769      387      384      702      415      268      466      164      575      480      367      334      604      210      145      838      419      322      545      742      538      431      441      
8        7040     378      498      576      213      324      91       207      0        294      246      99       486      108      286      335      286      326      743      264      195      843      554      469      516      195      682      593      573      514      651      136      70       794      215      512      665      707      422      532      277      
9        3340     185      479      368      165      57       296      376      294      0        99       209      656      239      380      469      203      112      452      74       221      710      462      620      306      217      514      451      645      508      414      177      333      500      299      688      521      415      166      386      173      
10       2320     278      547      468      67       156      279      382      246      99       0        189      674      163      410      493      267      204      530      27       125      804      546      644      405      246      611      544      694      574      513      172      302      567      201      704      615      490      176      478      80       
11       6100     278      431      478      183      231      90       196      99       209      189      0        489      128      244      316      192      227      650      199      194      756      471      463      418      109      588      503      537      451      551      37       124      705      246      519      575      616      356      439      245      
12       15800    581      364      678      672      643      409      293      486      656      674      489      0        590      279      187      478      595      993      677      674      719      491      52       651      438      672      583      220      344      774      502      416      1073     701      32       625      974      822      564      734      
13       5080     372      559      574      113      284      183      303      108      239      163      128      590      0        367      430      307      306      688      187      86       875      594      571      511      236      698      617      660      579      636      147      178      730      118      618      690      650      336      552      174      
14       10480    308      229      441      423      363      194      98       286      380      410      244      279      367      0        92       200      315      726      408      439      605      320      240      400      165      487      391      293      237      535      244      233      802      486      312      453      703      546      347      480      
15       12160    398      253      518      499      455      247      127      335      469      493      316      187      430      92       0        292      408      815      494      508      637      367      151      482      252      544      449      242      249      613      322      271      892      546      219      504      793      635      414      558      
16       7320     115      280      295      307      171      226      237      286      203      267      192      478      307      200      292      0        117      532      254      346      567      289      436      239      95       396      311      443      307      377      161      280      604      415      511      384      507      364      247      347      
17       5560     73       375      270      262      62       295      340      326      112      204      227      595      306      315      408      117      0        433      182      314      599      350      553      207      177      407      340      554      406      330      190      343      498      390      627      410      403      256      274      283      
18       9880     418      677      348      595      419      726      769      743      452      530      650      993      688      726      815      532      433      0        503      652      645      575      945      351      610      466      492      888      709      274      614      772      92       723      1025     514      43       393      467      566      
19       2300     256      534      442      95       131      289      387      264      74       27       199      677      187      408      494      254      182      503      0        153      782      528      645      380      243      587      523      688      562      486      177      316      542      229      708      593      464      159      457      100      
20       3660     386      614      583      57       276      264      384      195      221      125      194      674      86       439      508      346      314      652      153      0        906      635      652      520      292      719      646      732      637      635      201      264      683      77       702      718      611      276      580      98       
21       17340    526      383      363      859      654      764      702      843      710      804      756      719      875      605      637      567      599      645      782      906      0        289      670      415      649      204      260      510      389      385      728      815      734      979      740      188      660      810      326      882      
22       12560    282      126      226      593      411      474      415      554      462      546      471      491      594      320      367      289      350      575      528      635      289      0        439      235      362      181      95       328      151      312      446      525      665      704      518      137      571      594      109      626      
23       15180    536      312      627      647      603      388      268      469      620      644      463      52       571      240      151      436      553      945      645      652      670      439      0        601      403      620      531      179      292      723      472      401      1026     684      80       573      927      786      512      707      
24       9080     140      326      63       467      249      465      466      516      306      405      418      651      511      400      482      239      207      351      380      520      415      235      601      0        334      212      175      537      359      139      382      518      438      597      682      231      341      395      126      479      
25       7180     203      324      390      266      210      131      164      195      217      246      109      438      236      165      252      95       177      610      243      292      649      362      403      334      0        487      398      449      346      472      90       184      676      351      470      470      581      383      337      318      
26       13320    333      308      158      669      457      612      575      682      514      611      588      672      698      487      544      396      407      466      587      719      204      181      620      212      487      0        96       499      330      193      556      666      558      795      699      55       475      606      149      687      
27       12240    267      221      146      599      396      521      480      593      451      544      503      583      617      391      449      311      340      492      523      646      260      95       531      175      398      96       0        423      247      222      473      574      584      719      611      73       492      564      66       623      
28       16060    515      211      546      713      613      483      367      573      645      694      537      220      660      293      242      443      554      888      688      732      510      328      179      537      449      499      423      0        180      638      534      512      976      779      235      446      878      807      425      767      
29       13460    354      33       366      607      468      425      334      514      508      574      451      344      579      237      249      307      406      709      562      637      389      151      292      359      346      330      247      180      0        458      436      468      798      697      369      281      700      662      245      653      
30       10780    273      427      95       579      359      603      604      651      414      513      551      774      636      535      613      377      330      274      486      635      385      312      723      139      472      193      222      638      458      0        515      656      366      712      804      240      281      461      213      580      
31       5760     242      414      443      179      195      118      210      136      177      172      37       502      147      244      322      161      190      614      177      201      728      446      472      382      90       556      473      534      436      515      0        158      671      261      532      546      581      331      409      236      
32       8260     384      456      575      277      354      53       145      70       333      302      124      416      178      233      271      280      343      772      316      264      815      525      401      518      184      666      574      512      468      656      158      0        829      285      442      645      739      475      516      341      
33       10280    493      765      440      629      475      786      838      794      500      567      705      1073     730      802      892      604      498      92       542      683      734      665      1026     438      676      558      584      976      798      366      671      829      0        750      1105     607      99       412      558      592      
34       4780     462      675      660      134      353      299      419      215      299      201      246      701      118      486      546      415      390      723      229      77       979      704      684      597      351      795      719      779      697      712      261      285      750      0        727      792      682      339      653      158      
35       16400    613      391      708      702      675      437      322      512      688      704      519      32       618      312      219      511      627      1025     708      702      740      518      80       682      470      699      611      235      369      804      532      442      1105     727      0        651      1006     853      593      764      
36       13580    337      261      187      671      465      592      545      665      521      615      575      625      690      453      504      384      410      514      593      718      188      137      573      231      470      55       73       446      281      240      546      645      607      792      651      0        521      626      138      693      
37       9040     395      668      346      554      385      695      742      707      415      490      616      974      650      703      793      507      403      43       464      611      660      571      927      341      581      475      492      878      700      281      581      739      99       682      1006     521      0        350      462      524      
38       2040     314      631      449      226      194      447      538      422      166      176      356      822      336      546      635      364      256      393      159      276      810      594      786      395      383      606      564      807      662      461      331      475      412      339      853      626      350      0        502      180      
39       10940    201      214      121      532      330      463      431      532      386      478      439      564      552      347      414      247      274      467      457      580      326      109      512      126      337      149      66       425      245      213      409      516      558      653      593      138      462      502      0        557      
40       1680     356      626      541      64       230      329      441      277      173      80       245      734      174      480      558      347      283      566      100      98       882      626      707      479      318      687      623      767      653      580      236      341      592      158      764      693      524      180      557      0        
;

