
sets
i        orders          /0*40/
k        routes          /1*40/
p        positions       /0*40/
;

alias(i,j)
alias(i,h)
alias(i,hh)
alias(i,jj)
alias(k,kk)
                
                    Parameters

rho(i)	Processing time
/
0	0
1	72
2	95
3	92
4	2
5	91
6	19
7	78
8	81
9	19
10	17
11	99
12	6
13	41
14	98
15	61
16	57
17	92
18	37
19	41
20	24
21	72
22	5
23	82
24	95
25	71
26	16
27	27
28	85
29	47
30	29
31	50
32	8
33	99
34	33
35	59
36	6
37	82
38	68
39	38
40	16
/

gamma(i)	Duedate
/
0	0
1	24
2	91
3	31
4	41
5	92
6	74
7	90
8	59
9	13
10	7
11	75
12	59
13	60
14	88
15	41
16	31
17	76
18	11
19	56
20	7
21	67
22	35
23	27
24	14
25	1
26	70
27	71
28	18
29	92
30	32
31	35
32	19
33	37
34	37
35	6
36	41
37	14
38	45
39	16
40	21
/

sigma(i)	Size
/
0	0
1	8
2	8
3	5
4	5
5	5
6	2
7	4
8	3
9	6
10	8
11	9
12	6
13	4
14	2
15	1
16	1
17	5
18	2
19	9
20	6
21	3
22	2
23	3
24	6
25	2
26	6
27	6
28	7
29	6
30	8
31	3
32	2
33	5
34	1
35	2
36	3
37	3
38	2
39	8
40	3
/

epsilon(i)	Priority
/
0	0
1	3
2	7
3	2
4	1
5	6
6	9
7	3
8	6
9	6
10	9
11	9
12	2
13	1
14	5
15	9
16	3
17	4
18	1
19	8
20	6
21	3
22	6
23	3
24	9
25	5
26	3
27	9
28	2
29	8
30	2
31	4
32	6
33	8
34	4
35	4
36	4
37	9
38	3
39	6
40	8
/

psi	Vehicle Capacity
/ 29 /
;

Table kappa(i,j)                 Setup
         0        1        2        3        4        5        6        7        8        9        10       11       12       13       14       15       16       17       18       19       20       21       22       23       24       25       26       27       28       29       30       31       32       33       34       35       36       37       38       39       40       
0        0        522      684      168      468      619      317      888      517      336      781      695      1234     743      981      584      266      1001     878      1056     176      178      536      264      337      686      751      811      950      146      1006     785      158      131      658      446      286      514      427      411      730      
1        522      0        447      437      629      96       381      970      205      191      747      292      744      856      826      396      310      1045     568      580      350      391      388      473      220      862      840      773      832      546      534      488      479      650      256      519      583      186      610      921      398      
2        684      447      0        710      426      454      740      591      649      515      339      725      681      519      379      838      430      638      197      504      590      507      150      455      576      569      489      358      386      602      459      109      745      765      228      327      529      268      439      961      840      
3        168      437      710      0        590      531      150      1011     377      248      872      553      1178     869      1047     420      284      1119     893      1007     120      238      573      370      220      824      872      903      1025     298      959      799      41       286      629      540      427      488      551      560      574      
4        468      629      426      590      0        695      700      422      763      549      338      910      1104     279      570      914      366      533      604      924      497      359      313      221      600      245      284      366      524      327      877      531      604      476      565      116      189      477      41       582      996      
5        619      96       454      531      695      0        464      1010     249      287      775      272      657      905      827      431      399      1077     543      500      447      484      427      556      312      920      885      800      840      638      456      473      573      746      235      582      667      224      681      1016     390      
6        317      381      740      150      700      464      0        1115     260      227      951      425      1121     977      1101     270      352      1216     906      961      203      341      620      480      171      942      975      981      1088     436      915      815      175      436      614      632      555      488      664      707      430      
7        888      970      591      1011     422      1010     1115     0        1139     940      255      1262     1205     144      416      1308     768      120      667      1051     914      777      583      641      997      225      140      243      350      743      1015     648      1026     878      811      484      602      788      462      903      1363     
8        517      205      649      377      763      249      260      1139     0        219      932      178      889      1016     1028     190      401      1224     773      742      347      450      573      569      186      1006     1004     959      1031     592      701      694      415      648      461      665      672      382      736      928      234      
9        336      191      515      248      549      287      227      940      219      0        751      386      929      810      882      368      183      1032     678      759      161      234      404      350      62       793      802      780      873      382      711      587      290      466      391      458      453      260      520      743      453      
10       781      747      339      872      338      775      951      255      932      751      0        1037     958      224      243      1111     599      302      417      799      761      635      359      517      811      311      186      30       189      651      762      393      895      809      564      335      522      561      377      912      1145     
11       695      292      725      553      910      272      425      1262     178      386      1037     0        811      1148     1099     237      561      1337     811      691      524      620      680      731      362      1148     1132     1063     1111     766      658      745      589      826      507      805      837      476      888      1106     121      
12       1234     744      681      1178     1104     657      1121     1205     889      929      958      811      0        1173     825      1040     975      1207     540      183      1079     1069     798      1079     965      1239     1138     963      880      1207     233      584      1220     1349     583      997      1176     724      1113     1591     917      
13       743      856      519      869      279      905      977      144      1016     810      224      1148     1173     0        449      1179     634      262      634      1008     775      637      480      500      866      100      38       231      386      599      968      595      883      734      724      352      457      681      318      772      1244     
14       981      826      379      1047     570      827      1101     416      1028     882      243      1099     825      449      0        1217     763      388      327      695      929      818      480      719      944      545      411      224      66       864      670      361      1076     1027     592      541      746      647      606      1151     1216     
15       584      396      838      420      914      431      270      1308     190      368      1111     237      1040     1179     1217     0        547      1398     964      908      443      571      755      705      314      1159     1170     1139     1218     692      870      885      444      706      651      826      796      570      883      977      181      
16       266      310      430      284      366      399      352      768      401      183      599      561      975      634      763      547      0        866      619      794      166      93       289      169      233      612      628      629      743      241      744      525      316      373      394      283      277      251      337      626      636      
17       1001     1045     638      1119     533      1077     1216     120      1224     1032     302      1337     1207     262      388      1398     866      0        680      1065     1017     882      656      749      1091     345      249      280      327      858      1033     678      1135     996      865      584      717      860      574      1023     1442     
18       878      568      197      893      604      543      906      667      773      678      417      811      540      634      327      964      619      680      0        385      773      701      347      652      736      704      598      423      366      799      352      93       929      962      312      516      724      418      624      1156     932      
19       1056     580      504      1007     924      500      961      1051     742      759      799      691      183      1008     695      908      794      1065     385      0        904      888      616      896      799      1069     974      808      744      1024     50       413      1049     1168     400      816      992      543      932      1408     806      
20       176      350      590      120      497      447      203      914      347      161      761      524      1079     775      929      443      166      1017     773      904      0        138      454      277      162      738      774      791      909      250      855      680      155      307      517      434      356      374      461      586      570      
21       178      391      507      238      359      484      341      777      450      234      635      620      1069     637      818      571      93       882      701      888      138      0        360      138      266      600      637      665      793      154      838      607      260      280      488      302      225      344      322      535      682      
22       536      388      150      573      313      427      620      583      573      404      359      680      798      480      480      755      289      656      347      616      454      360      0        305      466      505      459      387      469      452      567      257      605      614      254      201      386      204      317      815      786      
23       264      473      455      370      221      556      480      641      569      350      517      731      1079     500      719      705      169      749      652      896      277      138      305      0        394      461      502      547      687      149      846      563      386      314      499      182      110      371      184      514      804      
24       337      220      576      220      600      312      171      997      186      62       811      362      965      866      944      314      233      1091     736      799      162      266      466      394      0        845      858      841      935      406      752      646      262      468      443      513      491      318      569      748      415      
25       686      862      569      824      245      920      942      225      1006     793      311      1148     1239     100      545      1159     612      345      704      1069     738      600      505      461      845      0        136      323      483      540      1026     655      833      663      757      343      400      696      278      678      1238     
26       751      840      489      872      284      885      975      140      1004     802      186      1132     1138     38       411      1170     628      249      598      974      774      637      459      502      858      136      0        192      347      608      934      561      887      749      698      345      468      661      324      798      1230     
27       811      773      358      903      366      800      981      243      959      780      30       1063     963      231      224      1139     629      280      423      808      791      665      387      547      841      323      192      0        166      681      771      405      926      838      585      366      551      587      405      938      1171     
28       950      832      386      1025     524      840      1088     350      1031     873      189      1111     880      386      66       1218     743      327      366      744      909      793      469      687      935      483      347      166      0        827      716      387      1052     989      609      505      705      649      562      1102     1226     
29       146      546      602      298      327      638      436      743      592      382      651      766      1207     599      864      692      241      858      799      1024     250      154      452      149      406      540      608      681      827      0        974      709      298      165      623      323      141      485      285      386      819      
30       1006     534      459      959      877      456      915      1015     701      711      762      658      233      968      670      870      744      1033     352      50       855      838      567      846      752      1026     934      771      716      974      0        372      1000     1118     350      768      943      493      884      1358     774      
31       785      488      109      799      531      473      815      648      694      587      393      745      584      595      361      885      525      678      93       413      680      607      257      563      646      655      561      405      387      709      372      0        835      870      237      436      638      328      547      1070     864      
32       158      479      745      41       604      573      175      1026     415      290      895      589      1220     883      1076     444      316      1135     929      1049     155      260      605      386      262      833      887      926      1052     298      1000     835      0        264      669      561      434      528      564      532      604      
33       131      650      765      286      476      746      436      878      648      466      809      826      1349     734      1027     706      373      996      962      1168     307      280      614      314      468      663      749      838      989      165      1118     870      264      0        768      486      287      625      435      279      857      
34       658      256      228      629      565      235      614      811      461      391      564      507      583      724      592      651      394      865      312      400      517      488      254      499      443      757      698      585      609      623      350      237      669      768      0        449      601      144      563      1009     626      
35       446      519      327      540      116      582      632      484      665      458      335      805      997      352      541      826      283      584      516      816      434      302      201      182      513      343      345      366      505      323      768      436      561      486      449      0        213      362      115      643      896      
36       286      583      529      427      189      667      555      602      672      453      522      837      1176     457      746      796      277      717      724      992      356      225      386      110      491      400      468      551      705      141      943      638      434      287      601      213      0        478      148      432      905      
37       514      186      268      488      477      224      488      788      382      260      561      476      724      681      647      570      251      860      418      543      374      344      204      371      318      696      661      587      649      485      493      328      528      625      144      362      478      0        467      872      584      
38       427      610      439      551      41       681      664      462      736      520      377      888      1113     318      606      883      337      574      624      932      461      322      317      184      569      278      324      405      562      285      884      547      564      435      563      115      148      467      0        550      970      
39       411      921      961      560      582      1016     707      903      928      743      912      1106     1591     772      1151     977      626      1023     1156     1408     586      535      815      514      748      678      798      938      1102     386      1358     1070     532      279      1009     643      432      872      550      0        1134     
40       730      398      840      574      996      390      430      1363     234      453      1145     121      917      1244     1216     181      636      1442     932      806      570      682      786      804      415      1238     1230     1171     1226     819      774      864      604      857      626      896      905      584      970      1134     0        
;



Table delta(i,j)                 Distance
         0        1        2        3        4        5        6        7        8        9        10       11       12       13       14       15       16       17       18       19       20       21       22       23       24       25       26       27       28       29       30       31       32       33       34       35       36       37       38       39       40       
0        0        8880     12240    12460    2220     15480    10200    11020    13560    12640    8160     760      6180     6280     12840    12720    1940     10120    6460     3380     4740     10980    4720     12020    14120    3220     11300    15140    9460     2640     4920     8760     2500     9740     10340    6400     5880     12720    5300     2460     5120     
1        8880     0        280      226      494      352      402      115      269      236      316      457      155      389      312      387      398      343      345      565      226      241      440      246      265      330      333      325      189      375      316      20       502      475      345      361      435      201      451      404      363      
2        12240    280      0        104      614      465      256      209      434      429      259      608      319      657      540      132      604      620      350      673      379      62       490      41       342      556      124      240      463      594      388      301      707      755      621      364      696      203      483      521      410      
3        12460    226      104      0        643      361      348      127      332      332      325      625      315      616      446      236      599      548      405      708      385      126      538      66       237      540      223      155      390      582      424      245      704      694      547      421      660      99       536      548      456      
4        2220     494      614      643      0        840      468      591      747      703      379      72       344      424      728      614      207      607      284      72       269      552      161      611      759      263      546      788      557      240      226      492      221      598      617      276      405      673      188      94       214      
5        15480    352      465      361      840      0        693      295      99       148      638      794      507      604      216      597      707      418      688      912      577      475      793      426      123      632      579      277      324      676      668      350      803      585      410      705      660      263      802      753      714      
6        10200    402      256      348      468      693      0        401      639      619      112      491      324      678      712      175      544      724      187      508      336      222      311      284      573      526      133      495      584      549      266      418      630      819      729      192      699      435      292      392      256      
7        11020    115      209      127      591      295      401      0        238      224      342      560      247      500      331      336      511      421      398      660      322      194      515      169      184      445      300      210      263      489      391      130      616      568      420      415      547      86       520      497      433      
8        13560    269      434      332      747      99       639      238      0        49       573      699      422      506      143      566      609      329      613      819      489      430      709      392      122      533      537      293      225      578      586      264      704      497      322      630      562      235      721      662      633      
9        12640    236      429      332      703      148      619      224      49       0        547      654      384      457      118      559      562      286      581      775      449      419      672      388      151      486      525      316      176      530      549      227      655      454      280      598      513      239      684      620      597      
10       8160     316      259      325      379      638      112      342      573      547      0        393      217      566      629      235      435      622      96       429      223      204      237      272      525      414      168      481      489      438      162      331      524      710      628      108      586      396      226      295      165      
11       760      457      608      625      72       794      491      560      699      654      393      0        315      352      669      624      134      539      303      133      240      545      205      600      721      194      554      764      499      168      231      452      157      525      550      299      333      644      234      99       234      
12       6180     155      319      315      344      507      324      247      422      384      217      315      0        361      442      379      287      407      209      414      75       259      287      300      417      237      311      449      285      275      164      158      391      495      413      224      390      330      300      251      213      
13       6280     389      657      616      424      604      678      500      506      457      566      352      361      0        414      737      217      225      520      482      343      605      505      628      584      174      670      701      283      184      440      371      256      173      237      528      56       579      533      394      479      
14       12840    312      540      446      728      216      712      331      143      118      629      669      442      414      0        667      560      206      649      799      495      524      721      499      264      485      627      433      170      526      604      298      643      370      197      664      470      356      738      653      653      
15       12720    387      132      236      614      597      175      336      566      559      235      624      379      737      667      0        648      730      331      664      421      147      469      173      474      612      71       358      576      644      393      407      745      853      732      341      769      335      454      528      400      
16       1940     398      604      599      207      707      544      511      609      562      435      134      287      217      560      648      0        412      363      266      228      543      307      588      650      76       577      721      395      36       280      388      105      391      423      365      200      597      337      191      305      
17       10120    343      620      548      607      418      724      421      329      286      622      539      407      225      206      730      412      0        611      673      431      584      644      583      434      345      675      584      157      376      545      323      475      167      11       623      278      480      666      551      593      
18       6460     345      350      405      284      688      187      398      613      581      96       303      209      520      649      331      363      611      0        333      183      291      141      357      582      356      265      559      495      372      83       355      443      677      618      17       533      463      133      204      70       
19       3380     565      673      708      72       912      508      660      819      775      429      133      414      482      799      664      266      673      333      0        339      611      196      673      830      328      598      855      628      301      286      564      256      655      684      322      458      741      217      162      265      
20       4740     226      379      385      269      577      336      322      489      449      223      240      75       343      495      421      228      431      183      339      0        317      226      365      491      193      351      523      330      223      114      227      328      494      439      194      362      405      244      177      163      
21       10980    241      62       126      552      475      222      194      430      419      204      545      259      605      524      147      543      584      291      611      317      0        430      67       353      496      106      279      429      534      326      261      645      711      586      307      641      214      425      458      350      
22       4720     440      490      538      161      793      311      515      709      672      237      205      287      505      721      469      307      644      141      196      226      430      0        495      696      331      404      691      555      329      124      445      361      675      653      128      502      587      29       116      83       
23       12020    246      41       66       611      426      284      169      392      388      272      600      300      628      499      173      588      583      357      673      365      67       495      0        303      535      157      212      425      575      387      266      691      721      583      373      669      163      490      517      414      
24       14120    265      342      237      759      123      573      184      122      151      525      721      417      584      264      474      650      434      582      830      491      353      696      303      0        578      457      171      303      623      571      268      751      601      429      599      638      140      702      669      614      
25       3220     330      556      540      263      632      526      445      533      486      414      194      237      174      485      612      76       345      356      328      193      496      331      535      578      0        542      655      319      45       273      319      173      345      355      361      177      531      358      221      308      
26       11300    333      124      223      546      579      133      300      537      525      168      554      311      670      627      71       577      675      265      598      351      106      404      157      457      542      0        364      523      574      323      353      674      792      678      276      701      317      392      459      333      
27       15140    325      240      155      788      277      495      210      293      316      481      764      449      701      433      358      721      584      559      855      523      279      691      212      171      655      364      0        438      700      574      338      826      746      581      576      751      124      691      693      608      
28       9460     189      463      390      557      324      584      263      225      176      489      499      285      283      170      576      395      157      495      628      330      429      555      425      303      319      523      438      0        361      442      170      484      309      158      509      338      326      574      483      491      
29       2640     375      594      582      240      676      549      489      578      530      438      168      275      184      526      644      36       376      372      301      223      534      329      575      623      45       574      700      361      0        289      364      128      358      387      376      173      575      358      214      318      
30       4920     316      388      424      226      668      266      391      586      549      162      231      164      440      604      393      280      545      83       286      114      326      124      387      571      273      323      574      442      289      0        322      363      600      553      88       450      466      135      136      49       
31       8760     20       301      245      492      350      418      130      264      227      331      452      158      371      298      407      388      323      355      564      227      261      445      266      268      319      353      338      170      364      322      0        491      454      325      371      418      214      457      403      369      
32       2500     502      707      704      221      803      630      616      704      655      524      157      391      256      643      745      105      475      443      256      328      645      361      691      751      173      674      826      484      128      363      491      0        417      487      443      217      702      391      248      379      
33       9740     475      755      694      598      585      819      568      497      454      710      525      495      173      370      853      391      167      677      655      494      711      675      721      601      345      792      746      309      358      600      454      417      0        175      686      200      635      702      567      642      
34       10340    345      621      547      617      410      729      420      322      280      628      550      413      237      197      732      423      11       618      684      439      586      653      583      429      355      678      581      158      387      553      325      487      175      0        631      289      477      675      561      601      
35       6400     361      364      421      276      705      192      415      630      598      108      299      224      528      664      341      365      623      17       322      194      307      128      373      599      361      276      576      509      376      88       371      443      686      631      0        539      480      118      200      64       
36       5880     435      696      660      405      660      699      547      562      513      586      333      390      56       470      769      200      278      533      458      362      641      502      669      638      177      701      751      338      173      450      418      217      200      289      539      0        628      531      388      485      
37       12720    201      203      99       673      263      435      86       235      239      396      644      330      579      356      335      597      480      463      741      405      214      587      163      140      531      317      124      326      575      466      214      702      635      477      480      628      0        590      578      504      
38       5300     451      483      536      188      802      292      520      721      684      226      234      300      533      738      454      337      666      133      217      244      425      29       490      702      358      392      691      574      358      135      457      391      702      675      118      531      590      0        146      88       
39       2460     404      521      548      94       753      392      497      662      620      295      99       251      394      653      528      191      551      204      162      177      458      116      517      669      221      459      693      483      214      136      403      248      567      561      200      388      578      146      0        135      
40       5120     363      410      456      214      714      256      433      633      597      165      234      213      479      653      400      305      593      70       265      163      350      83       414      614      308      333      608      491      318      49       369      379      642      601      64       485      504      88       135      0        
;

