
sets
i        orders          /0*40/
k        routes          /1*40/
p        positions       /0*40/
;

alias(i,j)
alias(i,h)
alias(i,hh)
alias(i,jj)
alias(k,kk)
                
                    Parameters

rho(i)	Processing time
/
0	0
1	12
2	2
3	16
4	92
5	84
6	16
7	84
8	13
9	54
10	5
11	24
12	84
13	81
14	81
15	60
16	41
17	52
18	83
19	57
20	35
21	19
22	18
23	40
24	58
25	56
26	30
27	27
28	61
29	17
30	4
31	51
32	62
33	33
34	73
35	90
36	83
37	30
38	77
39	17
40	97
/

gamma(i)	Duedate
/
0	0
1	96
2	89
3	14
4	89
5	38
6	72
7	8
8	5
9	32
10	62
11	22
12	72
13	74
14	50
15	57
16	21
17	83
18	33
19	41
20	10
21	36
22	3
23	9
24	8
25	2
26	85
27	28
28	46
29	31
30	39
31	4
32	67
33	87
34	15
35	61
36	95
37	79
38	8
39	67
40	1
/

sigma(i)	Size
/
0	0
1	2
2	7
3	6
4	6
5	6
6	8
7	8
8	1
9	6
10	3
11	3
12	4
13	2
14	2
15	1
16	3
17	6
18	1
19	8
20	8
21	8
22	3
23	2
24	6
25	8
26	7
27	5
28	5
29	7
30	3
31	5
32	7
33	6
34	5
35	2
36	9
37	9
38	2
39	2
40	2
/

epsilon(i)	Priority
/
0	0
1	9
2	5
3	3
4	6
5	2
6	6
7	8
8	5
9	7
10	1
11	7
12	1
13	2
14	5
15	2
16	2
17	2
18	7
19	7
20	1
21	4
22	6
23	6
24	9
25	3
26	4
27	6
28	6
29	5
30	7
31	8
32	7
33	6
34	7
35	6
36	9
37	7
38	4
39	3
40	9
/

psi	Vehicle Capacity
/ 38 /
;

Table kappa(i,j)                 Setup
         0        1        2        3        4        5        6        7        8        9        10       11       12       13       14       15       16       17       18       19       20       21       22       23       24       25       26       27       28       29       30       31       32       33       34       35       36       37       38       39       40       
0        0        894      631      568      1327     1114     1506     1092     878      946      1104     981      1049     997      741      569      1318     953      849      1213     1140     306      476      932      457      1145     911      1139     1355     381      927      663      571      745      1439     1077     624      428      1087     1196     260      
1        894      0        664      328      1110     1041     882      1041     1148     369      1220     374      158      276      820      348      1067     939      673      1422     541      595      540      610      968      449      1125     1344     757      544      770      261      860      954      925      235      680      965      210      489      851      
2        631      664      0        524      708      520      917      506      487      459      608      493      801      574      175      392      693      367      220      789      591      426      227      324      384      647      473      708      770      355      297      619      215      292      823      712      17       396      761      692      407      
3        568      328      524      0        1149     1013     1093     1004     997      505      1132     532      481      496      699      136      1117     875      639      1312     717      282      318      641      721      673      993      1231     949      255      746      112      665      804      1086     535      534      710      531      722      563      
4        1327     1110     708      1149     0        241      619      268      645      742      447      744      1171     860      589      1015     54       386      517      613      632      1130     920      513      954      758      580      581      565      1052     416      1209     776      634      435      993      710      980      1065     760      1079     
5        1114     1041     520      1013     241      0        768      27       409      695      253      708      1131     827      374      876      260      160      378      457      654      947      746      434      719      775      343      402      673      875      274      1089     549      396      598      973      519      747      1042     792      859      
6        1506     882      917      1093     619      768      0        791      1142     589      1021     561      855      615      916      998      567      819      709      1214     378      1224     1030     593      1287     434      1082     1168     150      1139     689      1095     1097     1036     184      667      931      1304     728      393      1319     
7        1092     1041     506      1004     268      27       791      0        381      699      233      713      1134     832      354      867      288      141      373      440      667      931      732      437      694      786      316      382      693      861      271      1082     526      371      622      979      503      722      1047     804      837      
8        878      1148     487      997      645      409      1142     381      0        884      251      910      1277     1015     329      873      669      323      526      338      934      822      681      647      423      1031     65       261      1025     780      482      1100     345      196      987      1163     474      452      1220     1064     622      
9        946      369      459      505      742      695      589      699      884      0        901      35       437      134      562      410      698      619      361      1112     211      649      477      262      837      201      846      1038     444      566      438      522      675      707      585      284      477      845      349      251      801      
10       1104     1220     608      1132     447      253      1021     233      251      901      0        920      1328     1036     433      998      484      283      549      211      893      1004     830      641      660      1008     198      149      926      947      463      1223     540      364      847      1185     599      690      1251     1030     844      
11       981      374      493      532      744      708      561      713      910      35       920      0        429      119      591      440      698      639      385      1131     185      682      513      279      871      166      871      1059     418      601      457      542      708      735      565      265      510      880      333      216      836      
12       1049     158      801      481      1171     1131     855      1134     1277     437      1328     429      0        311      947      505      1124     1044     779      1535     560      753      693      697      1121     445      1249     1459     750      702      868      401      1004     1086     929      192      817      1119     126      472      1008     
13       997      276      574      496      860      827      615      832      1015     134      1036     119      311      0        690      433      814      754      495      1246     265      691      550      396      940      182      979      1173     484      616      573      483      789      834      649      149      591      946      215      228      881      
14       741      820      175      699      589      374      916      354      329      562      433      591      947      690      0        566      585      213      222      615      643      583      397      351      384      725      305      535      779      519      230      793      194      144      792      836      166      407      892      763      490      
15       569      348      392      136      1015     876      998      867      873      410      998      440      505      433      566      0        985      739      503      1181     620      263      205      512      630      596      864      1101     851      198      609      227      550      677      975      508      403      624      522      647      502      
16       1318     1067     693      1117     54       260      567      288      669      698      484      698      1124     814      585      985      0        391      493      658      581      1111     899      478      958      707      603      622      511      1031     396      1174     776      642      384      944      696      984      1016     708      1074     
17       953      939      367      875      386      160      819      141      323      619      283      639      1044     754      213      739      391      0        266      492      628      790      594      360      567      736      265      420      702      722      182      959      391      251      667      903      364      594      968      763      700      
18       849      673      220      639      517      378      709      373      526      361      549      385      779      495      222      503      493      266      0        756      421      619      407      129      577      507      486      680      567      538      106      712      388      362      605      644      230      595      706      543      628      
19       1213     1422     789      1312     613      457      1214     440      338      1112     211      1131     1535     1246     615      1181     658      492      756      0        1104     1157     1001     852      756      1220     323      80       1128     1109     674      1408     679      514      1036     1396     778      785      1460     1241     959      
20       1140     541      591      717      632      654      378      667      934      211      893      185      560      265      643      620      581      628      421      1104     0        850      665      292      975      126      885      1039     232      766      452      727      795      782      385      370      607      987      442      137      972      
21       306      595      426      282      1130     947      1224     931      822      649      1004     682      753      691      583      263      1111     790      619      1157     850      0        212      676      474      845      834      1077     1073     85       714      390      477      645      1175     771      427      458      783      896      290      
22       476      540      227      318      920      746      1030     732      681      477      830      513      693      550      397      205      899      594      407      1001     665      212      0        466      429      679      679      920      879      132      504      424      348      489      969      659      232      425      689      729      331      
23       932      610      324      641      513      434      593      437      647      262      641      279      697      396      351      512      478      360      129      852      292      676      466      0        698      383      603      780      446      591      178      696      512      490      507      545      337      714      611      417      728      
24       457      968      384      721      954      719      1287     694      423      837      660      871      1121     940      384      630      958      567      577      756      975      474      429      698      0        1030     462      683      1144     467      613      833      191      323      1173     1067     367      29       1106     1075     211      
25       1145     449      647      673      758      775      434      786      1031     201      1008     166      445      182      725      596      707      736      507      1220     126      845      679      383      1030     0        986      1153     309      764      556      664      860      869      484      253      664      1039     323      51       1002     
26       911      1125     473      993      580      343      1082     316      65       846      198      871      1249     979      305      864      603      265      486      323      885      834      679      603      462      986      0        242      967      786      432      1091     358      190      924      1128     461      492      1187     1017     652      
27       1139     1344     708      1231     581      402      1168     382      261      1038     149      1059     1459     1173     535      1101     622      420      680      80       1039     1077     920      780      683      1153     242      0        1075     1028     602      1328     600      433      993      1323     697      712      1387     1176     883      
28       1355     757      770      949      565      673      150      693      1025     444      926      418      750      484      779      851      511      702      567      1128     232      1073     879      446      1144     309      967      1075     0        988      557      958      955      905      185      558      784      1160     624      278      1170     
29       381      544      355      255      1052     875      1139     861      780      566      947      601      702      616      519      198      1031     722      538      1109     766      85       132      591      467      764      786      1028     988      0        636      367      436      595      1089     703      358      455      721      815      311      
30       927      770      297      746      416      274      689      271      482      438      463      457      868      573      230      609      396      182      106      674      452      714      504      178      613      556      432      602      557      636      0        818      421      348      561      722      303      634      787      585      693      
31       663      261      619      112      1209     1089     1095     1082     1100     522      1223     542      401      483      793      227      1174     959      712      1408     727      390      424      696      833      664      1091     1328     958      367      818      0        772      904      1107     489      630      822      472      711      674      
32       571      860      215      665      776      549      1097     526      345      675      540      708      1004     789      194      550      776      391      388      679      795      477      348      512      191      860      358      600      955      436      421      772      0        176      982      926      198      213      972      903      313      
33       745      954      292      804      634      396      1036     371      196      707      364      735      1086     834      144      677      642      251      362      514      782      645      489      490      323      869      190      433      905      595      348      904      176      0        899      980      277      352      1035     905      485      
34       1439     925      823      1086     435      598      184      622      987      585      847      565      929      649      792      975      384      667      605      1036     385      1175     969      507      1173     484      924      993      185      1089     561      1107     982      899      0        736      834      1194     805      458      1231     
35       1077     235      712      535      993      973      667      979      1163     284      1185     265      192      149      836      508      944      903      644      1396     370      771      659      545      1067     253      1128     1323     558      703      722      489      926      980      736      0        729      1070     72       280      989      
36       624      680      17       534      710      519      931      503      474      477      599      510      817      591      166      403      696      364      230      778      607      427      232      337      367      664      461      697      784      358      303      630      198      277      834      729      0        380      778      708      397      
37       428      965      396      710      980      747      1304     722      452      845      690      880      1119     946      407      624      984      594      595      785      987      458      425      714      29       1039     492      712      1160     455      634      822      213      352      1194     1070     380      0        1107     1085     187      
38       1087     210      761      531      1065     1042     728      1047     1220     349      1251     333      126      215      892      522      1016     968      706      1460     442      783      689      611      1106     323      1187     1387     624      721      787      472      972      1035     805      72       778      1107     0        346      1016     
39       1196     489      692      722      760      792      393      804      1064     251      1030     216      472      228      763      647      708      763      543      1241     137      896      729      417      1075     51       1017     1176     278      815      585      711      903      905      458      280      708      1085     346      0        1051     
40       260      851      407      563      1079     859      1319     837      622      801      844      836      1008     881      490      502      1074     700      628      959      972      290      331      728      211      1002     652      883      1170     311      693      674      313      485      1231     989      397      187      1016     1051     0        
;



Table delta(i,j)                 Distance
         0        1        2        3        4        5        6        7        8        9        10       11       12       13       14       15       16       17       18       19       20       21       22       23       24       25       26       27       28       29       30       31       32       33       34       35       36       37       38       39       40       
0        0        2020     6020     3920     4560     13940    10180    560      12180    2920     2180     8480     4320     8020     7420     11000    5880     8300     12360    3960     700      12800    8800     4680     6540     6160     2920     6320     10220    12320    1880     8640     7920     1760     8040     8060     11160    10700    8760     9320     3600     
1        2020     0        203      247      149      765      505      128      677      70       73       506      272      444      467      513      393      430      624      292      71       662      394      317      293      214      243      410      588      685      83       514      493      160      415      503      598      559      444      446      86       
2        6020     203      0        435      204      951      610      324      865      206      251      704      461      612      645      558      595      567      737      495      274      795      434      519      379      163      446      613      783      872      271      713      672      332      551      704      756      700      570      530      120      
3        3920     247      435      0        267      519      344      201      431      229      184      276      26       205      429      434      249      235      438      147      194      449      354      120      238      363      152      232      349      438      166      284      446      268      225      350      362      344      265      328      330      
4        4560     149      204      267      0        766      408      256      682      82       121      544      293      418      598      380      483      364      535      373      192      591      256      375      178      96       338      484      612      688      143      552      622      305      347      593      556      496      365      333      160      
5        13940    765      951      519      766      0        512      691      88       745      703      291      493      351      682      688      492      448      460      520      706      365      704      469      646      854      575      437      200      81       685      284      678      741      462      464      266      363      474      589      849      
6        10180    505      610      344      408      512      0        525      457      444      432      457      342      233      763      176      557      119      127      479      489      205      219      429      231      460      496      517      463      459      431      460      777      594      123      630      246      150      82       92       557      
7        560      128      324      201      256      691      525      0        602      175      137      413      219      406      343      573      272      428      632      183      64       650      465      224      350      336      128      298      501      610      120      421      368      69       415      380      562      545      452      486      203      
8        12180    677      865      431      682      88       457      602      0        658      615      207      405      273      608      631      410      379      424      432      617      339      636      380      569      771      487      354      118      8        597      200      605      652      391      392      218      313      409      527      761      
9        2920     70       206      229      82       745      444      175      658      0        49       502      255      409      518      443      416      379      567      309      111      611      323      321      225      163      268      424      578      665      72       510      542      222      363      527      558      511      389      380      116      
10       2180     73       251      184      121      703      432      137      615      49       0        454      210      374      476      451      367      356      551      259      75       588      336      272      228      210      220      375      532      623      23       462      500      193      341      478      526      485      371      377      147      
11       8480     506      704      276      544      291      457      413      207      502      454      0        250      224      409      611      203      345      482      233      439      432      574      190      478      639      289      146      92       215      433      8        409      455      349      206      297      356      383      496      592      
12       4320     272      461      26       293      493      342      219      405      255      210      250      0        186      424      442      235      229      430      140      217      435      368      103      255      389      154      213      322      412      192      258      440      283      220      332      343      331      261      333      356      
13       8020     444      612      205      418      351      233      406      273      409      374      224      186      0        561      389      345      122      275      292      398      256      369      233      296      504      328      297      242      278      360      228      570      470      129      403      156      157      159      275      521      
14       7420     467      645      429      598      682      763      343      608      518      476      409      424      561      0        863      218      645      835      284      407      812      774      334      655      679      282      272      490      616      456      414      27       314      639      220      687      717      681      757      529      
15       11000    513      558      434      380      688      176      573      631      443      451      611      442      389      863      0        676      267      264      581      522      362      124      543      223      395      582      645      629      634      459      615      881      639      261      763      422      325      230      115      541      
16       5880     393      595      249      483      492      557      272      410      416      367      203      235      345      218      676      0        438      620      110      321      594      603      133      488      576      149      57       292      418      344      209      225      292      434      111      469      501      475      564      475      
17       8300     430      567      235      364      448      119      428      379      379      356      345      229      122      645      267      438      0        204      363      402      232      256      311      207      436      384      397      363      383      350      349      658      497      16       511      200      132      38       153      495      
18       12360    624      737      438      535      460      127      632      424      567      551      482      430      275      835      264      620      204      0        558      603      102      339      503      358      588      584      573      463      424      548      483      845      701      216      676      207      126      181      216      681      
19       3960     292      495      147      373      520      479      183      432      309      259      233      140      292      284      581      110      363      558      0        221      549      500      60       383      467      56       118      324      441      236      242      300      222      356      220      437      448      397      473      377      
20       700      71       274      194      192      706      489      64       617      111      75       439      217      398      407      522      321      402      603      221      0        630      410      249      299      272      172      339      523      625      63       447      432      118      388      431      554      525      421      442      155      
21       12800    662      795      449      591      365      205      650      339      611      588      432      435      256      812      362      594      232      102      549      630      0        424      490      421      655      583      542      396      338      581      431      819      717      248      635      135      105      225      297      727      
22       8800     394      434      354      256      704      219      465      636      323      336      574      368      369      774      124      603      256      339      500      410      424      0        471      118      272      492      580      610      640      347      580      794      528      244      700      447      358      230      126      416      
23       4680     317      519      120      375      469      429      224      380      321      272      190      103      233      334      543      133      311      503      60       249      490      471      0        358      471      107      112      277      388      250      198      347      272      306      230      377      390      347      431      403      
24       6540     293      379      238      178      646      231      350      569      225      228      478      255      296      655      223      488      207      358      383      299      421      118      358      0        233      373      469      526      574      235      485      675      415      191      588      408      334      198      156      333      
25       6160     214      163      363      96       854      460      336      771      163      210      639      389      504      679      395      576      436      588      467      272      655      272      471      233      0        430      579      706      778      233      647      704      374      419      687      634      566      431      375      184      
26       2920     243      446      152      338      575      496      128      487      268      220      289      154      328      282      582      149      384      584      56       172      583      492      107      373      430      0        170      380      495      197      298      302      166      375      260      479      480      415      479      326      
27       6320     410      613      232      484      437      517      298      354      424      375      146      213      297      272      645      57       397      573      118      339      542      580      112      469      579      170      0        237      362      352      153      278      328      395      119      415      451      436      531      495      
28       10220    588      783      349      612      200      463      501      118      578      532      92       322      242      490      629      292      363      463      324      523      396      610      277      526      706      380      237      0        126      512      84       488      546      371      276      261      339      398      516      673      
29       12320    685      872      438      688      81       459      610      8        665      623      215      412      278      616      634      418      383      424      441      625      338      640      388      574      778      495      362      126      0        605      208      613      661      395      400      219      314      412      530      768      
30       1880     83       271      166      143      685      431      120      597      72       23       433      192      360      456      459      344      350      548      236      63       581      347      250      235      233      197      352      512      605      0        441      479      181      335      455      514      477      367      380      164      
31       8640     514      713      284      552      284      460      421      200      510      462      8        258      228      414      615      209      349      483      242      447      431      580      198      485      647      298      153      84       208      441      0        414      464      353      209      296      357      387      500      600      
32       7920     493      672      446      622      678      777      368      605      542      500      409      440      570      27       881      225      658      845      300      432      819      794      347      675      704      302      278      488      613      479      414      0        340      653      214      693      727      695      773      556      
33       1760     160      332      268      305      741      594      69       652      222      193      455      283      470      314      639      292      497      701      222      118      717      528      272      415      374      166      328      546      661      181      464      340      0        484      392      626      612      521      554      215      
34       8040     415      551      225      347      462      123      415      391      363      341      349      220      129      639      261      434      16       216      356      388      248      244      306      191      419      375      395      371      395      335      353      653      484      0        511      216      149      41       146      479      
35       8060     503      704      350      593      464      630      380      392      527      478      206      332      403      220      763      111      511      676      220      431      635      700      230      588      687      260      119      276      400      455      209      214      392      511      0        502      551      550      649      584      
36       11160    598      756      362      556      266      246      562      218      558      526      297      343      156      687      422      469      200      207      437      554      135      447      377      408      634      479      415      261      219      514      296      693      626      216      502      0        97       217      327      672      
37       10700    559      700      344      496      363      150      545      313      511      485      356      331      157      717      325      501      132      126      448      525      105      358      390      334      566      480      451      339      314      477      357      727      612      149      551      97       0        135      234      627      
38       8760     444      570      265      365      474      82       452      409      389      371      383      261      159      681      230      475      38       181      397      421      225      230      347      198      431      415      436      398      412      367      387      695      521      41       550      217      135      0        119      505      
39       9320     446      530      328      333      589      92       486      527      380      377      496      333      275      757      115      564      153      216      473      442      297      126      431      156      375      479      531      516      530      380      500      773      554      146      649      327      234      119      0        489      
40       3600     86       120      330      160      849      557      203      761      116      147      592      356      521      529      541      475      495      681      377      155      727      416      403      333      184      326      495      673      768      164      600      556      215      479      584      672      627      505      489      0        
;

