
sets
i        orders          /0*40/
k        routes          /1*40/
p        positions       /0*40/
;

alias(i,j)
alias(i,h)
alias(i,hh)
alias(i,jj)
alias(k,kk)
                
                    Parameters

rho(i)	Processing time
/
0	0
1	79
2	57
3	49
4	62
5	40
6	12
7	73
8	84
9	54
10	8
11	90
12	80
13	74
14	60
15	43
16	22
17	80
18	98
19	85
20	95
21	53
22	87
23	72
24	80
25	49
26	75
27	55
28	60
29	93
30	29
31	57
32	74
33	65
34	42
35	80
36	1
37	34
38	61
39	21
40	73
/

gamma(i)	Duedate
/
0	0
1	64
2	25
3	95
4	96
5	5
6	52
7	69
8	35
9	86
10	63
11	10
12	45
13	29
14	96
15	29
16	59
17	26
18	18
19	92
20	95
21	62
22	27
23	9
24	69
25	37
26	55
27	44
28	42
29	81
30	3
31	7
32	27
33	53
34	78
35	85
36	43
37	21
38	72
39	37
40	55
/

sigma(i)	Size
/
0	0
1	6
2	3
3	8
4	5
5	1
6	6
7	4
8	5
9	2
10	2
11	6
12	6
13	6
14	2
15	6
16	2
17	8
18	8
19	8
20	3
21	7
22	8
23	8
24	9
25	5
26	7
27	8
28	5
29	9
30	4
31	4
32	1
33	8
34	7
35	4
36	6
37	5
38	2
39	3
40	7
/

epsilon(i)	Priority
/
0	0
1	2
2	3
3	5
4	7
5	7
6	6
7	5
8	5
9	5
10	5
11	1
12	5
13	5
14	4
15	1
16	5
17	9
18	1
19	7
20	8
21	1
22	3
23	2
24	7
25	9
26	2
27	1
28	9
29	6
30	8
31	6
32	6
33	8
34	8
35	7
36	2
37	5
38	3
39	2
40	4
/

psi	Vehicle Capacity
/ 15 /
;

Table kappa(i,j)                 Setup
         0        1        2        3        4        5        6        7        8        9        10       11       12       13       14       15       16       17       18       19       20       21       22       23       24       25       26       27       28       29       30       31       32       33       34       35       36       37       38       39       40       
0        0        516      498      317      602      89       818      453      792      472      506      806      572      141      203      520      534      162      289      793      498      501      392      797      462      569      223      496      645      414      783      734      299      402      660      274      608      549      489      367      739      
1        516      0        207      408      147      516      427      140      315      87       73       361      214      424      446      96       520      378      403      276      239      634      525      353      145      243      583      149      354      342      362      439      342      339      244      471      385      201      86       502      225      
2        498      207      0        520      352      463      630      316      496      271      274      310      75       368      512      300      683      336      505      386      32       769      648      547      72       446      480      342      176      495      285      645      449      487      167      345      581      54       121      620      367      
3        317      408      520      0        412      387      549      278      579      326      355      767      574      359      117      352      223      329      28       652      539      251      127      559      453      321      520      301      696      118      762      439      71       109      637      506      308      552      438      99       584      
4        602      147      352      412      0        620      279      150      190      133      104      431      348      535      485      83       457      488      418      246      385      597      507      211      293      136      705      114      485      313      447      303      362      315      351      605      279      339      234      490      174      
5        89       516      463      387      620      0        856      477      811      487      519      773      538      96       280      536      609      138      359      789      457      587      474      824      438      607      136      522      594      473      747      784      357      460      629      193      663      516      475      448      741      
6        818      427      630      549      279      856      0        386      186      397      376      637      617      782      655      350      466      735      568      382      663      629      590      110      573      249      958      341      748      430      667      150      530      440      600      872      258      612      513      586      331      
7        453      140      316      278      150      477      386      0        338      53       77       501      344      397      338      75       380      350      278      376      345      494      388      346      244      147      572      45       482      202      503      351      219      199      385      488      268      327      202      366      309      
8        792      315      496      579      190      811      186      338      0        323      292      454      467      724      664      274      566      677      589      196      528      723      654      75       452      260      892      297      588      467      486      301      538      473      433      786      355      466      392      642      152      
9        472      87       271      326      133      487      397      53       323      0        34       448      294      401      376      50       433      354      324      335      301      547      439      342      201      177      572      71       432      255      450      381      263      252      332      476      310      277      153      417      273      
10       506      73       274      355      104      519      376      77       292      34       0        426      287      432      409      26       450      385      355      302      305      570      466      315      206      172      601      76       427      278      431      372      294      276      316      502      312      273      153      444      239      
11       806      361      310      767      431      773      637      501      454      448      426      0        235      679      789      440      875      645      760      261      320      995      886      528      345      566      784      499      237      703      46       718      698      701      145      645      710      257      335      862      306      
12       572      214      75       574      348      538      617      344      467      294      287      235      0        443      576      311      721      410      561      333      88       818      700      525      122      458      553      361      140      535      211      649      502      530      92       416      600      23       142      673      327      
13       141      424      368      359      535      96       782      397      724      401      432      679      443      0        270      451      581      47       331      695      364      585      464      742      342      534      177      442      506      425      653      721      314      412      534      152      605      421      379      436      649      
14       203      446      512      117      485      280      655      338      664      376      409      789      576      270      0        413      331      251      92       711      524      315      196      654      453      416      415      371      683      228      778      553      127      217      650      423      423      553      454      168      647      
15       520      96       300      352      83       536      350      75       274      50       26       440      311      451      413      0        434      404      354      300      331      559      458      293      233      146      622      58       451      267      448      345      294      267      336      525      289      298      179      438      234      
16       534      520      683      223      457      609      466      380      566      433      450      875      721      581      331      434      0        549      251      699      708      163      162      519      611      324      743      375      856      189      881      322      273      197      765      726      214      702      579      176      627      
17       162      378      336      329      488      138      735      350      677      354      385      645      410      47       251      404      549      0        302      651      335      564      441      695      304      488      223      395      483      386      621      677      278      373      499      177      563      387      337      412      604      
18       289      403      505      28       418      359      568      278      589      324      355      760      561      331      92       354      251      302      0        654      523      272      147      573      439      334      491      305      681      138      753      461      61       127      627      479      331      539      429      118      587      
19       793      276      386      652      246      789      382      376      196      335      302      261      333      695      711      300      699      651      654      0        413      842      752      272      368      374      843      351      429      558      297      482      595      560      272      719      505      341      318      734      71       
20       498      239      32       539      385      457      663      345      528      301      305      320      88       364      524      331      708      335      523      413      0        789      667      579      100      477      466      372      159      519      290      677      468      511      180      328      611      73       153      639      397      
21       501      634      769      251      597      587      629      494      723      547      570      995      818      585      315      559      163      564      272      842      789      0        125      680      699      471      723      501      945      292      996      485      322      294      874      738      375      797      678      154      771      
22       392      525      648      127      507      474      590      388      654      439      466      886      700      464      196      458      162      441      147      752      667      125      0        622      580      394      610      403      824      193      884      458      199      192      760      616      333      678      562      29       682      
23       797      353      547      559      211      824      110      346      75       342      315      528      525      742      654      293      519      695      573      272      579      680      622      0        496      238      914      302      651      442      559      233      526      450      499      817      305      522      435      613      223      
24       462      145      72       453      293      438      573      244      452      201      206      345      122      342      453      233      611      304      439      368      100      699      580      496      0        377      476      272      246      423      328      579      381      416      201      350      510      100      60       552      337      
25       569      243      446      321      136      607      249      147      260      177      172      566      458      534      416      146      324      488      334      374      477      471      394      238      377      0        711      107      598      207      579      204      288      213      476      634      145      445      325      382      302      
26       223      583      480      520      705      136      958      572      892      572      601      784      553      177      415      622      743      223      491      843      466      723      610      914      476      711      0        618      578      597      751      899      484      585      645      141      782      534      525      584      804      
27       496      149      342      301      114      522      341      45       297      71       76       499      361      442      371      58       375      395      305      351      372      501      403      302      272      107      618      0        501      210      506      312      248      210      392      532      239      346      223      383      282      
28       645      354      176      696      485      594      748      482      588      432      427      237      140      506      683      451      856      483      681      429      159      945      824      651      246      598      578      501      0        668      193      788      625      662      157      437      740      155      279      796      439      
29       414      342      495      118      313      473      430      202      467      255      278      703      535      425      228      267      189      386      138      558      519      292      193      442      423      207      597      210      668      0        705      324      115      12       585      558      195      516      393      177      488      
30       783      362      285      762      447      747      667      503      486      450      431      46       211      653      778      448      881      621      753      297      290      996      884      559      328      579      751      506      193      705      0        740      693      702      127      611      725      233      325      859      335      
31       734      439      645      439      303      784      150      351      301      381      372      718      649      721      553      345      322      677      461      482      677      485      458      233      579      204      899      312      788      324      740      0        436      336      653      832      130      639      524      459      419      
32       299      342      449      71       362      357      530      219      538      263      294      698      502      314      127      294      273      278      61       595      468      322      199      526      381      288      484      248      625      115      693      436      0        103      566      453      309      480      368      171      528      
33       402      339      487      109      315      460      440      199      473      252      276      701      530      412      217      267      197      373      127      560      511      294      192      450      416      213      585      210      662      12       702      336      103      0        580      546      207      510      388      174      490      
34       660      244      167      637      351      629      600      385      433      332      316      145      92       534      650      336      765      499      627      272      180      874      760      499      201      476      645      392      157      585      127      653      566      580      0        508      622      113      198      734      283      
35       274      471      345      506      605      193      872      488      786      476      502      645      416      152      423      525      726      177      479      719      328      738      616      817      350      634      141      532      437      558      611      832      453      546      508      0        726      398      404      587      685      
36       608      385      581      308      279      663      258      268      355      310      312      710      600      605      423      289      214      563      331      505      611      375      333      305      510      145      782      239      740      195      725      130      309      207      622      726      0        585      463      331      434      
37       549      201      54       552      339      516      612      327      466      277      273      257      23       421      553      298      702      387      539      341      73       797      678      522      100      445      534      346      155      516      233      639      480      510      113      398      585      0        124      651      330      
38       489      86       121      438      234      475      513      202      392      153      153      335      142      379      454      179      579      337      429      318      153      678      562      435      60       325      525      223      279      393      325      524      368      388      198      404      463      124      0        537      281      
39       367      502      620      99       490      448      586      366      642      417      444      862      673      436      168      438      176      412      118      734      639      154      29       613      552      382      584      383      796      177      859      459      171      174      734      587      331      651      537      0        664      
40       739      225      367      584      174      741      331      309      152      273      239      306      327      649      647      234      627      604      587      71       397      771      682      223      337      302      804      282      439      488      335      419      528      490      283      685      434      330      281      664      0        
;



Table delta(i,j)                 Distance
         0        1        2        3        4        5        6        7        8        9        10       11       12       13       14       15       16       17       18       19       20       21       22       23       24       25       26       27       28       29       30       31       32       33       34       35       36       37       38       39       40       
0        0        416      740      600      80       268      445      187      196      246      317      441      583      239      676      337      105      140      513      207      520      302      215      209      376      483      109      244      311      173      430      401      237      216      579      149      253      177      507      280      331      
1        416      0        340      603      369      262      507      245      609      418      404      378      572      292      266      147      466      276      507      449      507      661      204      612      243      281      323      216      423      280      515      25       635      546      252      553      638      324      96       205      376      
2        740      340      0        673      703      598      653      555      936      756      611      670      640      552      84       479      767      601      794      712      790      936      540      917      552      538      636      557      754      579      673      363      936      822      208      861      931      665      244      543      574      
3        600      603      673      0        643      729      154      507      726      811      285      915      33       401      675      684      526      560      1031     403      1034     534      593      616      789      866      525      663      861      481      174      616      612      474      476      597      582      700      610      690      281      
4        80       369      703      643      0        190      492      172      244      176      358      361      623      255      634      270      183      111      437      269      443      382      164      284      299      405      119      174      237      176      480      350      313      294      559      226      331      97       463      208      365      
5        268      262      598      729      190      0        593      224      420      158      459      193      703      330      519      119      363      186      301      418      305      569      135      474      109      215      243      67       163      258      588      238      503      471      503      416      521      98       355      57       451      
6        445      507      653      154      492      593      0        368      573      663      136      784      143      262      636      563      371      416      893      248      898      399      459      468      663      749      376      529      716      338      27       515      466      326      445      445      439      555      535      559      142      
7        187      245      555      507      172      224      368      0        383      312      235      416      483      106      494      218      221      62       525      219      529      417      93       368      303      401      81       162      355      40       364      235      390      304      393      310      393      197      328      195      227      
8        196      609      936      726      244      420      573      383      0        324      465      552      716      421      871      513      208      335      585      326      594      266      405      134      527      630      303      418      388      365      551      592      158      258      773      129      194      322      701      449      489      
9        246      418      756      811      176      158      663      312      324      0        528      228      790      413      678      278      352      253      271      445      279      535      252      417      237      325      287      205      67       332      653      394      447      461      652      367      473      116      512      212      530      
10       317      404      611      285      358      459      136      235      465      528      0        651      266      130      578      438      257      280      759      141      763      346      326      378      534      625      240      396      580      202      129      407      384      245      406      343      365      419      450      428      37       
11       441      378      670      915      361      193      784      416      552      228      651      0        889      521      586      243      543      379      129      610      129      743      325      635      136      140      435      254      170      451      780      354      665      654      629      580      687      264      450      225      641      
12       583      572      640      33       623      703      143      483      716      790      266      889      0        378      642      655      514      538      1005     391      1008     535      567      611      761      837      505      637      838      458      167      585      608      469      443      589      579      678      577      663      259      
13       239      292      552      401      255      330      262      106      421      413      130      521      378      0        505      309      223      160      631      162      635      385      196      371      404      496      137      267      460      81       259      291      386      270      365      320      379      300      356      298      120      
14       676      266      84       675      634      519      636      494      871      678      578      586      642      505      0        400      711      536      710      666      706      890      470      861      469      454      575      481      673      521      653      288      881      774      199      804      879      590      171      465      542      
15       337      147      479      684      270      119      563      218      513      278      438      243      655      309      400      0        414      213      371      436      371      620      132      545      108      186      273      95       277      258      564      122      572      512      396      485      583      200      236      68       421      
16       105      466      767      526      183      363      371      221      208      352      257      543      514      223      711      414      0        201      619      122      626      207      283      149      469      575      144      328      417      190      351      455      170      111      587      96       172      278      549      366      281      
17       140      276      601      560      111      186      416      62       335      253      280      379      538      160      536      213      201      0        479      233      484      407      81       339      280      383      61       134      301      79       409      261      364      300      449      279      372      140      366      172      279      
18       513      507      794      1031     437      301      893      525      585      271      759      129      1005     631      710      371      619      479      0        701      9        806      437      687      265      257      530      368      204      556      888      483      717      729      759      639      745      348      579      344      752      
19       207      449      712      403      269      418      248      219      326      445      141      610      391      162      666      436      122      233      701      0        707      224      306      237      513      615      175      367      506      179      229      445      245      112      517      202      229      352      517      404      171      
20       520      507      790      1034     443      305      898      529      594      279      763      129      1008     635      706      371      626      484      9        707      0        814      441      695      265      253      535      371      211      560      892      483      725      736      758      646      753      354      577      347      756      
21       302      661      936      534      382      569      399      417      266      535      346      743      535      385      890      620      207      407      806      224      814      0        488      132      675      782      348      535      602      381      373      653      109      115      741      168      72       480      736      573      382      
22       215      204      540      593      164      135      459      93       405      252      326      325      567      196      470      132      283      81       437      306      441      488      0        419      211      309      140      70       283      131      455      187      445      380      407      359      454      139      299      102      316      
23       209      612      917      616      284      474      468      368      134      417      378      635      611      371      861      545      149      339      687      237      695      132      419      0        584      690      288      453      484      339      444      600      30       142      736      60       61       379      697      489      409      
24       376      243      552      789      299      109      663      303      527      237      534      136      761      404      469      108      469      280      265      513      265      675      211      584      0        106      340      145      211      342      662      218      612      575      495      525      629      206      321      109      521      
25       483      281      538      866      405      215      749      401      630      325      625      140      837      496      454      186      575      383      257      615      253      782      309      690      106      0        444      249      284      440      751      261      719      681      522      631      736      312      335      211      608      
26       109      323      636      525      119      243      376      81       303      287      240      435      505      137      575      273      144      61       530      175      535      348      140      288      340      444      0        195      342      64       365      311      312      239      470      229      317      182      409      232      245      
27       244      216      557      663      174      67       529      162      418      205      396      254      637      267      481      95       328      134      368      367      371      535      70       453      145      249      195      0        224      198      525      194      481      432      447      393      494      108      312      38       386      
28       311      423      754      861      237      163      716      355      388      67       580      170      838      460      673      277      417      301      204      506      211      602      283      484      211      284      342      224      0        380      707      398      514      527      667      434      541      161      514      220      580      
29       173      280      579      481      176      258      338      40       365      332      202      451      458      81       521      258      190      79       556      179      560      381      131      339      342      440      64       198      380      0        331      272      360      267      407      282      360      219      359      233      199      
30       430      515      673      174      480      588      27       364      551      653      129      780      167      259      653      564      351      409      888      229      892      373      455      444      662      751      365      525      707      331      0        522      441      302      464      423      413      546      548      557      143      
31       401      25       363      616      350      238      515      235      592      394      407      354      585      291      288      122      455      261      483      445      483      653      187      600      218      261      311      194      398      272      522      0        624      539      276      540      628      302      118      181      382      
32       237      635      936      612      313      503      466      390      158      447      384      665      608      386      881      572      170      364      717      245      725      109      445      30       612      719      312      481      514      360      441      624      0        141      752      87       37       408      719      517      416      
33       216      546      822      474      294      471      326      304      258      461      245      654      469      270      774      512      111      300      729      112      736      115      380      142      575      681      239      432      527      267      302      539      141      0        629      130      119      389      621      470      279      
34       579      252      208      476      559      503      445      393      773      652      406      629      443      365      199      396      587      449      759      517      758      741      407      736      495      522      470      447      667      407      464      276      752      629      0        684      742      545      189      447      369      
35       149      553      861      597      226      416      445      310      129      367      343      580      589      320      804      485      96       279      639      202      646      168      359      60       525      631      229      393      434      282      423      540      87       130      684      0        107      322      639      429      371      
36       253      638      931      582      331      521      439      393      194      473      365      687      579      379      879      583      172      372      745      229      753      72       454      61       629      736      317      494      541      360      413      628      37       119      742      107      0        428      719      531      398      
37       177      324      665      700      97       98       555      197      322      116      419      264      678      300      590      200      278      140      348      352      354      480      139      379      206      312      182      108      161      219      546      302      408      389      545      322      428      0        420      132      419      
38       507      96       244      610      463      355      535      328      701      512      450      450      577      356      171      236      549      366      579      517      577      736      299      697      321      335      409      312      514      359      548      118      719      621      189      639      719      420      0        299      418      
39       280      205      543      690      208      57       559      195      449      212      428      225      663      298      465      68       366      172      344      404      347      573      102      489      109      211      232      38       220      233      557      181      517      470      447      429      531      132      299      0        416      
40       331      376      574      281      365      451      142      227      489      530      37       641      259      120      542      421      281      279      752      171      756      382      316      409      521      608      245      386      580      199      143      382      416      279      369      371      398      419      418      416      0        
;

