
sets
i        orders          /0*40/
k        routes          /1*40/
p        positions       /0*40/
;

alias(i,j)
alias(i,h)
alias(i,hh)
alias(i,jj)
alias(k,kk)
                
                    Parameters

rho(i)	Processing time
/
0	0
1	63
2	45
3	9
4	43
5	45
6	25
7	39
8	44
9	23
10	33
11	6
12	53
13	30
14	52
15	14
16	86
17	64
18	76
19	30
20	22
21	1
22	34
23	16
24	76
25	33
26	85
27	85
28	30
29	24
30	39
31	20
32	68
33	84
34	13
35	17
36	17
37	86
38	93
39	73
40	77
/

gamma(i)	Duedate
/
0	0
1	74
2	92
3	62
4	38
5	40
6	18
7	11
8	18
9	10
10	77
11	8
12	5
13	49
14	72
15	95
16	18
17	88
18	23
19	75
20	52
21	9
22	26
23	19
24	70
25	30
26	55
27	48
28	43
29	91
30	51
31	77
32	10
33	87
34	15
35	28
36	60
37	97
38	50
39	71
40	38
/

sigma(i)	Size
/
0	0
1	2
2	8
3	3
4	5
5	4
6	9
7	6
8	5
9	6
10	8
11	2
12	5
13	6
14	2
15	1
16	5
17	9
18	9
19	4
20	8
21	5
22	1
23	3
24	9
25	2
26	5
27	9
28	8
29	8
30	3
31	2
32	8
33	6
34	9
35	5
36	4
37	8
38	2
39	4
40	5
/

epsilon(i)	Priority
/
0	0
1	9
2	7
3	8
4	8
5	6
6	3
7	2
8	8
9	9
10	3
11	6
12	6
13	4
14	1
15	7
16	1
17	5
18	9
19	9
20	4
21	7
22	3
23	2
24	5
25	6
26	6
27	6
28	1
29	4
30	5
31	1
32	9
33	2
34	4
35	1
36	3
37	2
38	8
39	7
40	7
/

psi	Vehicle Capacity
/ 36 /
;

Table kappa(i,j)                 Setup
         0        1        2        3        4        5        6        7        8        9        10       11       12       13       14       15       16       17       18       19       20       21       22       23       24       25       26       27       28       29       30       31       32       33       34       35       36       37       38       39       40       
0        0        497      321      782      316      998      382      617      471      589      393      642      724      745      469      814      117      30       679      612      545      389      599      529      641      487      318      847      804      558      158      704      129      487      214      390      683      18       492      603      527      
1        497      0        457      693      181      703      625      671      337      592      607      683      483      409      251      549      414      502      802      141      753      112      392      33       396      475      182      544      569      63       373      297      530      599      313      210      319      504      465      345      381      
2        321      457      0        460      330      713      168      304      216      267      150      328      442      506      270      531      219      350      395      599      305      400      329      489      377      170      314      577      511      518      203      518      225      183      209      252      473      340      178      356      251      
3        782      693      460      0        678      374      483      221      377      200      452      198      257      395      450      274      673      810      313      807      426      711      302      710      312      296      659      338      227      726      647      515      682      330      624      526      452      800      294      356      320      
4        316      181      330      678      0        781      488      598      301      531      476      616      523      495      243      605      235      322      713      305      635      80       406      213      431      407      19       620      612      243      197      419      354      500      143      154      415      324      402      381      361      
5        998      703      713      374      781      0        799      578      527      522      767      560      275      294      545      184      881      1021     688      762      784      774      399      703      359      550      764      161      202      704      842      416      933      653      796      636      384      1015     538      404      472      
6        382      625      168      483      488      799      0        273      363      287      32       300      547      636      430      629      319      412      301      767      164      563      453      657      502      259      474      684      599      686      325      670      254      152      353      420      619      399      273      493      380      
7        617      671      304      221      598      578      273      0        335      86       246      26       377      504      423      436      523      647      141      805      207      652      341      696      378      196      580      500      395      719      507      589      501      130      504      468      526      635      206      399      305      
8        471      337      216      377      301      527      363      335      0        254      335      346      253      292      87       343      353      494      470      469      449      335      128      360      172      143      282      378      336      384      314      307      414      283      273      149      258      487      131      142      61       
9        589      592      267      200      531      522      287      86       254      0        256      91       300      421      341      366      485      617      228      723      268      580      255      615      293      124      513      428      329      638      464      502      484      135      451      394      440      607      130      313      220      
10       393      607      150      452      476      767      32       246      335      256      0        273      515      605      405      596      321      423      286      749      163      549      422      638      470      227      462      651      566      667      323      641      268      122      346      400      590      411      242      463      350      
11       642      683      328      198      616      560      300      26       346      91       273      0        369      499      433      424      547      672      143      815      228      668      342      707      377      210      597      488      381      729      530      589      528      157      526      483      525      661      219      401      312      
12       724      483      442      257      523      275      547      377      253      300      515      369      0        138      281      90       606      747      512      577      567      531      125      492      92       288      506      136      88       502      568      260      659      414      524      372      199      740      275      143      197      
13       745      409      506      395      495      294      636      504      292      421      605      499      138      0        276      155      629      764      643      477      681      482      183      409      135      379      480      135      191      413      587      135      704      520      533      361      90       760      365      149      257      
14       469      251      270      450      243      545      430      423      87       341      405      433      281      276      0        366      353      488      558      381      530      262      163      273      189      230      225      387      369      296      310      252      436      367      257      91       218      484      218      141      131      
15       814      549      531      274      605      184      629      436      343      366      596      424      90       155      366      0        696      837      563      629      635      607      215      554      177      373      588      64       47       560      658      291      750      490      613      457      240      831      361      224      287      
16       117      414      219      673      235      881      319      523      353      485      321      547      606      629      353      696      0        141      601      541      483      314      481      447      523      377      232      730      687      477      44       594      119      397      106      279      570      134      380      485      410      
17       30       502      350      810      322      1021     412      647      494      617      423      672      747      764      488      837      141      0        709      612      575      392      622      533      663      514      326      869      828      562      179      719      159      517      231      407      700      13       519      624      551      
18       679      802      395      313      713      688      301      141      470      228      286      143      512      643      558      563      601      709      0        939      158      774      483      828      520      328      696      628      519      853      595      730      554      214      604      595      668      697      339      541      445      
19       612      141      599      807      305      762      767      805      469      723      749      815      577      477      381      629      541      612      939      0        894      226      504      111      499      610      311      611      657      85       503      346      660      739      446      351      389      616      599      451      506      
20       545      753      305      426      635      784      164      207      449      268      163      228      567      681      530      635      483      575      158      894      0        705      502      783      547      312      619      696      596      811      486      743      416      166      508      543      685      562      327      554      444      
21       389      112      400      711      80       774      563      652      335      580      549      668      531      482      262      607      314      392      774      226      705      0        423      142      439      457      89       613      620      169      278      387      434      563      223      187      396      395      450      388      390      
22       599      392      329      302      406      399      453      341      128      255      422      342      125      183      163      215      481      622      483      504      502      423      0        407      49       196      387      251      210      423      443      247      539      338      399      252      185      616      181      59       77       
23       529      33       489      710      213      703      657      696      360      615      638      707      492      409      273      554      447      533      828      111      783      142      407      0        408      501      215      545      576      30       406      291      563      628      347      240      319      536      490      358      401      
24       641      396      377      312      431      359      502      378      172      293      470      377      92       135      189      177      523      663      520      499      547      439      49       408      0        244      413      206      181      420      484      213      586      385      437      280      149      657      229      52       126      
25       487      475      170      296      407      550      259      196      143      124      227      210      288      379      230      373      377      514      328      610      312      457      196      501      244      0        388      425      348      525      350      430      396      146      332      272      373      505      15       243      131      
26       318      182      314      659      19       764      474      580      282      513      462      597      506      480      225      588      232      326      696      311      619      89       387      215      413      388      0        603      594      245      192      407      349      483      135      136      401      327      383      364      342      
27       847      544      577      338      620      161      684      500      378      428      651      488      136      135      387      64       730      869      628      611      696      613      251      545      206      425      603      0        111      548      690      265      791      548      641      477      225      863      412      246      328      
28       804      569      511      227      612      202      599      395      336      329      566      381      88       191      369      47       687      828      519      657      596      620      210      576      181      348      594      111      0        585      650      326      733      456      608      460      270      821      336      232      277      
29       558      63       518      726      243      704      686      719      384      638      667      729      502      413      296      560      477      562      853      85       811      169      423      30       420      525      245      548      585      0        437      288      593      654      377      268      323      564      514      371      422      
30       158      373      203      647      197      842      325      507      314      464      323      530      568      587      310      658      44       179      595      503      486      278      443      406      484      350      192      690      650      437      0        550      156      386      62       235      526      173      352      444      373      
31       704      297      518      515      419      416      670      589      307      502      641      589      260      135      252      291      594      719      730      346      743      387      247      291      213      430      407      265      326      288      550      0        686      576      491      315      64       717      415      190      298      
32       129      530      225      682      354      933      254      501      414      484      268      528      659      704      436      750      119      159      554      660      416      434      539      563      586      396      349      791      733      593      156      686      0        371      217      375      654      146      404      555      463      
33       487      599      183      330      500      653      152      130      283      135      122      157      414      520      367      490      397      517      214      739      166      563      338      628      385      146      483      548      456      654      386      576      371      0        391      389      519      506      161      388      278      
34       214      313      209      624      143      796      353      504      273      451      346      526      524      533      257      613      106      231      604      446      508      223      399      347      437      332      135      641      608      377      62       491      217      391      0        176      469      227      331      395      333      
35       390      210      252      526      154      636      420      468      149      394      400      483      372      361      91       457      279      407      595      351      543      187      252      240      280      272      136      477      460      268      235      315      375      389      176      0        293      404      264      232      207      
36       683      319      473      452      415      384      619      526      258      440      590      525      199      90       218      240      570      700      668      389      685      396      185      319      149      373      401      225      270      323      526      64       654      519      469      293      0        697      358      130      242      
37       18       504      340      800      324      1015     399      635      487      607      411      661      740      760      484      831      134      13       697      616      562      395      616      536      657      505      327      863      821      564      173      717      146      506      227      404      697      0        510      618      544      
38       492      465      178      294      402      538      273      206      131      130      242      219      275      365      218      361      380      519      339      599      327      450      181      490      229      15       383      412      336      514      352      415      404      161      331      264      358      510      0        228      116      
39       603      345      356      356      381      404      493      399      142      313      463      401      143      149      141      224      485      624      541      451      554      388      59       358      52       243      364      246      232      371      444      190      555      388      395      232      130      618      228      0        113      
40       527      381      251      320      361      472      380      305      61       220      350      312      197      257      131      287      410      551      445      506      444      390      77       401      126      131      342      328      277      422      373      298      463      278      333      207      242      544      116      113      0        
;



Table delta(i,j)                 Distance
         0        1        2        3        4        5        6        7        8        9        10       11       12       13       14       15       16       17       18       19       20       21       22       23       24       25       26       27       28       29       30       31       32       33       34       35       36       37       38       39       40       
0        0        406      524      64       669      137      396      357      471      416      271      369      185      298      385      295      201      151      539      229      260      156      633      337      448      156      161      558      134      298      573      603      151      580      412      639      387      466      298      210      495      
1        406      0        636      364      613      356      60       319      629      574      222      242      257      501      26       381      332      282      347      268      147      471      711      736      240      324      261      785      531      384      601      614      452      670      812      871      709      798      232      219      413      
2        524      636      0        476      261      405      678      317      73       111      428      398      620      227      638      272      690      459      409      403      558      379      111      721      440      642      479      214      492      268      122      153      675      58       768      280      346      396      408      478      281      
3        64       364      476      0        608      76       361      292      429      371      208      305      177      255      345      234      221      91       475      165      217      135      583      395      385      172      105      532      167      238      517      546      206      531      469      616      383      467      235      154      431      
4        669      613      261      608      0        532      668      337      328      336      467      385      700      419      625      373      786      553      282      472      595      559      219      932      373      743      564      468      682      370      140      108      813      229      989      518      599      656      436      540      204      
5        137      356      405      76       532      0        366      223      362      304      163      248      224      192      341      158      285      77       412      111      218      115      511      449      331      236      101      479      200      162      441      470      282      458      520      565      358      446      183      136      358      
6        396      60       678      361      668      366      0        363      665      608      253      290      229      527      43       415      294      289      406      292      147      479      757      715      297      293      266      816      526      418      650      664      421      715      792      903      724      812      269      232      467      
7        357      319      317      292      337      223      363      0        317      267      130      82       362      233      322      103      449      221      194      137      262      298      393      668      147      407      229      483      413      103      289      307      490      351      736      567      468      552      101      202      142      
8        471      629      73       429      328      362      665      317      0        59       411      399      584      173      627      250      648      424      440      379      536      321      178      651      453      598      445      172      427      246      188      221      621      128      697      251      274      327      396      452      312      
9        416      574      111      371      336      304      608      267      59       0        354      350      525      118      571      193      589      365      408      321      478      269      222      614      408      540      386      216      381      190      201      236      566      169      664      299      264      330      341      393      284      
10       271      222      428      208      467      163      253      130      411      354      0        102      235      279      217      161      324      119      275      53       134      272      514      604      177      286      116      563      362      164      417      436      383      469      677      650      495      583      32       76       266      
11       369      242      398      305      385      248      290      82       399      350      102      0        331      306      248      173      421      219      173      139      212      344      469      697      83       386      218      565      448      175      360      373      485      429      768      649      538      624      70       177      181      
12       185      257      620      177      700      224      229      362      584      525      235      331      0        417      232      352      90       161      499      230      134      313      720      486      390      67       142      703      319      356      636      660      194      670      563      788      560      644      268      160      501      
13       298      501      227      255      419      192      527      233      173      118      279      306      417      0        494      132      476      260      412      235      387      152      338      514      380      426      284      291      270      131      297      331      448      284      570      378      235      319      275      300      307      
14       385      26       638      345      625      341      43       322      627      571      217      248      232      494      0        378      306      266      364      259      127      456      715      712      254      298      244      780      511      381      608      621      426      673      789      867      697      786      230      205      423      
15       295      381      272      234      373      158      415      103      250      193      161      173      352      132      378      0        428      192      293      130      287      204      368      581      249      382      209      404      325      4        287      313      440      319      647      490      366      451      149      205      210      
16       201      332      690      221      786      285      294      449      648      589      324      421      90       476      306      428      0        237      590      313      223      352      794      444      480      49       222      753      326      432      715      741      138      742      519      836      589      667      357      247      589      
17       151      282      459      91       553      77       289      221      424      365      119      219      161      260      266      192      237      0        391      84       141      190      559      487      296      191      24       551      255      196      478      504      269      509      561      638      436      523      148      65       363      
18       539      347      409      475      282      412      406      194      440      408      275      173      499      412      364      293      590      391      0        309      372      492      440      860      113      557      392      613      607      292      322      319      659      417      930      687      645      725      244      350      129      
19       229      268      403      165      472      111      292      137      379      321      53       139      230      235      259      130      313      84       309      0        157      219      497      557      221      270      92       523      312      134      407      430      354      448      630      610      444      532      71       75       279      
20       260      147      558      217      595      218      147      262      536      478      134      212      134      387      127      287      223      141      372      157      0        332      648      592      260      199      118      678      384      291      551      570      320      601      668      765      577      665      161      87       392      
21       156      471      379      135      559      115      479      298      321      269      272      344      313      152      456      204      352      190      492      219      332      0        490      378      427      304      213      402      124      206      446      478      302      437      442      484      249      335      286      251      414      
22       633      711      111      583      219      511      757      393      178      222      514      469      720      338      715      368      794      559      440      497      648      490      0        829      495      746      578      264      603      364      118      125      784      53       874      303      441      478      491      572      319      
23       337      736      721      395      932      449      715      668      651      614      604      697      486      514      712      581      444      487      860      557      592      378      829      0        779      426      498      648      256      584      810      844      306      778      76       704      419      446      629      548      792      
24       448      240      440      385      373      331      297      147      453      408      177      83       390      380      254      249      480      296      113      221      260      427      495      779      0        449      292      623      531      250      379      385      557      461      851      705      615      700      150      247      180      
25       156      324      642      172      743      236      293      407      598      540      286      386      67       426      298      382      49       191      557      270      199      304      746      426      449      0        178      704      284      386      669      695      128      694      502      788      543      622      319      209      548      
26       161      261      479      105      564      101      266      229      445      386      116      218      142      284      244      209      222      24       392      92       118      213      578      498      292      178      0        575      272      213      494      519      267      528      573      661      459      547      148      49       371      
27       558      785      214      532      468      479      816      483      172      216      563      565      703      291      780      404      753      551      613      523      678      402      264      648      623      704      575      0        475      400      333      361      697      239      677      86       229      232      553      591      484      
28       134      531      492      167      682      200      526      413      427      381      362      448      319      270      511      325      326      255      607      312      384      124      603      256      531      284      272      475      0        328      567      600      231      550      323      550      275      346      383      319      536      
29       298      384      268      238      370      162      418      103      246      190      164      175      356      131      381      4        432      196      292      134      291      206      364      584      250      386      213      400      328      0        283      310      444      315      649      487      365      450      152      209      208      
30       573      601      122      517      140      441      650      289      188      201      417      360      636      297      608      287      715      478      322      407      551      446      118      810      379      669      494      333      567      283      0        34       722      101      863      392      460      516      390      481      201      
31       603      614      153      546      108      470      664      307      221      236      436      373      660      331      621      313      741      504      319      430      570      478      125      844      385      695      519      361      600      310      34       0        752      123      898      415      494      548      409      503      205      
32       151      452      675      206      813      282      421      490      621      566      383      485      194      448      426      440      138      269      659      354      320      302      784      306      557      128      267      697      231      444      722      752      0        731      381      776      506      576      415      309      631      
33       580      670      58       531      229      458      715      351      128      169      469      429      670      284      673      319      742      509      417      448      601      437      53       778      461      694      528      239      550      315      101      123      731      0        825      292      397      441      447      524      291      
34       412      812      768      469      989      520      792      736      697      664      677      768      563      570      789      647      519      561      930      630      668      442      874      76       851      502      573      677      323      649      863      898      381      825      0        726      449      461      701      623      857      
35       639      871      280      616      518      565      903      567      251      299      650      649      788      378      867      490      836      638      687      610      765      484      303      704      705      788      661      86       550      487      392      415      776      292      726      0        288      265      639      678      558      
36       387      709      346      383      599      358      724      468      274      264      495      538      560      235      697      366      589      436      645      444      577      249      441      419      615      543      459      229      275      365      460      494      506      397      449      288      0        88       498      493      533      
37       466      798      396      467      656      446      812      552      327      330      583      624      644      319      786      451      667      523      725      532      665      335      478      446      700      622      547      232      346      450      516      548      576      441      461      265      88       0        586      581      609      
38       298      232      408      235      436      183      269      101      396      341      32       70       268      275      230      149      357      148      244      71       161      286      491      629      150      319      148      553      383      152      390      409      415      447      701      639      498      586      0        109      234      
39       210      219      478      154      540      136      232      202      452      393      76       177      160      300      205      205      247      65       350      75       87       251      572      548      247      209      49       591      319      209      481      503      309      524      623      678      493      581      109      0        341      
40       495      413      281      431      204      358      467      142      312      284      266      181      501      307      423      210      589      363      129      279      392      414      319      792      180      548      371      484      536      208      201      205      631      291      857      558      533      609      234      341      0        
;

