
sets
i        orders          /0*40/
k        routes          /1*40/
p        positions       /0*40/
;

alias(i,j)
alias(i,h)
alias(i,hh)
alias(i,jj)
alias(k,kk)
                
                    Parameters

rho(i)	Processing time
/
0	0
1	75
2	21
3	16
4	92
5	34
6	77
7	95
8	9
9	84
10	8
11	92
12	59
13	14
14	6
15	67
16	84
17	70
18	84
19	23
20	11
21	96
22	59
23	59
24	92
25	14
26	52
27	13
28	69
29	64
30	22
31	86
32	49
33	71
34	19
35	38
36	77
37	48
38	2
39	74
40	21
/

gamma(i)	Duedate
/
0	0
1	65
2	67
3	69
4	57
5	69
6	79
7	81
8	29
9	97
10	95
11	61
12	26
13	81
14	76
15	54
16	98
17	41
18	51
19	77
20	11
21	87
22	51
23	73
24	84
25	71
26	61
27	29
28	69
29	94
30	2
31	11
32	15
33	81
34	54
35	56
36	36
37	81
38	37
39	56
40	81
/

sigma(i)	Size
/
0	0
1	1
2	3
3	9
4	4
5	6
6	5
7	2
8	3
9	1
10	6
11	9
12	3
13	2
14	4
15	2
16	3
17	7
18	7
19	8
20	8
21	1
22	9
23	1
24	6
25	9
26	2
27	1
28	1
29	6
30	6
31	6
32	1
33	8
34	6
35	4
36	9
37	1
38	8
39	3
40	9
/

epsilon(i)	Priority
/
0	0
1	4
2	1
3	9
4	1
5	9
6	6
7	3
8	1
9	5
10	8
11	7
12	2
13	6
14	3
15	9
16	8
17	9
18	2
19	1
20	6
21	4
22	8
23	6
24	9
25	8
26	8
27	7
28	1
29	7
30	2
31	9
32	4
33	8
34	4
35	1
36	4
37	6
38	7
39	9
40	2
/

psi	Vehicle Capacity
/ 35 /
;

Table kappa(i,j)                 Setup
         0        1        2        3        4        5        6        7        8        9        10       11       12       13       14       15       16       17       18       19       20       21       22       23       24       25       26       27       28       29       30       31       32       33       34       35       36       37       38       39       40       
0        0        501      490      851      670      266      80       261      780      627      60       105      407      240      381      374      407      428      636      441      149      651      528      372      719      586      701      615      439      668      574      122      366      565      235      476      756      169      708      684      611      
1        501      0        55       542      322      514      425      483      319      179      489      487      101      260      309      519      574      150      208      105      484      330      488      233      218      112      206      252      116      334      228      436      256      187      474      90       277      372      272      195      362      
2        490      55       0        597      276      476      411      445      303      231      484      487      120      252      343      547      527      101      175      59       489      281      531      264      244      162      211      206      155      389      178      438      288      242      489      36       318      376      323      194      416      
3        851      542      597      0        823      991      806      964      709      376      804      773      548      673      470      580      1085     687      691      642      739      843      396      490      488      443      571      765      489      211      754      733      490      358      665      632      382      682      303      593      239      
4        670      322      276      823      0        540      591      513      197      449      686      703      392      471      618      814      516      262      132      277      717      34       808      538      354      387      268      70       432      631      105      658      561      495      737      257      466      607      522      241      678      
5        266      514      476      991      540      0        237      30       701      683      321      363      457      319      551      617      141      379      560      416      404      511      738      505      719      623      671      507      511      786      471      356      512      651      481      446      791      364      776      646      759      
6        80       425      411      806      591      237      0        224      700      559      102      135      335      166      341      380      374      348      556      362      172      573      511      318      643      515      623      535      371      615      494      119      317      502      244      396      685      134      643      605      567      
7        261      483      445      964      513      30       224      0        672      653      314      355      427      293      527      602      150      349      530      385      394      485      718      480      688      593      641      478      482      758      442      344      487      622      468      415      760      346      746      616      733      
8        780      319      303      709      197      701      700      672      0        365      782      789      418      551      626      838      699      352      145      340      792      231      786      552      221      323      145      198      433      545      231      739      575      438      791      307      328      679      409      135      615      
9        627      179      231      376      449      683      559      653      365      0        601      588      230      396      325      533      751      329      318      284      572      467      438      277      159      69       219      389      188      184      378      537      294      88       535      267      132      472      93       233      250      
10       60       489      484      804      686      321      102      314      782      601      0        44       391      232      334      314      462      434      641      441      89       669      471      335      704      566      693      627      415      627      586      70       327      533      175      475      732      130      678      678      565      
11       105      487      487      773      703      363      135      355      789      588      44       0        387      238      305      270      503      446      650      449      44       688      430      316      698      557      693      641      405      602      601      51       304      516      131      481      719      116      661      680      535      
12       407      101      120      548      392      457      335      427      418      230      391      387      0        169      225      426      538      156      295      121      382      393      420      145      312      180      307      322      59       338      289      336      168      195      373      135      351      271      320      297      337      
13       240      260      252      673      471      319      166      293      551      396      232      238      169      0        240      371      428      210      412      211      246      459      441      186      478      349      462      407      208      470      367      190      194      345      270      243      520      135      482      446      439      
14       381      309      343      470      618      551      341      527      626      325      334      305      225      240      0        214      667      372      516      344      276      618      206      79       468      321      495      547      193      298      515      263      57       239      218      361      455      212      378      494      231      
15       374      519      547      580      814      617      380      602      838      533      314      270      426      371      214      0        752      556      722      536      225      810      189      286      681      535      710      744      404      463      708      262      262      446      139      559      659      260      574      707      370      
16       407      574      527      1085     516      141      374      150      699      751      462      503      538      428      667      752      0        426      569      469      544      483      862      612      759      686      698      500      596      876      472      494      623      733      618      493      845      495      845      671      861      
17       428      150      101      687      262      379      348      349      352      329      434      446      156      210      372      556      426      0        208      45       456      254      574      293      340      262      294      197      212      477      157      399      314      328      474      67       419      345      422      271      490      
18       636      208      175      691      132      560      556      530      145      318      641      650      295      412      516      722      569      208      0        201      656      154      695      438      227      257      145      82       324      501      98       601      461      369      662      170      338      543      390      116      552      
19       441      105      59       642      277      416      362      385      340      284      441      449      121      211      344      536      469      45       201      0        455      275      541      264      303      217      265      208      173      432      172      400      286      284      464      34       377      342      377      245      448      
20       149      484      489      739      717      404      172      394      792      572      89       44       382      246      276      225      544      456      656      455      0        704      388      296      690      546      690      653      394      574      613      60       282      496      87       486      704      113      641      679      503      
21       651      330      281      843      34       511      573      485      231      467      669      688      393      459      618      810      483      254      154      275      704      0        812      538      380      403      296      79       436      647      103      645      561      508      728      258      492      595      543      267      690      
22       528      488      531      396      808      738      511      718      786      438      471      430      420      441      206      189      862      574      695      541      388      812      0        281      597      463      645      737      375      315      708      406      261      353      303      554      546      377      451      651      216      
23       372      233      264      490      538      505      318      480      552      277      335      316      145      186      79       286      612      293      438      264      296      538      281      0        408      260      426      468      118      296      435      267      23       200      259      281      410      205      345      422      254      
24       719      218      244      488      354      719      643      688      221      159      704      698      312      478      468      681      759      340      227      303      690      380      597      408      0        147      86       309      296      328      315      647      428      244      666      272      113      581      188      113      406      
25       586      112      162      443      387      623      515      593      323      69       566      557      180      349      321      535      686      262      257      217      546      403      463      260      147      0        181      324      152      244      310      506      281      115      519      198      171      440      160      188      297      
26       701      206      211      571      268      671      623      641      145      219      693      693      307      462      495      710      698      294      145      265      690      296      645      426      86       181      0        228      308      400      239      642      449      294      677      231      199      578      268      29       469      
27       615      252      206      765      70       507      535      478      198      389      627      641      322      407      547      744      500      197      82       208      653      79       737      468      309      324      228      0        362      568      40       596      490      429      670      186      419      542      466      199      611      
28       439      116      155      489      432      511      371      482      433      188      415      405      59       208      193      404      596      212      324      173      394      436      375      118      296      152      308      362      0        279      333      353      141      139      370      180      317      288      273      304      278      
29       668      334      389      211      631      786      615      758      545      184      627      602      338      470      298      463      876      477      501      432      574      647      315      296      328      244      400      568      279      0        553      557      301      148      513      424      247      499      148      416      99       
30       574      228      178      754      105      471      494      442      231      378      586      601      289      367      515      708      472      157      98       172      613      103      708      435      315      310      239      40       333      553      0        555      457      411      631      154      421      502      459      210      590      
31       122      436      438      733      658      356      119      344      739      537      70       51       336      190      263      262      494      399      601      400      60       645      406      267      647      506      642      596      353      557      555      0        257      467      124      432      669      65       612      629      494      
32       366      256      288      490      561      512      317      487      575      294      327      304      168      194      57       262      623      314      461      286      282      561      261      23       428      281      449      490      141      301      457      257      0        215      240      304      427      197      359      445      251      
33       565      187      242      358      495      651      502      622      438      88       533      516      195      345      239      446      733      328      369      284      496      508      353      200      244      115      294      429      139      148      411      467      215      0        453      276      215      403      145      302      183      
34       235      474      489      665      737      481      244      468      791      535      175      131      373      270      218      139      618      474      662      464      87       728      303      259      666      519      677      670      370      513      631      124      240      453      0        492      667      139      595      669      434      
35       476      90       36       632      257      446      396      415      307      267      475      481      135      243      361      559      493      67       170      34       486      258      554      281      272      198      231      186      180      424      154      432      304      276      492      0        352      373      359      211      447      
36       756      277      318      382      466      791      685      760      328      132      732      719      351      520      455      659      845      419      338      377      704      492      546      410      113      171      199      419      317      247      421      669      427      215      667      352      0        604      98       225      339      
37       169      372      376      682      607      364      134      346      679      472      130      116      271      135      212      260      495      345      543      342      113      595      377      205      581      440      578      542      288      499      502      65       197      403      139      373      604      0        548      566      442      
38       708      272      323      303      522      776      643      746      409      93       678      661      320      482      378      574      845      422      390      377      641      543      451      345      188      160      268      466      273      148      459      612      359      145      595      359      98       548      0        289      240      
39       684      195      194      593      241      646      605      616      135      233      678      680      297      446      494      707      671      271      116      245      679      267      651      422      113      188      29       199      304      416      210      629      445      302      669      211      225      566      289      0        481      
40       611      362      416      239      678      759      567      733      615      250      565      535      337      439      231      370      861      490      552      448      503      690      216      254      406      297      469      611      278      99       590      494      251      183      434      447      339      442      240      481      0        
;



Table delta(i,j)                 Distance
         0        1        2        3        4        5        6        7        8        9        10       11       12       13       14       15       16       17       18       19       20       21       22       23       24       25       26       27       28       29       30       31       32       33       34       35       36       37       38       39       40       
0        0        561      191      300      490      249      335      447      601      696      629      553      419      352      560      414      581      127      350      547      478      433      164      295      182      131      497      147      630      103      424      154      562      190      499      309      135      486      338      553      343      
1        561      0        600      483      236      358      553      361      57       230      279      220      398      867      64       563      231      614      806      15       278      676      694      552      738      465      64       416      382      665      659      701      29       703      364      267      430      435      332      401      373      
2        191      600      0        173      452      242      521      594      651      673      578      517      575      489      578      599      542      314      520      588      602      244      144      130      219      293      540      262      765      216      237      175      610      129      644      334      214      646      291      701      270      
3        300      483      173      0        296      160      577      578      539      515      412      359      574      640      447      644      382      425      651      474      560      206      316      70       388      342      432      279      726      365      190      343      499      302      622      244      230      645      151      680      114      
4        490      236      452      296      0        241      622      504      293      220      140      65       525      837      180      661      92       585      808      235      444      462      578      366      639      445      215      375      587      586      446      596      262      575      528      200      359      583      162      578      184      
5        249      358      242      160      241      0        445      419      409      453      380      305      417      598      338      504      333      351      579      346      400      366      346      216      401      226      298      154      566      345      350      360      368      350      462      94       122      488      93       519      116      
6        335      553      521      577      622      445      0        236      563      764      751      666      189      400      588      81       693      246      297      538      317      752      484      599      463      236      500      298      400      379      740      459      537      516      276      428      346      219      530      306      561      
7        447      361      594      578      504      419      236      0        355      590      609      529      47       625      411      215      552      418      531      349      88       780      612      624      618      316      324      331      184      530      765      599      338      637      52       354      380      79       475      107      517      
8        601      57       651      539      293      409      563      355      0        257      324      272      396      895      115      565      280      645      828      64       268      733      740      607      780      498      110      454      349      705      716      745      41       750      350      316      473      425      388      379      430      
9        696      230      673      515      220      453      764      590      257      0        125      156      624      1034     179      784      133      778      991      242      509      664      796      583      855      631      268      567      606      797      648      813      257      795      595      390      562      665      382      631      405      
10       629      279      578      412      140      380      751      609      324      125      0        85       636      977      215      783      57       725      947      285      538      545      710      477      774      584      290      515      660      724      530      730      308      704      625      338      499      687      296      668      308      
11       553      220      517      359      65       305      666      529      272      156      85       0        554      898      157      699      29       644      865      222      461      516      643      428      704      501      217      433      592      650      500      661      248      640      547      255      420      608      227      594      248      
12       419      398      575      574      525      417      189      47       396      624      636      554      0        580      445      169      578      380      485      385      133      772      584      616      585      290      356      314      222      497      758      568      377      610      91       361      365      72       481      135      521      
13       352      867      489      640      837      598      400      625      895      1034     977      898      580      0        880      463      927      256      120      852      694      721      357      617      285      405      804      467      799      276      717      320      860      388      671      645      478      619      689      706      695      
14       560      64       578      447      180      338      588      411      115      179      215      157      445      880      0        605      167      624      827      69       332      633      682      517      731      475      89       419      445      663      616      692      93       688      419      254      425      488      297      459      335      
15       414      563      599      644      661      504      81       215      565      784      783      699      169      463      605      0        725      327      352      549      302      825      565      671      545      309      516      365      352      461      813      541      543      597      242      475      415      172      584      259      618      
16       581      231      542      382      92       333      693      552      280      133      57       29       578      927      167      725      0        673      894      235      482      532      670      450      731      530      235      462      608      678      517      688      260      667      569      284      449      631      254      614      273      
17       127      614      314      425      585      351      246      418      645      778      725      644      380      256      624      327      673      0        229      599      470      558      243      422      217      149      550      211      602      134      549      215      608      276      469      389      228      437      444      515      456      
18       350      806      520      651      808      579      297      531      828      991      947      865      485      120      827      352      894      229      0        791      606      763      408      640      346      363      745      433      697      306      756      371      796      442      574      609      456      515      673      603      686      
19       547      15       588      474      235      346      538      349      64       242      285      222      385      852      69       549      235      599      791      0        267      669      681      542      724      450      50       401      375      651      652      688      27       690      353      255      416      423      324      391      366      
20       478      278      602      560      444      400      317      88       268      509      538      461      133      694      332      302      482      470      606      267      0        766      640      614      656      348      248      345      166      569      750      632      254      661      87       322      388      157      440      134      484      
21       433      676      244      206      462      366      752      780      733      664      545      516      772      721      633      825      532      558      763      669      766      0        364      156      438      516      630      464      932      457      16       400      695      334      825      450      413      844      347      883      303      
22       164      694      144      316      578      346      484      612      740      796      710      643      584      357      682      565      670      243      408      681      640      364      0        274      76       295      631      299      794      111      360      37       699      35       664      429      269      650      415      717      402      
23       295      552      130      70       366      216      599      624      607      583      477      428      616      617      517      671      450      422      640      542      614      156      274      0        349      362      499      308      780      341      142      306      567      255      670      306      257      688      220      728      184      
24       182      738      219      388      639      401      463      618      780      855      774      704      585      285      731      545      731      217      346      724      656      438      76       349      0        307      674      328      802      88       435      44       740      103      670      477      308      647      477      721      468      
25       131      465      293      342      445      226      236      316      498      631      584      501      290      405      475      309      530      149      363      450      348      516      295      362      307      0        401      73       498      221      503      284      460      320      368      246      113      358      319      422      341      
26       497      64       540      432      215      298      500      324      110      268      290      217      356      804      89       516      235      550      745      50       248      630      631      499      674      401      0        351      375      600      613      637      69       641      335      206      366      401      283      378      326      
27       147      416      262      279      375      154      298      331      454      567      515      433      314      467      419      365      462      211      433      401      345      464      299      308      328      73       351      0        505      250      451      297      415      318      382      178      51       386      246      438      269      
28       630      382      765      726      587      566      400      184      349      606      660      592      222      799      445      352      608      602      697      375      166      932      794      780      802      498      375      505      0        714      917      782      353      818      133      486      551      182      603      94       647      
29       103      665      216      365      586      345      379      530      705      797      724      650      497      276      663      461      678      134      306      651      569      457      111      341      88       221      600      250      714      0        451      80       665      146      582      411      238      559      429      632      428      
30       424      659      237      190      446      350      740      765      716      648      530      500      758      717      616      813      517      549      756      652      750      16       360      142      435      503      613      451      917      451      0        396      678      331      810      434      399      830      330      868      287      
31       154      701      175      343      596      360      459      599      745      813      730      661      568      320      692      541      688      215      371      688      632      400      37       306      44       284      637      297      782      80       396      0        704      70       651      438      272      633      434      703      424      
32       562      29       610      499      262      368      537      338      41       257      308      248      377      860      93       543      260      608      796      27       254      695      699      567      740      460      69       415      353      665      678      704      0        709      339      275      432      411      349      374      391      
33       190      703      129      302      575      350      516      637      750      795      704      640      610      388      688      597      667      276      442      690      661      334      35       255      103      320      641      318      818      146      331      70       709      0        689      436      283      677      413      743      396      
34       499      364      644      622      528      462      276      52       350      595      625      547      91       671      419      242      569      469      574      353      87       825      664      670      670      368      335      382      133      582      810      651      339      689      0        392      429      77       512      58       555      
35       309      267      334      244      200      94       428      354      316      390      338      255      361      645      254      475      284      389      609      255      322      450      429      306      477      246      206      178      486      411      434      438      275      436      392      0        173      429      120      449      163      
36       135      430      214      230      359      122      346      380      473      562      499      420      365      478      425      415      449      228      456      416      388      413      269      257      308      113      366      51       551      238      399      272      432      283      429      173      0        436      216      487      232      
37       486      435      646      645      583      488      219      79       425      665      687      608      72       619      488      172      631      437      515      423      157      844      650      688      647      358      401      386      182      559      830      633      411      677      77       429      436      0        549      87       590      
38       338      332      291      151      162      93       530      475      388      382      296      227      481      689      297      584      254      444      673      324      440      347      415      220      477      319      283      246      603      429      330      434      349      413      512      120      216      549      0        568      45       
39       553      401      701      680      578      519      306      107      379      631      668      594      135      706      459      259      614      515      603      391      134      883      717      728      721      422      378      438      94       632      868      703      374      743      58       449      487      87       568      0        612      
40       343      373      270      114      184      116      561      517      430      405      308      248      521      695      335      618      273      456      686      366      484      303      402      184      468      341      326      269      647      428      287      424      391      396      555      163      232      590      45       612      0        
;

