
sets
i        orders          /0*40/
k        routes          /1*40/
p        positions       /0*40/
;

alias(i,j)
alias(i,h)
alias(i,hh)
alias(i,jj)
alias(k,kk)
                
                    Parameters

rho(i)	Processing time
/
0	0
1	15
2	59
3	65
4	26
5	53
6	85
7	9
8	19
9	7
10	23
11	62
12	56
13	23
14	44
15	38
16	14
17	8
18	73
19	87
20	42
21	96
22	72
23	21
24	85
25	61
26	85
27	84
28	90
29	1
30	94
31	3
32	26
33	25
34	77
35	62
36	31
37	14
38	41
39	85
40	93
/

gamma(i)	Duedate
/
0	0
1	33
2	52
3	28
4	47
5	56
6	1
7	49
8	2
9	46
10	85
11	98
12	93
13	10
14	35
15	67
16	95
17	53
18	4
19	84
20	53
21	54
22	24
23	26
24	54
25	94
26	42
27	18
28	82
29	76
30	86
31	43
32	48
33	67
34	56
35	49
36	58
37	95
38	46
39	28
40	17
/

sigma(i)	Size
/
0	0
1	1
2	3
3	2
4	4
5	7
6	1
7	5
8	7
9	5
10	9
11	2
12	3
13	1
14	2
15	4
16	4
17	4
18	7
19	2
20	7
21	8
22	9
23	4
24	8
25	3
26	2
27	1
28	4
29	7
30	4
31	9
32	7
33	6
34	7
35	2
36	5
37	3
38	2
39	2
40	5
/

epsilon(i)	Priority
/
0	0
1	4
2	6
3	2
4	3
5	8
6	5
7	4
8	6
9	3
10	3
11	2
12	4
13	6
14	4
15	4
16	6
17	9
18	3
19	7
20	4
21	2
22	8
23	6
24	7
25	7
26	5
27	5
28	8
29	1
30	1
31	2
32	4
33	6
34	3
35	1
36	8
37	8
38	3
39	2
40	5
/

psi	Vehicle Capacity
/ 37 /
;

Table kappa(i,j)                 Setup
         0        1        2        3        4        5        6        7        8        9        10       11       12       13       14       15       16       17       18       19       20       21       22       23       24       25       26       27       28       29       30       31       32       33       34       35       36       37       38       39       40       
0        0        489      43       791      564      230      712      143      584      920      658      401      490      692      645      505      621      662      790      656      378      578      563      734      722      375      594      775      584      732      689      79       69       488      908      967      595      700      682      588      960      
1        489      0        528      649      93       584      735      356      606      612      400      93       277      501      756      209      746      570      504      167      222      276      279      462      524      124      131      378      291      389      828      568      429      614      710      702      636      268      344      471      681      
2        43       528      0        798      605      204      704      175      581      938      678      441      512      704      630      532      606      667      808      695      405      603      587      752      734      416      630      803      609      756      671      44       113      478      917      981      590      732      706      598      975      
3        791      649      798      0        716      658      246      682      259      284      259      679      384      148      369      440      385      131      232      682      496      376      370      229      130      697      576      428      361      341      428      838      787      391      130      243      274      503      352      208      257      
4        564      93       605      716      0        674      819      438      693      647      460      164      359      567      846      286      836      648      550      111      315      339      347      514      588      189      149      395      354      427      919      643      501      707      766      743      723      278      389      550      720      
5        230      584      204      658      674      0        524      258      414      847      599      516      463      594      435      510      410      527      721      742      394      560      541      666      622      501      652      766      561      700      470      225      281      294      786      869      416      723      656      480      869      
6        712      735      704      246      819      524      0        639      138      528      422      733      460      321      131      534      153      195      455      816      530      502      487      430      324      742      703      626      490      534      182      737      729      229      362      486      118      670      524      275      503      
7        143      356      175      682      438      258      639      0        504      787      525      274      353      569      596      363      576      558      657      523      237      438      424      601      600      253      454      632      445      593      652      219      108      433      791      840      521      557      541      474      831      
8        584      606      581      259      693      414      138      504      0        509      339      599      337      262      163      413      164      144      408      700      396      395      377      370      279      607      587      548      384      458      238      616      596      132      390      496      31       573      437      176      505      
9        920      612      938      284      647      847      528      787      509      0        261      677      433      257      645      445      658      365      130      572      555      362      371      186      234      704      497      260      351      223      708      982      895      630      208      109      532      373      270      371      80       
10       658      400      678      259      460      599      422      525      339      261      0        444      173      113      501      201      504      227      131      422      297      124      123      76       129      468      317      209      109      119      574      722      634      429      311      322      369      251      102      163      309      
11       401      93       441      679      164      516      733      274      599      677      444      0        295      535      738      243      725      585      561      257      202      322      320      513      561      31       220      457      336      455      807      480      339      587      754      759      626      352      407      486      741      
12       490      277      512      384      359      463      460      353      337      433      173      295      0        243      495      76       489      293      304      364      123      97       78       249      271      313      251      303      98       245      570      557      461      374      467      494      368      271      196      194      482      
13       692      501      704      148      567      594      321      569      262      257      113      535      243      0        415      294      422      128      146      535      362      228      221      110      30       555      428      306      213      214      486      747      677      375      225      277      289      363      212      114      275      
14       645      756      630      369      846      435      131      596      163      645      501      738      495      415      0        572      26       287      558      859      538      558      540      525      426      741      746      710      547      619      75       658      673      162      491      612      132      736      601      339      627      
15       505      209      532      440      286      510      534      363      413      445      201      243      76       294      572      0        565      362      322      287      127      83       77       272      319      267      175      270      95       234      646      577      466      448      510      519      444      213      182      264      504      
16       621      746      606      385      836      410      153      576      164      658      504      725      489      422      26       565      0        296      567      853      526      555      537      532      435      727      741      713      545      623      82       633      651      143      509      628      134      735      602      341      642      
17       662      570      667      131      648      527      195      558      144      365      227      585      293      128      287      362      296      0        270      632      391      317      304      239      138      600      521      431      303      339      357      707      661      270      259      355      167      477      330      99       362      
18       790      504      808      232      550      721      455      657      408      130      131      561      304      146      558      322      567      270      0        491      427      239      246      56       132      586      401      202      227      127      627      852      765      520      224      198      435      295      161      252      181      
19       656      167      695      682      111      742      816      523      700      572      422      257      364      535      859      287      853      632      491      0        358      315      329      463      552      286      113      313      329      363      934      735      596      733      714      675      731      199      335      541      650      
20       378      222      405      496      315      394      530      237      396      555      297      202      123      362      538      127      526      391      427      358      0        201      187      373      391      212      260      397      209      356      608      449      343      392      588      618      423      334      304      293      606      
21       578      276      603      376      339      560      502      438      395      362      124      322      97       228      558      83       555      317      239      315      201      0        20       191      249      347      204      205      15       154      633      648      544      453      435      437      426      183      103      227      421      
22       563      279      587      370      347      541      487      424      377      371      123      320      78       221      540      77       537      304      246      329      187      20       0        195      245      344      216      224      21       169      615      632      530      434      434      442      409      202      119      212      427      
23       734      462      752      229      514      666      430      601      370      186      76       513      249      110      525      272      532      239      56       463      373      191      195      0        107      538      366      200      177      112      596      796      709      475      252      247      398      276      128      205      233      
24       722      524      734      130      588      622      324      600      279      234      129      561      271      30       426      319      435      138      132      552      391      249      245      107      0        582      447      308      234      217      495      777      708      396      196      248      304      374      223      141      247      
25       375      124      416      697      189      501      742      253      607      704      468      31       313      555      741      267      727      600      586      286      212      347      344      538      582      0        252      487      361      483      809      454      312      588      776      785      633      384      434      501      768      
26       594      131      630      576      149      652      703      454      587      497      317      220      251      428      746      175      741      521      401      113      260      204      216      366      447      252      0        251      218      277      821      672      540      623      619      593      618      137      240      428      571      
27       775      378      803      428      395      766      626      632      548      260      209      457      303      306      710      270      713      431      202      313      397      205      224      200      308      487      251      0        205      92       783      847      734      633      424      365      579      117      115      372      338      
28       584      291      609      361      354      561      490      445      384      351      109      336      98       213      547      95       545      303      227      329      209      15       21       177      234      361      218      205      0        147      622      653      552      446      420      424      415      190      97       215      408      
29       732      389      756      341      427      700      534      593      458      223      119      455      245      214      619      234      623      339      127      363      356      154      169      112      217      483      277      92       147      0        692      801      698      548      351      316      488      168      51       283      293      
30       689      828      671      428      919      470      182      652      238      708      574      807      570      486      75       646      82       357      627      934      608      633      615      596      495      809      821      783      622      692      0        695      723      223      543      668      207      811      675      413      685      
31       79       568      44       838      643      225      737      219      616      982      722      480      557      747      658      577      633      707      852      735      449      648      632      796      777      454      672      847      653      801      695      0        144      509      959      1024     624      776      751      640      1019     
32       69       429      113      787      501      281      729      108      596      895      634      339      461      677      673      466      651      661      765      596      343      544      530      709      708      312      540      734      552      698      723      144      0        513      899      949      611      653      647      580      940      
33       488      614      478      391      707      294      229      433      132      630      429      587      374      375      162      448      143      270      520      733      392      453      434      475      396      588      623      633      446      548      223      509      513      0        522      625      125      636      518      270      632      
34       908      710      917      130      766      786      362      791      390      208      311      754      467      225      491      510      509      259      224      714      588      435      434      252      196      776      619      424      420      351      543      959      899      522      0        129      404      520      379      319      152      
35       967      702      981      243      743      869      486      840      496      109      322      759      494      277      612      519      628      355      198      675      618      437      442      247      248      785      593      365      424      316      668      1024     949      625      129      0        514      476      357      389      30       
36       595      636      590      274      723      416      118      521      31       532      369      626      368      289      132      444      134      167      435      731      423      426      409      398      304      633      618      579      415      488      207      624      611      125      404      514      0        604      468      207      524      
37       700      268      732      503      278      723      670      557      573      373      251      352      271      363      736      213      735      477      295      199      334      183      202      276      374      384      137      117      190      168      811      776      653      636      520      476      604      0        151      399      451      
38       682      344      706      352      389      656      524      541      437      270      102      407      196      212      601      182      602      330      161      335      304      103      119      128      223      434      240      115      97       51       675      751      647      518      379      357      468      151      0        261      337      
39       588      471      598      208      550      480      275      474      176      371      163      486      194      114      339      264      341      99       252      541      293      227      212      205      141      501      428      372      215      283      413      640      580      270      319      389      207      399      261      0        388      
40       960      681      975      257      720      869      503      831      505      80       309      741      482      275      627      504      642      362      181      650      606      421      427      233      247      768      571      338      408      293      685      1019     940      632      152      30       524      451      337      388      0        
;



Table delta(i,j)                 Distance
         0        1        2        3        4        5        6        7        8        9        10       11       12       13       14       15       16       17       18       19       20       21       22       23       24       25       26       27       28       29       30       31       32       33       34       35       36       37       38       39       40       
0        0        359      155      256      576      24       96       691      632      663      555      503      193      73       346      346      114      155      452      311      715      588      545      442      344      396      374      505      124      319      588      68       314      336      593      478      275      368      350      524      271      
1        359      0        507      122      357      383      455      474      591      602      468      329      204      428      135      72       253      299      601      306      411      562      211      96       20       148      114      269      478      581      423      290      574      28       468      533      153      693      223      190      300      
2        155      507      0        410      727      131      73       840      749      783      686      652      320      113      472      500      254      296      516      449      871      703      700      594      494      521      505      659      101      337      732      222      335      486      730      578      430      310      453      678      345      
3        256      122      410      0        357      280      350      478      526      544      413      303      160      319      199      90       168      177      490      206      466      491      289      189      102      235      200      274      367      459      399      188      452      94       428      438      55       572      266      268      292      
4        576      357      727      357      0        599      656      121      322      312      203      83       516      618      493      299      518      432      516      295      200      318      228      288      348      499      468      87       653      616      94       519      610      349      161      383      313      775      580      234      641      
5        24       383      131      280      599      0        72       713      647      678      572      525      213      55       367      371      135      173      455      329      740      602      570      467      368      417      396      528      104      313      609      93       308      361      612      489      299      352      367      549      282      
6        96       455      73       350      656      72       0        769      677      711      613      580      283      40       437      441      207      224      454      376      805      631      640      538      440      487      467      590      47       287      660      165      284      433      657      508      365      295      431      619      336      
7        691      474      840      478      121      713      769      0        316      292      230      188      637      729      609      419      638      544      572      397      200      329      318      398      467      612      583      207      762      700      122      637      694      468      170      431      434      863      697      329      762      
8        632      591      749      526      322      647      677      316      0        41       128      285      671      638      715      519      633      481      317      336      504      46       538      560      575      739      704      371      651      498      228      604      494      571      161      186      471      661      791      538      808      
9        663      602      783      544      312      678      711      292      41       0        134      285      693      672      729      531      659      510      358      362      485      85       535      565      587      751      716      369      687      538      217      632      534      584      151      226      489      701      807      536      830      
10       555      468      686      413      203      572      613      230      128      134      0        157      565      573      595      397      537      400      343      245      397      115      411      432      453      616      582      243      595      488      117      516      482      449      61       201      358      653      674      410      702      
11       503      329      652      303      83       525      580      188      285      285      157      0        463      541      463      262      455      355      438      212      278      270      255      280      317      477      444      87       575      533      96       450      526      315      140      312      254      691      547      253      594      
12       193      204      320      160      516      213      283      637      671      693      565      463      0        267      154      227      82       230      577      336      608      632      414      299      197      203      185      431      317      489      559      138      483      191      586      558      211      561      163      392      137      
13       73       428      113      319      618      55       40       729      638      672      573      541      267      0        420      410      187      185      423      336      769      592      607      508      412      470      448      553      50       266      620      139      262      404      617      471      330      297      422      587      336      
14       346      135      472      199      493      367      437      609      715      729      595      463      154      420      0        200      233      348      684      405      533      683      329      219      146      49       38       405      471      625      558      286      619      147      600      637      250      710      88       309      188      
15       346      72       500      90       299      371      441      419      519      531      397      262      227      410      200      0        254      258      537      239      383      490      199      100      55       219      185      211      457      533      358      278      526      53       399      463      96       656      284      178      344      
16       114      253      254      168      518      135      207      638      633      659      537      455      82       187      233      254      0        165      508      296      635      592      452      343      241      282      260      439      238      409      548      56       403      234      565      503      205      479      244      430      192      
17       155      299      296      177      432      173      224      544      481      510      400      355      230      185      348      258      165      0        347      155      590      438      444      359      280      393      362      370      222      283      436      124      276      272      438      340      165      397      388      424      356      
18       452      601      516      490      516      455      454      572      317      358      343      438      577      423      684      537      508      347      0        299      716      276      659      622      581      724      690      511      415      201      453      458      199      574      404      143      448      351      733      648      700      
19       311      306      449      206      295      329      376      397      336      362      245      212      336      336      405      239      296      155      299      0        474      296      371      322      286      439      404      250      365      334      284      271      327      280      282      231      156      485      470      357      473      
20       715      411      871      466      200      740      805      200      504      485      397      278      608      769      533      383      635      590      716      474      0        509      204      316      413      520      499      224      810      806      280      651      799      417      346      584      440      959      620      224      711      
21       588      562      703      491      318      602      631      329      46       85       115      270      632      592      683      490      592      438      276      296      509      0        525      538      545      709      674      357      605      453      229      561      449      541      163      141      436      617      757      522      770      
22       545      211      700      289      228      570      640      318      538      535      411      255      414      607      329      199      452      444      659      371      204      525      0        115      217      317      295      168      653      699      321      478      692      222      384      551      280      837      415      21       509      
23       442      96       594      189      288      467      538      398      560      565      432      280      299      508      219      100      343      359      622      322      316      538      115      0        103      214      187      205      556      631      367      373      624      109      421      533      195      756      307      93       394      
24       344      20       494      102      348      368      440      467      575      587      453      317      197      412      146      55       241      280      581      286      413      545      217      103      0        164      129      261      462      561      412      275      554      8        455      514      133      674      231      195      301      
25       396      148      521      235      499      417      487      612      739      751      616      477      203      470      49       219      282      393      724      439      520      709      317      214      164      0        35       413      521      672      570      336      666      167      617      671      283      760      105      298      223      
26       374      114      505      200      468      396      467      583      704      716      582      444      185      448      38       185      260      362      690      404      499      674      295      187      129      35       0        381      499      643      538      311      636      132      583      635      248      734      120      275      226      
27       505      269      659      274      87       528      590      207      371      369      243      87       431      553      405      211      439      370      511      250      224      357      168      205      261      413      381      0        592      583      162      445      576      261      220      392      234      735      492      166      555      
28       124      478      101      367      653      104      47       762      651      687      595      575      317      50       471      457      238      222      415      365      810      605      653      556      462      521      499      592      0        241      650      189      238      454      642      478      375      251      471      633      380      
29       319      581      337      459      616      313      287      700      498      538      488      533      489      266      625      533      409      283      201      334      806      453      699      631      561      672      643      583      241      0        578      352      7        553      546      312      436      165      653      683      589      
30       588      423      732      399      94       609      660      122      228      217      117      96       559      620      558      358      548      436      453      284      280      229      321      367      412      570      538      162      650      578      0        539      572      411      67       313      348      741      643      324      691      
31       68       290      222      188      519      93       165      637      604      632      516      450      138      139      286      278      56       124      458      271      651      561      478      373      275      336      311      445      189      352      539      0        346      267      550      464      211      424      301      456      243      
32       314      574      335      452      610      308      284      694      494      534      482      526      483      262      619      526      403      276      199      327      799      449      692      624      554      666      636      576      238      7        572      346      0        546      540      308      429      171      647      676      584      
33       336      28       486      94       349      361      433      468      571      584      449      315      191      404      147      53       234      272      574      280      417      541      222      109      8        167      132      261      454      553      411      267      546      0        453      508      126      666      232      200      298      
34       593      468      730      428      161      612      657      170      161      151      61       140      586      617      600      399      565      438      404      282      346      163      384      421      455      617      583      220      642      546      67       550      540      453      0        262      375      711      682      386      721      
35       478      533      578      438      383      489      508      431      186      226      201      312      558      471      637      463      503      340      143      231      584      141      551      533      514      671      635      392      478      312      313      464      308      508      262      0        387      475      700      543      692      
36       275      153      430      55       313      299      365      434      471      489      358      254      211      330      250      96       205      165      448      156      440      436      280      195      133      283      248      234      375      436      348      211      429      126      375      387      0        562      320      260      345      
37       368      693      310      572      775      352      295      863      661      701      653      691      561      297      710      656      479      397      351      485      959      617      837      756      674      760      734      735      251      165      741      424      171      666      711      475      562      0        719      819      631      
38       350      223      453      266      580      367      431      697      791      807      674      547      163      422      88       284      244      388      733      470      620      757      415      307      231      105      120      492      471      653      643      301      647      232      682      700      320      719      0        396      124      
39       524      190      678      268      234      549      619      329      538      536      410      253      392      587      309      178      430      424      648      357      224      522      21       93       195      298      275      166      633      683      324      456      676      200      386      543      260      819      396      0        488      
40       271      300      345      292      641      282      336      762      808      830      702      594      137      336      188      344      192      356      700      473      711      770      509      394      301      223      226      555      380      589      691      243      584      298      721      692      345      631      124      488      0        
;

