
sets
i        orders          /0*20/
k        routes          /1*20/
p        positions       /0*20/
;

alias(i,j)
alias(i,h)
alias(i,hh)
alias(i,jj)
alias(k,kk)
                
                    Parameters

rho(i)	Processing time
/
0	0
1	86
2	86
3	37
4	23
5	5
6	64
7	76
8	99
9	60
10	69
11	24
12	4
13	74
14	1
15	70
16	80
17	59
18	37
19	29
20	18
/

gamma(i)	Duedate
/
0	0
1	50
2	98
3	47
4	2
5	74
6	83
7	60
8	98
9	91
10	70
11	19
12	71
13	57
14	61
15	29
16	48
17	75
18	72
19	15
20	46
/

sigma(i)	Size
/
0	0
1	5
2	8
3	6
4	1
5	6
6	4
7	4
8	6
9	3
10	4
11	7
12	5
13	7
14	6
15	1
16	4
17	5
18	4
19	5
20	7
/

epsilon(i)	Priority
/
0	0
1	7
2	5
3	6
4	4
5	6
6	8
7	3
8	2
9	3
10	7
11	8
12	8
13	8
14	1
15	2
16	3
17	6
18	8
19	5
20	8
/

psi	Vehicle Capacity
/ 9 /
;

Table kappa(i,j)                 Setup
         0        1        2        3        4        5        6        7        8        9        10       11       12       13       14       15       16       17       18       19       20       
0        0        67       122      76       132      79       82       246      242      238      201      111      108      321      101      143      247      125      99       55       81       
1        67       0        55       47       139      135      40       237      309      236      210      88       151      381      43       210      235      116      118      122      52       
2        122      55       0        82       171      185      68       251      365      255      238      98       194      434      35       266      247      130      160      177      75       
3        76       47       82       0        92       156      13       190      308      188      163      136      180      358      86       206      189      162      78       123      100      
4        132      139      171      92       0        203      104      115      297      105      71       224      237      302      179      202      117      248      36       147      188      
5        79       135      185      156      203      0        160      318      193      307      265      127      39       310      154      111      320      120      166      61       118      
6        82       40       68       13       104      160      0        197      318      197      173      129      182      371      76       217      195      157      91       132      93       
7        246      237      251      190      115      318      197      0        392      23       68       326      352      353      271      306      10       353      151      261      290      
8        242      309      365      308      297      193      318      392      0        373      325      320      212      168      340      101      399      312      267      188      308      
9        238      236      255      188      105      307      197      23       373      0        48       324      343      330      272      289      33       350      140      249      288      
10       201      210      238      163      71       265      173      68       325      48       0        296      302      290      249      241      76       319      101      205      259      
11       111      88       98       136      224      127      129      326      320      324      296      0        117      425      64       233      324      31       199      154      36       
12       108      151      194      180      237      39       182      352      212      343      302      117      0        342      160      142      354      102      202      101      120      
13       321      381      434      358      302      310      371      353      168      330      290      425      342      0        421      199      363      428      288      271      401      
14       101      43       35       86       179      154      76       271      340      272      249      64       160      421      0        243      268      95       161      156      40       
15       143      210      266      206      202      111      217      306      101      289      241      233      142      199      243      0        311      231      169      88       215      
16       247      235      247      189      117      320      195      10       399      33       76       324      354      363      268      311      0        351      154      264      288      
17       125      116      130      162      248      120      157      353      312      350      319      31       102      428      95       231      351      0        219      159      63       
18       99       118      160      78       36       166      91       151      267      140      101      199      202      288      161      169      154      219      0        110      163      
19       55       122      177      123      147      61       132      261      188      249      205      154      101      271      156      88       264      159      110      0        130      
20       81       52       75       100      188      118      93       290      308      288      259      36       120      401      40       215      288      63       163      130      0        
;



Table delta(i,j)                 Distance
         0        1        2        3        4        5        6        7        8        9        10       11       12       13       14       15       16       17       18       19       20       
0        0        11160    13560    6330     5250     5640     10020    11910    11340    14250    13590    7500     10140    12810    5880     6150     6120     5610     8280     7410     11850    
1        11160    0        143      583      278      558      243      384      250      523      97       132      167      277      294      482      428      447      541      451      197      
2        13560    143      0        662      401      623      387      316      393      453      72       206      133      179      422      598      443      564      553      454      111      
3        6330     583      662      0        347      76       501      553      545      590      665      461      543      616      354      216      311      233      303      343      597      
4        5250     278      401      347      0        350      159      474      204      584      374      207      329      447      29       204      352      169      444      393      388      
5        5640     558      623      76       350      0        509      487      554      516      633      430      498      560      363      262      241      271      226      271      549      
6        10020    243      387      501      159      509      0        560      44       686      335      256      368      493      147      326      492      293      592      530      418      
7        11910    384      316      553      474      487      560      0        588      139      377      304      217      144      503      600      246      577      317      226      206      
8        11340    250      393      545      204      554      44       588      0        717      335      283      389      512      191      366      532      333      634      569      435      
9        14250    523      453      590      584      516      686      139      717      0        516      435      356      276      613      680      284      662      305      247      344      
10       13590    97       72       665      374      633      335      377      335      516      0        203      173      246      391      577      475      542      588      492      172      
11       7500     132      206      461      207      430      256      304      283      435      203      0        123      245      232      394      298      361      411      325      181      
12       10140    167      133      543      329      498      368      217      389      356      173      123      0        124      355      507      310      476      420      322      60       
13       12810    277      179      616      447      560      493      144      512      276      246      245      124      0        475      613      338      584      432      333      80       
14       5880     294      422      354      29       363      147      503      191      613      391      232      355      475      0        194      379      159      468      421      414      
15       6150     482      598      216      204      262      326      600      366      680      577      394      507      613      194      0        402      35       450      445      567      
16       6120     428      443      311      352      241      492      246      532      284      475      298      310      338      379      402      0        389      113      43       347      
17       5610     447      564      233      169      271      293      577      333      662      542      361      476      584      159      35       389      0        444      432      536      
18       8280     541      553      303      444      226      592      317      634      305      588      411      420      432      468      450      113      444      0        99       452      
19       7410     451      454      343      393      271      530      226      569      247      492      325      322      333      421      445      43       432      99       0        353      
20       11850    197      111      597      388      549      418      206      435      344      172      181      60       80       414      567      347      536      452      353      0        
;

