
sets
i        orders          /0*20/
k        routes          /1*20/
p        positions       /0*20/
;

alias(i,j)
alias(i,h)
alias(i,hh)
alias(i,jj)
alias(k,kk)
                
                    Parameters

rho(i)	Processing time
/
0	0
1	11
2	87
3	58
4	33
5	3
6	35
7	99
8	91
9	10
10	18
11	36
12	24
13	20
14	14
15	57
16	71
17	87
18	80
19	55
20	46
/

gamma(i)	Duedate
/
0	0
1	16
2	48
3	82
4	17
5	71
6	47
7	86
8	55
9	51
10	63
11	38
12	58
13	77
14	31
15	83
16	73
17	21
18	20
19	14
20	92
/

sigma(i)	Size
/
0	0
1	9
2	8
3	4
4	6
5	4
6	7
7	5
8	6
9	7
10	4
11	9
12	8
13	5
14	8
15	6
16	8
17	2
18	5
19	7
20	8
/

epsilon(i)	Priority
/
0	0
1	4
2	4
3	5
4	1
5	7
6	4
7	1
8	1
9	7
10	7
11	1
12	4
13	9
14	6
15	2
16	9
17	3
18	9
19	7
20	9
/

psi	Vehicle Capacity
/ 42 /
;

Table kappa(i,j)                 Setup
         0        1        2        3        4        5        6        7        8        9        10       11       12       13       14       15       16       17       18       19       20       
0        0        77       288      383      298      50       359      142      117      157      315      34       244      255      363      143      133      369      112      388      314      
1        77       0        270      423      366      108      404      83       194      162      361      82       232      238      414      67       111      348      145      361      301      
2        288      270      0        280      374      254      288      201      325      137      268      255      46       32       322      250      160      81       197      103      34       
3        383      423      280      0        209      333      39       402      323      271      77       354      265      278      76       447      335      304      278      333      261      
4        298      366      374      209      0        258      170      388      190      281      143      283      337      355      139      418      331      434      242      464      374      
5        50       108      254      333      258      0        309      146      96       118      265      25       209      222      314      164      114      336      65       357      278      
6        359      404      288      39       170      309      0        390      290      260      44       331      267      282      41       433      323      321      258      351      273      
7        142      83       201      402      388      146      390      0        242      130      351      127      171      172      408      50       66       274      146      285      234      
8        117      194      325      323      190      96       290      242      0        190      246      117      279      295      283      256      206      404      129      429      342      
9        157      162      137      271      281      118      260      130      190      0        223      123      90       105      280      176      63       218      61       240      159      
10       315      361      268      77       143      265      44       351      246      223      0        287      242      258      57       394      285      312      216      342      258      
11       34       82       255      354      283      25       331      127      117      123      287      0        211      222      338      140      105      337      79       356      281      
12       244      232      46       265      337      209      267      171      279      90       242      211      0        17       298      221      120      127      151      150      70       
13       255      238      32       278      355      222      282      172      295      105      258      222      17       0        314      223      128      114      166      135      62       
14       363      414      322      76       139      314      41       408      283      280      57       338      298      314      0        450      342      360      270      390      310      
15       143      67       250      447      418      164      433      50       256      176      394      140      221      223      450      0        113      322      181      330      284      
16       133      111      160      335      331      114      323      66       206      63       285      105      120      128      342      113      0        240      89       256      190      
17       369      348      81       304      434      336      321      274      404      218      312      337      127      114      360      322      240      0        278      30       63       
18       112      145      197      278      242      65       258      146      129      61       216      79       151      166      270      181      89       278      0        301      218      
19       388      361      103      333      464      357      351      285      429      240      342      356      150      135      390      330      256      30       301      0        90       
20       314      301      34       261      374      278      273      234      342      159      258      281      70       62       310      284      190      63       218      90       0        
;



Table delta(i,j)                 Distance
         0        1        2        3        4        5        6        7        8        9        10       11       12       13       14       15       16       17       18       19       20       
0        0        12210    8280     19380    13920    3240     15090    14700    9870     10500    7710     13020    8040     11730    9630     17430    13920    6330     20730    4230     4650     
1        12210    0        178      355      438      346      100      441      423      159      334      120      493      484      181      334      332      207      483      381      315      
2        8280     178      0        375      304      260      252      316      252      243      157      160      314      318      239      318      237      73       448      211      254      
3        19380    355      375      0        339      634      292      317      445      514      428      246      571      462      533      81       228      448      165      545      622      
4        13920    438      304      339      0        510      456      30       149      545      209      336      274      132      543      259      127      355      280      326      525      
5        3240     346      260      634      510      0        446      532      392      257      303      401      359      460      225      579      483      186      705      216      48       
6        15090    100      252      292      456      446      0        452      473      246      396      121      560      526      273      293      335      297      440      463      416      
7        14700    441      316      317      30       532      452      0        179      555      233      334      304      161      555      238      118      372      251      352      545      
8        9870     423      252      445      149      392      473      179      0        489      101      354      129      71       478      365      217      275      421      187      416      
9        10500    159      243      514      545      257      246      555      489      0        388      273      521      558      33       488      459      217      636      383      213      
10       7710     334      157      428      209      303      396      233      101      388      0        284      164      172      377      353      217      173      442      125      321      
11       13020    120      160      246      336      401      121      334      354      273      284      0        449      405      288      215      219      223      364      368      382      
12       8040     493      314      571      274      359      560      304      129      521      164      449      0        155      503      491      345      306      550      146      395      
13       11730    484      318      462      132      460      526      161      71       558      172      405      155      0        548      381      236      345      412      250      486      
14       9630     181      239      533      543      225      273      555      478      33       377      288      503      548      0        502      464      204      648      362      181      
15       17430    334      318      81       259      579      293      238      365      488      353      215      491      381      502      0        147      392      149      473      571      
16       13920    332      237      228      127      483      335      118      217      459      217      219      345      236      464      147      0        304      227      342      486      
17       6330     207      73       448      355      186      297      372      275      217      173      223      306      345      204      392      304      0        520      178      182      
18       20730    483      448      165      280      705      440      251      421      636      442      364      550      412      648      149      227      520      0        568      702      
19       4230     381      211      545      326      216      463      352      187      383      125      368      146      250      362      473      342      178      568      0        249      
20       4650     315      254      622      525      48       416      545      416      213      321      382      395      486      181      571      486      182      702      249      0        
;

