
sets
i        orders          /0*20/
k        routes          /1*20/
p        positions       /0*20/
;

alias(i,j)
alias(i,h)
alias(i,hh)
alias(i,jj)
alias(k,kk)
                
                    Parameters

rho(i)	Processing time
/
0	0
1	47
2	21
3	29
4	10
5	75
6	35
7	22
8	39
9	72
10	84
11	99
12	77
13	29
14	51
15	24
16	74
17	1
18	1
19	25
20	86
/

gamma(i)	Duedate
/
0	0
1	7
2	70
3	55
4	99
5	34
6	83
7	12
8	3
9	19
10	54
11	31
12	77
13	86
14	88
15	24
16	80
17	51
18	22
19	35
20	1
/

sigma(i)	Size
/
0	0
1	1
2	2
3	8
4	4
5	3
6	1
7	7
8	2
9	2
10	6
11	2
12	2
13	8
14	3
15	3
16	8
17	1
18	1
19	9
20	2
/

epsilon(i)	Priority
/
0	0
1	7
2	3
3	5
4	8
5	4
6	9
7	3
8	4
9	5
10	4
11	6
12	9
13	6
14	2
15	9
16	7
17	6
18	2
19	4
20	2
/

psi	Vehicle Capacity
/ 21 /
;

Table kappa(i,j)                 Setup
         0        1        2        3        4        5        6        7        8        9        10       11       12       13       14       15       16       17       18       19       20       
0        0        320      214      285      91       157      145      65       192      274      93       141      184      244      54       229      102      283      205      231      283      
1        320      0        154      37       411      390      264      262      134      355      236      408      155      560      365      363      230      47       415      545      356      
2        214      154      0        137      294      241      114      148      57       206      164      339      148      431      267      208      111      107      262      416      209      
3        285      37       137      0        376      363      240      229      105      343      199      371      118      526      329      345      199      40       391      512      345      
4        91       411      294      376      0        147      203      150      281      300      184      140      276      152      65       246      186      372      191      140      310      
5        157      390      241      363      147      0        127      159      258      161      225      278      300      218      184      104      172      344      48       201      171      
6        145      264      114      240      203      127      0        94       136      143      153      287      198      325      197      117      77       218      151      309      150      
7        65       262      148      229      150      159      94       0        130      235      67       198      143      297      119      199      37       222      201      283      244      
8        192      134      57       105      281      258      136      130      0        254      123      302      91       427      242      247      96       92       287      412      258      
9        274      355      206      343      300      161      143      235      254      0        297      414      333      375      318      57       220      309      138      359      10       
10       93       236      164      199      184      225      153      67       123      297      0        179      91       337      130      265      77       204      268      324      304      
11       141      408      339      371      140      278      287      198      302      414      179      0        253      249      96       365      232      382      325      245      423      
12       184      155      148      118      276      300      198      143      91       333      91       253      0        428      221      315      129      136      338      416      339      
13       244      560      431      526      152      218      325      297      427      375      337      249      428      0        213      318      330      519      238      16       385      
14       54       365      267      329      65       184      197      119      242      318      130      96       221      213      0        269      156      331      231      202      328      
15       229      363      208      345      246      104      117      199      247      57       265      365      315      318      269      0        192      316      83       302      67       
16       102      230      111      199      186      172      77       37       96       220      77       232      129      330      156      192      0        189      209      315      227      
17       283      47       107      40       372      344      218      222      92       309      204      382      136      519      331      316      189      0        368      504      311      
18       205      415      262      391      191      48       151      201      287      138      268      325      338      238      231      83       209      368      0        222      147      
19       231      545      416      512      140      201      309      283      412      359      324      245      416      16       202      302      315      504      222      0        368      
20       283      356      209      345      310      171      150      244      258      10       304      423      339      385      328      67       227      311      147      368      0        
;



Table delta(i,j)                 Distance
         0        1        2        3        4        5        6        7        8        9        10       11       12       13       14       15       16       17       18       19       20       
0        0        15120    8100     7260     21240    18450    14310    12810    17220    15240    15900    14460    18060    16260    12810    15540    11610    8520     13500    16800    11400    
1        15120    0        234      354      205      116      417      388      165      114      462      140      97       148      211      222      208      305      162      235      148      
2        8100     234      0        181      438      346      362      325      320      255      420      231      331      288      208      300      166      150      216      339      121      
3        7260     354      181      0        554      443      535      191      481      312      593      400      446      451      388      290      348      312      241      332      293      
4        21240    205      438      554      0        118      521      552      199      258      550      263      108      218      349      347      367      482      331      335      335      
5        18450    116      346      443      118      0        509      433      207      139      548      229      48       208      312      231      317      420      214      222      264      
6        14310    417      362      535      521      509      0        686      322      516      58       280      465      307      207      608      225      223      524      635      303      
7        12810    388      325      191      552      433      686      0        548      295      743      487      456      524      507      211      472      474      227      240      400      
8        17220    165      320      481      199      207      322      548      0        278      353      92       158      32       164      387      194      311      326      396      199      
9        15240    114      255      312      258      139      516      295      278      0        565      250      161      263      309      108      295      369      74       122      221      
10       15900    462      420      593      550      548      58       743      353      565      0        323      503      342      256      660      278      281      577      686      357      
11       14460    140      231      400      263      229      280      487      92       250      323      0        187      59       85       353      106      223      279      372      110      
12       18060    97       331      446      108      48       465      456      158      161      503      187      0        161      272      262      281      389      231      260      236      
13       16260    148      288      451      218      208      307      524      32       263      342      59       161      0        135      371      163      281      306      383      166      
14       12810    211      208      388      349      312      207      507      164      309      256      85       272      135      0        404      42       150      322      429      107      
15       15540    222      300      290      347      231      608      211      387      108      660      353      262      371      404      0        383      437      87       42       305      
16       11610    208      166      348      367      317      225      472      194      295      278      106      281      163      42       383      0        117      299      411      78       
17       8520     305      150      312      482      420      223      474      311      369      281      223      389      281      150      437      117      0        350      472      156      
18       13500    162      216      241      331      214      524      227      326      74       577      279      231      306      322      87       299      350      0        123      220      
19       16800    235      339      332      335      222      635      240      396      122      686      372      260      383      429      42       411      472      123      0        334      
20       11400    148      121      293      335      264      303      400      199      221      357      110      236      166      107      305      78       156      220      334      0        
;

