
sets
i        orders          /0*10/
k        routes          /1*10/
p        positions       /0*10/
;

alias(i,j)
alias(i,h)
alias(i,hh)
alias(i,jj)
alias(k,kk)
                
                    Parameters

rho(i)	Processing time
/
0	0
1	38
2	40
3	50
4	81
5	33
6	59
7	33
8	86
9	63
10	19
/

gamma(i)	Duedate
/
0	0
1	24
2	41
3	1
4	15
5	11
6	71
7	39
8	82
9	68
10	33
/

sigma(i)	Size
/
0	0
1	1
2	7
3	8
4	4
5	1
6	5
7	6
8	4
9	5
10	6
/

epsilon(i)	Priority
/
0	0
1	6
2	5
3	8
4	6
5	8
6	6
7	3
8	5
9	8
10	7
/

psi	Vehicle Capacity
/ 8 /
;

Table kappa(i,j)                 Setup
         0        1        2        3        4        5        6        7        8        9        10       
0        0        44       64       125      30       61       115      212      295      165      263      
1        44       0        20       89       73       48       72       172      266      151      250      
2        64       20       0        75       93       55       53       154      252      148      245      
3        125      89       75       0        154      131      38       89       177      94       182      
4        30       73       93       154      0        78       145      242      321      186      282      
5        61       48       55       131      78       0        103      204      308      200      298      
6        115      72       53       38       145      103      0        101      207      131      220      
7        212      172      154      89       242      204      101      0        125      141      189      
8        295      266      252      177      321      308      207      125      0        150      119      
9        165      151      148      94       186      200      131      141      150      0        98       
10       263      250      245      182      282      298      220      189      119      98       0        
;



Table delta(i,j)                 Distance
         0        1        2        3        4        5        6        7        8        9        10       
0        0        7470     9780     4020     5460     8370     2520     4110     5130     3780     2250     
1        7470     0        126      286      293      47       197      258      186      246      229      
2        9780     126      0        396      295      154      251      278      193      271      279      
3        4020     286      396      0        316      295      203      271      287      259      207      
4        5460     293      295      316      0        338      129      47       108      61       112      
5        8370     47       154      295      338      0        237      302      233      289      268      
6        2520     197      251      203      129      237      0        81       87       67       31       
7        4110     258      278      271      47       302      81       0        85       14       64       
8        5130     186      193      287      108      233      87       85       0        78       101      
9        3780     246      271      259      61       289      67       14       78       0        52       
10       2250     229      279      207      112      268      31       64       101      52       0        
;

