

sets
i        orders          /0*40/
k        routes          /1*40/
p        positions       /0*40/
;

alias(i,j)
alias(i,h)
alias(i,hh)
alias(i,jj)
alias(k,kk)
                            Parameters

rho(i)	Processing time
/
0	0
1	4
2	91
3	7
4	85
5	13
6	10
7	77
8	55
9	96
10	59
11	26
12	48
13	6
14	7
15	32
16	45
17	15
18	58
19	82
20	63
21	89
22	78
23	21
24	41
25	58
26	94
27	49
28	38
29	37
30	27
31	6
32	35
33	11
34	2
35	94
36	57
37	46
38	28
39	82
40	16
/

gamma(i)	Duedate
/
0	0
1	55
2	99
3	35
4	82
5	21
6	76
7	20
8	62
9	34
10	92
11	26
12	95
13	37
14	62
15	26
16	28
17	54
18	15
19	99
20	7
21	40
22	81
23	13
24	45
25	56
26	10
27	3
28	91
29	31
30	81
31	30
32	10
33	39
34	91
35	47
36	25
37	46
38	53
39	87
40	66
/

sigma(i)	Size
/
0	0
1	1
2	5
3	4
4	3
5	1
6	9
7	1
8	6
9	7
10	5
11	2
12	3
13	6
14	3
15	9
16	8
17	5
18	5
19	6
20	2
21	2
22	9
23	2
24	1
25	9
26	6
27	2
28	7
29	1
30	2
31	9
32	8
33	3
34	2
35	8
36	4
37	6
38	4
39	3
40	1
/

epsilon(i)	Priority
/
0	0
1	5
2	5
3	3
4	3
5	8
6	4
7	7
8	5
9	8
10	6
11	4
12	6
13	9
14	8
15	8
16	8
17	6
18	7
19	2
20	2
21	3
22	7
23	1
24	7
25	8
26	9
27	8
28	1
29	6
30	7
31	2
32	8
33	9
34	4
35	2
36	7
37	1
38	8
39	6
40	3
/

psi	Vehicle Capacity
/ 23 /
;

Table kappa(i,j)                 Setup
         0        1        2        3        4        5        6        7        8        9        10       11       12       13       14       15       16       17       18       19       20       21       22       23       24       25       26       27       28       29       30       31       32       33       34       35       36       37       38       39       40       
0        0        962      2947     3481     3373     2921     4003     2708     3296     1528     2923     2554     1398     1348     2268     1247     2393     3250     3131     605      2627     2725     680      3756     2748     1339     1317     2618     1532     2335     2358     2173     2267     3801     2145     1273     3283     3938     1650     2270     1992     
1        962      0        1993     2794     2420     2306     3040     2008     2357     761      2588     1736     1249     475      2019     943      1658     2320     2393     1335     2004     1905     895      2813     1802     621      1010     1888     1043     1826     1755     1364     2119     2843     1774     313      2637     3013     703      1330     1037     
2        2947     1993     0        2516     426      1817     1129     1449     995      1811     3241     991      2728     1749     3019     2454     1839     1066     1448     3189     1685     1592     2636     834      225      1940     2180     1324     2253     1930     1685     1583     3233     1071     2208     1680     1885     1570     1297     986      956      
3        3481     2794     2516     0        2645     4189     2512     3794     1646     2036     1334     3303     2247     2324     1691     2262     1137     1537     3920     4032     3969     1022     3682     2990     2587     2201     3685     3646     1954     4054     3850     1458     1903     2155     4197     2649     4343     1638     2606     1864     2469     
4        3373     2420     426      2645     0        1984     770      1657     1012     2209     3507     1264     3115     2166     3344     2852     2126     1113     1544     3608     1910     1818     3051     433      633      2346     2570     1556     2634     2207     1961     1912     3566     824      2512     2107     1974     1432     1723     1350     1383     
5        2921     2306     1817     4189     1984     0        2718     394      2807     2712     4577     885      3515     2452     4148     3198     3249     2869     505      2796     302      3177     2297     2037     1662     2714     1622     544      3173     624      565      2906     4303     2807     941      2121     370      3376     1851     2350     1800     
6        4003     3040     1129     2512     770      2718     0        2412     969      2681     3603     2034     3529     2712     3581     3307     2339     1079     2250     4294     2668     1942     3748     731      1355     2846     3310     2319     3042     2976     2730     2230     3816     359      3282     2730     2662     962      2374     1799     2029     
7        2708     2008     1449     3794     1657     394      2412     0        2431     2354     4198     492      3184     2107     3785     2867     2859     2488     434      2660     258      2782     2127     1769     1281     2369     1463     150      2821     628      426      2519     3948     2470     974      1795     640      3017     1495     1957     1416     
8        3296     2357     995      1646     1012     2807     969      2431     0        1846     2642     1954     2625     1951     2614     2434     1377     113      2441     3681     2655     973      3176     1344     1150     2028     2881     2298     2145     2858     2620     1310     2850     630      3098     2073     2878     676      1793     1027     1486     
9        1528     761      1811     2036     2209     2712     2681     2354     1846     0        1917     1956     921      313      1435     643      903      1782     2662     2024     2426     1198     1645     2638     1685     190      1719     2211     477      2353     2218     645      1594     2418     2386     684      2992     2448     861      884      1004     
10       2923     2588     3241     1334     3507     4577     3603     4198     2642     1917     0        3750     1525     2221     662      1722     1405     2529     4444     3526     4305     1696     3349     3916     3223     1987     3596     4049     1545     4265     4116     1705     755      3249     4302     2595     4820     2861     2749     2316     2782     
11       2554     1736     991      3303     1264     885      2034     492      1954     1956     3750     0        2830     1742     3370     2517     2390     2006     706      2617     701      2295     2057     1467     804      1998     1453     348      2432     946      700      2055     3545     2046     1248     1477     1072     2559     1124     1477     974      
12       1398     1249     2728     2247     3115     3515     3529     3184     2625     921      1525     2830     0        1087     873      317      1344     2540     3528     2001     3217     1768     1865     3547     2606     835      2228     3050     487      3070     2981     1314     906      3236     3022     1393     3824     3145     1706     1770     1911     
13       1348     475      1749     2324     2166     2452     2712     2107     1951     313      2221     1742     1087     0        1713     775      1187     1903     2441     1791     2160     1432     1370     2583     1591     261      1406     1969     724      2062     1941     889      1854     2481     2080     373      2747     2589     619      932      846      
14       2268     2019     3019     1691     3344     4148     3581     3785     2614     1435     662      3370     873      1713     0        1104     1243     2509     4075     2873     3862     1644     2725     3772     2957     1459     3028     3641     993      3775     3651     1437     238      3244     3776     2077     4421     2979     2296     2040     2397     
15       1247     943      2454     2262     2852     3198     3307     2867     2434     643      1722     2517     317      775      1104     0        1248     2358     3213     1835     2900     1646     1627     3281     2322     530      1938     2733     322      2757     2665     1140     1180     3029     2718     1076     3506     2993     1392     1521     1609     
16       2393     1658     1839     1137     2126     3249     2339     2859     1377     903      1405     2390     1344     1187     1243     1248     0        1276     3068     2919     2997     433      2548     2546     1819     1076     2560     2709     925      3020     2840     351      1477     2008     3125     1517     3461     1817     1518     922      1454     
17       3250     2320     1066     1537     1113     2869     1079     2488     113      1782     2529     2006     2540     1903     2509     2358     1276     0        2515     3649     2708     866      3153     1454     1207     1966     2881     2353     2064     2897     2662     1226     2746     735      3128     2043     2952     694      1780     991      1485     
18       3131     2393     1448     3920     1544     505      2250     434      2441     2662     4444     706      3528     2441     4075     3213     3068     2515     0        3094     620      2935     2560     1550     1336     2699     1897     513      3138     1017     850      2743     4251     2368     1363     2156     437      2966     1822     2147     1678     
19       605      1335     3189     4032     3608     2796     4294     2660     3681     2024     3526     2617     2001     1791     2873     1835     2919     3649     3094     0        2525     3216     563      3955     2974     1844     1196     2600     2102     2176     2262     2665     2871     4132     1916     1608     3167     4343     1924     2658     2267     
20       2627     2004     1685     3969     1910     302      2668     258      2655     2426     4305     701      3217     2160     3862     2900     2997     2708     620      2525     0        2951     2013     2027     1505     2422     1338     361      2883     397      268      2650     4013     2719     743      1823     656      3255     1566     2114     1542     
21       2725     1905     1592     1022     1818     3177     1942     2782     973      1198     1696     2295     1768     1432     1644     1646     433      866      2935     3216     2951     0        2798     2220     1621     1386     2712     2633     1328     3031     2828     553      1881     1601     3181     1706     3349     1384     1606     841      1448     
22       680      895      2636     3682     3051     2297     3748     2127     3176     1645     3349     2057     1865     1370     2725     1627     2548     3153     2560     563      2013     2798     0        3393     2418     1485     675      2058     1835     1691     1745     2259     2770     3600     1475     1118     2665     3846     1393     2167     1730     
23       3756     2813     834      2990     433      2037     731      1769     1344     2638     3916     1467     3547     2583     3772     3281     2546     1454     1550     3955     2027     2220     3393     0        1010     2771     2868     1698     3067     2370     2131     2342     3995     959      2697     2501     1947     1615     2110     1783     1778     
24       2748     1802     225      2587     633      1662     1355     1281     1150     1685     3223     804      2606     1591     2957     2322     1819     1207     1336     2974     1505     1621     2418     1010     0        1798     1955     1147     2142     1728     1485     1534     3162     1289     1996     1490     1766     1760     1100     919      768      
25       1339     621      1940     2201     2346     2714     2846     2369     2028     190      1987     1998     835      261      1459     530      1076     1966     2699     1844     2422     1386     1485     2771     1798     0        1614     2230     466      2317     2200     833      1594     2591     2323     618      3009     2636     878      1047     1079     
26       1317     1010     2180     3685     2570     1622     3310     1463     2881     1719     3596     1453     2228     1406     3028     1938     2560     2881     1897     1196     1338     2712     675      2868     1955     1614     0        1405     2053     1020     1072     2226     3119     3214     841      1046     1990     3556     1125     1953     1396     
27       2618     1888     1324     3646     1556     544      2319     150      2298     2211     4049     348      3050     1969     3641     2733     2709     2353     513      2600     361      2633     2058     1698     1147     2230     1405     0        2680     671      438      2368     3805     2360     1006     1664     780      2894     1354     1806     1267     
28       1532     1043     2253     1954     2634     3173     3042     2821     2145     477      1545     2432     487      724      993      322      925      2064     3138     2102     2883     1328     1835     3067     2142     466      2053     2680     0        2783     2665     838      1130     2752     2784     1084     3461     2685     1326     1286     1481     
29       2335     1826     1930     4054     2207     624      2976     628      2858     2353     4265     946      3070     2062     3775     2757     3020     2897     1017     2176     397      3031     1691     2370     1728     2317     1020     671      2783     0        246      2669     3908     2992     347      1700     993      3488     1520     2190     1585     
30       2358     1755     1685     3850     1961     565      2730     426      2620     2218     4116     700      2981     1941     3651     2665     2840     2662     850      2262     268      2828     1745     2131     1485     2200     1072     438      2665     246      0        2490     3794     2746     568      1592     925      3245     1367     1986     1390     
31       2173     1364     1583     1458     1912     2906     2230     2519     1310     645      1705     2055     1314     889      1437     1140     351      1226     2743     2665     2650     553      2259     2342     1534     833      2226     2368     838      2669     2490     0        1655     1925     2774     1192     3128     1853     1168     615      1108     
32       2267     2119     3233     1903     3566     4303     3816     3948     2850     1594     755      3545     906      1854     238      1180     1477     2746     4251     2871     4013     1881     2770     3995     3162     1594     3119     3805     1130     3908     3794     1655     0        3480     3890     2207     4586     3217     2453     2249     2577     
33       3801     2843     1071     2155     824      2807     359      2470     630      2418     3249     2046     3236     2481     3244     3029     2008     735      2368     4132     2719     1601     3600     959      1289     2591     3214     2360     2752     2992     2746     1925     3480     0        3277     2540     2796     656      2208     1551     1870     
34       2145     1774     2208     4197     2512     941      3282     974      3098     2386     4302     1248     3022     2080     3776     2718     3125     3128     1363     1916     743      3181     1475     2697     1996     2323     841      1006     2784     347      568      2774     3890     3277     0        1707     1300     3744     1606     2349     1737     
35       1273     313      1680     2649     2107     2121     2730     1795     2073     684      2595     1477     1393     373      2077     1076     1517     2043     2156     1608     1823     1706     1118     2501     1490     618      1046     1664     1084     1700     1592     1192     2207     2540     1707     0        2433     2737     395      1053     724      
36       3283     2637     1885     4343     1974     370      2662     640      2878     2992     4820     1072     3824     2747     4421     3506     3461     2952     437      3167     656      3349     2665     1947     1766     3009     1990     780      3461     993      925      3128     4586     2796     1300     2433     0        3400     2134     2545     2038     
37       3938     3013     1570     1638     1432     3376     962      3017     676      2448     2861     2559     3145     2589     2979     2993     1817     694      2966     4343     3255     1384     3846     1615     1760     2636     3556     2894     2685     3488     3245     1853     3217     656      3744     2737     3400     0        2468     1684     2162     
38       1650     703      1297     2606     1723     1851     2374     1495     1793     861      2749     1124     1706     619      2296     1392     1518     1780     1822     1924     1566     1606     1393     2110     1100     878      1125     1354     1326     1520     1367     1168     2453     2208     1606     395      2134     2468     0        828      345      
39       2270     1330     986      1864     1350     2350     1799     1957     1027     884      2316     1477     1770     932      2040     1521     922      991      2147     2658     2114     841      2167     1783     919      1047     1953     1806     1286     2190     1986     615      2249     1551     2349     1053     2545     1684     828      0        612      
40       1992     1037     956      2469     1383     1800     2029     1416     1486     1004     2782     974      1911     846      2397     1609     1454     1485     1678     2267     1542     1448     1730     1778     768      1079     1396     1267     1481     1585     1390     1108     2577     1870     1737     724      2038     2162     345      612      0        
;



Table delta(i,j)                 Distance
         0        1        2        3        4        5        6        7        8        9        10       11       12       13       14       15       16       17       18       19       20       21       22       23       24       25       26       27       28       29       30       31       32       33       34       35       36       37       38       39       40       
0        0        17160    15390    18540    9900     24390    25680    20970    11580    10650    10020    19200    1470     7020     11520    9510     17400    2430     10590    15000    13560    7920     11190    12870    19200    9090     6720     8160     5400     3240     900      11100    9540     7260     19230    15720    10230    15840    7230     18330    15900    
1        17160    0        303      359      285      1314     1349     1234     491      741      902      343      608      805      696      283      647      497      770      1012     811      554      889      258      330      347      529      654      746      473      583      915      371      331      381      1077     324      1051     676      1098     999      
2        15390    303      0        108      202      1104     1132     1056     237      807      792      622      527      713      458      386      347      472      562      827      896      357      719      456      611      209      357      458      689      406      538      767      498      355      134      926      173      873      709      890      1031     
3        18540    359      108      0        310      1161     1186     1127     302      915      884      696      629      810      517      489      346      579      630      898      1004     440      797      548      684      315      447      536      791      512      643      851      601      462      26       1006     279      945      817      951      1138     
4        9900     285      202      310      0        1029     1064     953      238      604      640      510      354      550      418      204      436      276      485      728      694      270      607      306      503      64       244      368      510      221      351      639      310      155      336      801      58       769      509      813      833      
5        24390    1314     1104     1161     1029     0        49       172      867      1009     535      1452     763      625      646      1115     861      892      547      313      1074     763      440      1236     1451     968      784      661      722      872      822      450      1131     1028     1171     338      996      287      931      216      949      
6        25680    1349     1132     1186     1064     49       0        220      895      1058     583      1494     806      672      673      1155     878      935      580      355      1123     796      482      1276     1492     1002     819      695      769      912      866      496      1174     1067     1195     387      1029     332      978      251      999      
7        20970    1234     1056     1127     953      172      220      0        824      856      391      1338     651      489      613      1012     861      780      496      229      916      701      345      1128     1338     897      713      598      584      773      703      328      1014     929      1140     184      928      184      787      202      780      
8        11580    491      237      302      238      867      895      824      0        732      595      748      378      533      221      430      211      382      328      596      828      147      495      541      741      181      170      235      535      304      416      552      521      354      317      705      181      643      621      654      914      
9        10650    741      807      915      604      1009     1058     856      732      0        475      626      383      397      733      463      933      351      677      725      96       619      622      500      633      608      577      619      306      428      324      575      371      456      941      673      640      732      114      846      264      
10       10020    902      792      884      640      535      583      391      595      475      0        959      294      102      452      650      721      414      337      257      546      448      186      757      960      596      437      369      193      429      330      113      635      576      903      206      632      257      397      376      469      
11       19200    343      622      696      510      1452     1494     1338     748      626      959      0        689      856      911      345      939      559      946      1139     659      753      1011     221      14       570      714      833      770      584      634      1010     324      436      719      1160     567      1168     614      1245     885      
12       1470     608      527      629      354      763      806      651      378      383      294      689      0        198      350      361      562      129      309      450      479      245      324      476      688      320      210      236      162      136      68       323      368      283      651      479      357      479      269      561      536      
13       7020     805      713      810      550      625      672      489      533      397      102      856      198      0        424      549      682      313      326      328      478      386      226      655      858      512      367      325      97       334      228      178      533      477      831      306      549      340      307      449      442      
14       11520    696      458      517      418      646      673      613      221      733      452      911      350      424      0        569      271      424      125      388      828      158      307      692      905      354      199      113      465      359      412      378      633      480      528      514      372      436      619      434      856      
15       9510     283      386      489      204      1115     1155     1012     430      463      650      345      361      549      569      0        636      236      600      803      540      411      675      124      341      250      370      488      477      242      320      684      111      90       516      841      261      836      393      905      717      
16       17400    647      347      346      436      861      878      861      211      933      721      939      562      682      271      636      0        588      396      645      1030     317      577      742      930      386      356      357      706      510      610      650      732      565      345      781      378      694      820      666      1096     
17       2430     497      472      579      276      892      935      780      382      351      414      559      129      313      424      236      588      0        414      579      446      284      452      347      559      264      240      319      248      78       86       452      239      166      604      606      299      608      243      688      559      
18       10590    770      562      630      485      547      580      496      328      677      337      946      309      326      125      600      396      414      0        268      769      216      181      725      942      423      241      116      386      365      377      254      645      510      644      388      449      315      567      331      768      
19       15000    1012     827      898      728      313      355      229      596      725      257      1139     450      328      388      803      645      579      268      0        801      473      127      923      1137     670      486      369      424      560      510      150      818      716      912      152      701      49       635      120      719      
20       13560    811      896      1004     694      1074     1123     916      828      96       546      659      479      478      828      540      1030     446      769      801      0        716      704      561      668      700      674      715      391      524      421      651      440      542      1030     736      731      804      211      921      232      
21       7920     554      357      440      270      763      796      701      147      619      448      753      245      386      158      411      317      284      216      473      716      0        361      534      748      207      45       103      394      211      295      411      477      322      458      568      232      517      505      547      780      
22       11190    889      719      797      607      440      482      345      495      622      186      1011     324      226      307      675      577      452      181      127      704      361      0        795      1010     551      369      261      316      433      385      79       692      589      813      210      583      162      525      238      652      
23       12870    258      456      548      306      1236     1276     1128     541      500      757      221      476      655      692      124      742      347      725      923      561      534      795      0        217      360      494      612      575      365      427      799      134      215      574      953      364      954      454      1027     763      
24       19200    330      611      684      503      1451     1492     1338     741      633      960      14       688      858      905      341      930      559      942      1137     668      748      1010     217      0        563      709      829      772      582      635      1010     324      432      707      1161     559      1167     619      1243     893      
25       9090     347      209      315      64       968      1002     897      181      608      596      570      320      512      354      250      386      264      423      670      700      207      551      360      563      0        184      307      480      196      328      587      347      181      340      749      37       712      505      752      823      
26       6720     529      357      447      244      784      819      713      170      577      437      714      210      367      199      370      356      240      241      486      674      45       369      494      709      184      0        125      365      166      254      411      434      280      466      571      214      529      464      568      746      
27       8160     654      458      536      368      661      695      598      235      619      369      833      236      325      113      488      357      319      116      369      715      103      261      612      829      307      125      0        356      260      300      317      540      397      552      470      334      414      505      445      748      
28       5400     746      689      791      510      722      769      584      535      306      193      770      162      97       465      477      706      248      386      424      391      394      316      575      772      480      365      356      0        288      163      275      449      414      814      400      518      437      211      545      392      
29       3240     473      406      512      221      872      912      773      304      428      429      584      136      334      359      242      510      78       365      560      524      211      433      365      582      196      166      260      288      0        131      447      279      155      536      607      233      595      319      662      629      
30       900      583      538      643      351      822      866      703      416      324      330      634      68       228      412      320      610      86       377      510      421      295      385      427      635      328      254      300      163      131      0        376      311      252      667      526      365      536      210      623      501      
31       11100    915      767      851      639      450      496      328      552      575      113      1010     323      178      378      684      650      452      254      150      651      411      79       799      1010     587      411      317      275      447      376      0        687      601      868      162      621      163      486      271      582      
32       9540     371      498      601      310      1131     1174     1014     521      371      635      324      368      533      633      111      732      239      645      818      440      477      692      134      324      347      434      540      449      279      311      687      0        166      628      836      363      846      320      928      632      
33       7260     331      355      462      155      1028     1067     929      354      456      576      436      283      477      480      90       565      166      510      716      542      322      589      215      432      181      280      397      414      155      252      601      166      0        489      761      202      751      368      816      695      
34       19230    381      134      26       336      1171     1195     1140     317      941      903      719      651      831      528      516      345      604      644      912      1030     458      813      574      707      340      466      552      814      536      667      868      628      489      0        1022     305      959      843      962      1163     
35       15720    1077     926      1006     801      338      387      184      705      673      206      1160     479      306      514      841      781      606      388      152      736      568      210      953      1161     749      571      470      400      607      526      162      836      761      1022     0        783      113      602      231      618      
36       10230    324      173      279      58       996      1029     928      181      640      632      567      357      549      372      261      378      299      449      701      731      232      583      364      559      37       214      334      518      233      365      621      363      202      305      783      0        743      539      779      858      
37       15840    1051     873      945      769      287      332      184      643      732      257      1168     479      340      436      836      694      608      315      49       804      517      162      954      1167     712      529      414      437      595      536      163      846      751      959      113      743      0        648      125      708      
38       7230     676      709      817      509      931      978      787      621      114      397      614      269      307      619      393      820      243      567      635      211      505      525      454      619      505      464      505      211      319      210      486      320      368      843      602      539      648      0        756      327      
39       18330    1098     890      951      813      216      251      202      654      846      376      1245     561      449      434      905      666      688      331      120      921      547      238      1027     1243     752      568      445      545      662      623      271      928      816      962      231      779      125      756      0        833      
40       15900    999      1031     1138     833      949      999      780      914      264      469      885      536      442      856      717      1096     559      768      719      232      780      652      763      893      823      746      748      392      629      501      582      632      695      1163     618      858      708      327      833      0        
;

