

sets
i        orders          /0*80/
k        routes          /1*80/
p        positions       /0*80/
;

alias(i,j)
alias(i,h)
alias(i,hh)
alias(i,jj)
alias(k,kk)
                            Parameters

rho(i)	Processing time
/
0	0
1	80
2	60
3	15
4	89
5	10
6	16
7	2
8	36
9	84
10	78
11	68
12	20
13	54
14	51
15	32
16	44
17	39
18	37
19	26
20	40
21	32
22	2
23	95
24	8
25	61
26	53
27	55
28	28
29	62
30	34
31	80
32	97
33	7
34	13
35	43
36	28
37	59
38	25
39	59
40	60
41	32
42	53
43	19
44	24
45	8
46	87
47	52
48	20
49	65
50	55
51	62
52	37
53	9
54	3
55	25
56	78
57	53
58	1
59	58
60	30
61	80
62	35
63	65
64	1
65	75
66	26
67	3
68	61
69	95
70	95
71	51
72	11
73	85
74	26
75	45
76	9
77	21
78	10
79	93
80	8
/

gamma(i)	Duedate
/
0	0
1	91
2	19
3	11
4	13
5	55
6	65
7	52
8	20
9	68
10	30
11	88
12	52
13	62
14	19
15	29
16	94
17	10
18	36
19	45
20	36
21	4
22	25
23	56
24	48
25	76
26	69
27	37
28	83
29	73
30	85
31	88
32	76
33	69
34	63
35	10
36	14
37	57
38	49
39	14
40	88
41	20
42	90
43	95
44	94
45	66
46	94
47	51
48	48
49	64
50	48
51	2
52	2
53	9
54	43
55	40
56	71
57	22
58	92
59	11
60	19
61	80
62	57
63	28
64	97
65	7
66	92
67	16
68	21
69	29
70	42
71	36
72	93
73	40
74	83
75	37
76	31
77	22
78	22
79	98
80	56
/

sigma(i)	Size
/
0	0
1	1
2	8
3	9
4	6
5	4
6	2
7	7
8	7
9	4
10	7
11	8
12	6
13	9
14	7
15	4
16	2
17	8
18	5
19	7
20	7
21	4
22	7
23	8
24	2
25	2
26	1
27	6
28	9
29	4
30	3
31	4
32	6
33	7
34	9
35	1
36	7
37	9
38	4
39	7
40	2
41	9
42	6
43	7
44	5
45	6
46	6
47	5
48	1
49	9
50	3
51	8
52	5
53	7
54	8
55	9
56	2
57	2
58	2
59	5
60	1
61	6
62	2
63	4
64	2
65	9
66	5
67	9
68	9
69	4
70	8
71	8
72	5
73	3
74	9
75	9
76	1
77	9
78	6
79	1
80	3
/

epsilon(i)	Priority
/
0	0
1	4
2	6
3	3
4	2
5	9
6	6
7	7
8	1
9	1
10	8
11	1
12	1
13	6
14	1
15	9
16	8
17	9
18	3
19	3
20	7
21	5
22	9
23	4
24	2
25	4
26	3
27	4
28	3
29	2
30	1
31	9
32	3
33	4
34	7
35	6
36	8
37	6
38	3
39	1
40	2
41	8
42	3
43	3
44	5
45	1
46	3
47	7
48	1
49	7
50	7
51	6
52	6
53	5
54	3
55	4
56	5
57	2
58	8
59	9
60	6
61	4
62	2
63	2
64	8
65	2
66	8
67	2
68	2
69	1
70	2
71	5
72	1
73	2
74	5
75	8
76	4
77	6
78	9
79	3
80	3
/

psi	Vehicle Capacity
/ 46 /
;

Table kappa(i,j)                 Setup
         0        1        2        3        4        5        6        7        8        9        10       11       12       13       14       15       16       17       18       19       20       21       22       23       24       25       26       27       28       29       30       31       32       33       34       35       36       37       38       39       40       41       42       43       44       45       46       47       48       49       50       51       52       53       54       55       56       57       58       59       60       61       62       63       64       65       66       67       68       69       70       71       72       73       74       75       76       77       78       79       80       
0        0        647      2017     1925     1114     728      1232     1053     1628     2213     2292     1992     1824     1612     439      1119     1176     2080     1318     674      1317     1756     1906     2060     888      480      1904     2231     948      1980     1710     1718     633      1286     1565     2661     1210     2178     2251     1552     1240     2009     610      2103     1315     1677     1713     2211     2040     2063     1606     1026     1039     1012     2063     959      2276     2496     1344     435      1726     1701     1466     2125     1980     2811     1302     1667     2021     1069     1927     1352     1073     478      1951     1662     1607     1462     1897     2108     1473     
1        647      0        2658     2361     1736     1224     831      897      1386     2653     2729     2570     2075     1573     991      1465     1636     2676     1896     1317     1962     1193     1689     2705     686      682      2466     1917     302      2591     2155     2097     406      1709     1416     3211     918      2008     2536     1908     1590     2325     405      2359     1958     1139     1612     1716     1667     2700     1309     1609     1177     1310     1756     1519     2341     1964     1983     961      1405     1287     1219     2737     2490     3361     1166     1782     2669     1565     1363     1013     1071     692      2525     2004     960      831      2545     1635     844      
2        2017     2658     0        2095     945      1821     2982     2606     3054     1576     1619     736      2115     2698     1703     2142     1851     1267     1369     1400     846      3744     3539     527      2755     2134     1477     3943     2952     1107     1434     2217     2495     1541     2865     1888     2850     3695     2772     2222     1750     2541     2574     2768     879      3508     2870     3919     3572     763      3120     1148     2489     2220     3788     1268     3341     4245     675      1745     3244     3360     3220     1133     1791     1987     2979     2839     285      1745     3912     2998     2415     2265     1406     1797     3617     3429     376      4012     3439     
3        1925     2361     2095     0        1958     1196     3129     2977     3553     3344     3413     2654     3409     3481     2075     908      748      986      856      1521     1417     2853     2048     1668     1905     2386     666      2457     2616     1078     2952     330      2537     2715     3476     1051     3131     2039     684      510      2808     490      2000     728      1372     3500     3605     4073     3957     1455     3530     2140     1316     1075     2350     2198     1401     4324     1841     2117     3649     3602     1989     1151     376      1178     1749     1141     1857     862      2976     3268     2965     1668     764      3135     3116     3140     1726     2825     3154     
4        1114     1736     945      1958     0        1161     2042     1679     2164     1410     1483     917      1511     1872     760      1600     1403     1547     1102     631      611      2869     2848     1159     1937     1188     1558     3223     2023     1389     994      1932     1550     818      1995     2234     1919     3061     2539     1855     977      2282     1708     2468     648      2565     2035     2994     2674     1269     2215     248      1819     1612     3060     363      2896     3315     301      801      2342     2436     2466     1503     1797     2371     2250     2316     1031     1262     3040     2069     1510     1450     1545     1210     2688     2487     948      3194     2497     
5        728      1224     1821     1196     1161     0        1943     1780     2356     2530     2606     2063     2364     2308     936      470      448      1477     696      534      982      2032     1726     1677     997      1193     1244     2124     1509     1415     2059     1003     1346     1715     2285     1987     1936     1912     1568     851      1751     1315     935      1443     956      2348     2422     2906     2764     1604     2334     1230     676      451      1967     1235     1760     3174     1237     970      2453     2416     1402     1560     1272     2137     1158     1163     1722     347      2189     2075     1780     570      1309     2135     2101     2047     1578     2217     2060     
6        1232     831      2982     3129     2042     1943     0        422      599      2499     2565     2684     1717     955      1321     2259     2384     3294     2547     1852     2453     1617     2436     3161     1504     876      3134     2588     732      3182     2061     2888     598      1650     710      3892     207      2766     3357     2706     1456     3138     1236     3184     2463     531      922      986      840      3211     494      1836     2006     2114     2442     1718     3167     1289     2335     1272     577      473      1978     3324     3210     4042     1971     2613     3067     2290     1754     200      682      1485     3178     1777     1046     702      2968     2157     702      
7        1053     897      2606     2977     1679     1780     422      0        576      2080     2147     2272     1323     677      1011     2159     2228     3027     2314     1584     2143     1918     2586     2823     1575     600      2900     2794     940      2902     1638     2769     514      1229     534      3655     247      2906     3285     2599     1033     3051     1266     3127     2158     944      718      1315     1027     2893     570      1458     1985     2034     2638     1338     3202     1638     1978     961      697      756      2116     3040     3011     3805     2057     2617     2710     2117     2069     392      263      1420     2933     1360     1414     1089     2621     2433     1091     
8        1628     1386     3054     3553     2164     2356     599      576      0        2253     2308     2621     1381     505      1562     2729     2804     3579     2881     2145     2674     2199     3031     3323     2072     1173     3465     3188     1329     3448     1893     3343     1055     1562     227      4218     468      3360     3851     3170     1345     3620     1782     3689     2693     853      391      941      519      3413     144      1927     2531     2599     3042     1806     3726     1271     2466     1513     215      460      2570     3583     3585     4367     2547     3155     3189     2693     2327     399      657      1977     3495     1541     1591     1240     3113     2745     1235     
9        2213     2653     1576     3344     1410     2530     2499     2080     2253     0        78       842      895      1761     1775     2989     2812     2746     2491     1999     1933     3844     4111     2085     3101     1971     2858     4444     2861     2577     504      3340     2301     946      2026     3417     2302     4363     3946     3265     1077     3690     2806     3878     1977     2996     1918     3193     2734     2300     2374     1299     3142     2978     4277     1306     4288     3520     1507     1779     2468     2686     3680     2644     3137     3530     3503     3693     1849     2670     4011     2407     1817     2666     2818     724      3456     3156     1884     4278     3160     
10       2292     2729     1619     3413     1483     2606     2565     2147     2308     78       0        883      940      1812     1854     3065     2886     2802     2561     2075     1999     3919     4189     2132     3179     2047     2920     4523     2935     2633     582      3412     2375     1022     2081     3470     2367     4442     4018     3339     1150     3762     2884     3951     2044     3058     1967     3247     2784     2351     2430     1376     3220     3055     4356     1384     4364     3573     1574     1857     2523     2744     3758     2698     3201     3582     3581     3770     1895     2744     4086     2470     1883     2745     2878     788      3527     3225     1935     4355     3229     
11       1992     2570     736      2654     917      2063     2684     2272     2621     842      883      0        1482     2197     1582     2477     2239     1948     1833     1544     1249     3742     3765     1252     2846     1936     2102     4141     2835     1781     793      2707     2307     1061     2410     2602     2518     3973     3300     2668     1276     3052     2600     3261     1294     3214     2369     3541     3138     1477     2713     967      2731     2508     3977     1050     3756     3873     853      1609     2828     2991     3383     1833     2401     2709     3168     3197     1013     2108     3913     2653     2038     2363     2049     1183     3487     3242     1063     4095     3250     
12       1824     2075     2115     3409     1511     2364     1717     1323     1381     895      940      1482     0        879      1445     2831     2746     3051     2573     1901     2123     3214     3697     2539     2650     1433     3068     3975     2217     2889     692      3317     1678     699      1155     3741     1510     3987     3913     3197     613      3655     2331     3803     2160     2173     1028     2314     1846     2709     1511     1287     2855     2771     3811     1213     4080     2638     1749     1423     1595     1830     3236     2992     3293     3874     3107     3469     2338     2605     3372     1591     1067     2303     3056     319      2737     2410     2319     3702     2411     
13       1612     1573     2698     3481     1872     2308     955      677      505      1761     1812     2197     879      0        1411     2730     2747     3370     2735     1992     2436     2561     3262     3023     2243     1132     3301     3470     1608     3227     1435     3311     1178     1162     284      4037     756      3581     3861     3154     948      3616     1929     3716     2462     1334     172      1436     974      3141     642      1624     2613     2623     3314     1509     3845     1760     2166     1367     717      962      2792     3353     3460     4182     2725     3249     2864     2621     2704     785      542      2038     3316     1064     2001     1653     2806     3090     1652     
14       439      991      1703     2075     760      936      1321     1011     1562     1775     1854     1582     1445     1411     0        1394     1354     2017     1330     587      1136     2161     2338     1840     1327     445      1908     2669     1268     1890     1272     1927     793      857      1441     2658     1230     2602     2503     1786     839      2250     1044     2378     1148     1830     1545     2299     2038     1892     1579     618      1419     1326     2502     533      2636     2610     1034     50       1707     1752     1904     2028     2051     2806     1732     2024     1757     1222     2332     1382     921      897      1934     1250     1932     1727     1651     2539     1736     
15       1119     1465     2142     908      1600     470      2259     2159     2729     2989     3065     2477     2831     2730     1394     0        323      1505     822      990      1300     1999     1428     1899     1007     1600     1205     1845     1710     1496     2525     631      1683     2186     2681     1868     2285     1554     1131     446      2219     891      1093     989      1264     2603     2833     3182     3097     1771     2689     1691     452      169      1703     1702     1299     3424     1629     1425     2803     2731     1211     1628     1113     2011     954      720      1995     399      2137     2413     2193     776      1294     2606     2213     2232     1847     2065     2246     
16       1176     1636     1851     748      1403     448      2384     2228     2804     2812     2886     2239     2746     2747     1354     323      0        1190     503      848      1021     2292     1749     1582     1275     1640     903      2167     1906     1174     2370     574      1790     2072     2731     1602     2383     1861     1167     457      2135     909      1302     1072     981      2772     2866     3338     3210     1449     2781     1533     764      464      2026     1566     1518     3598     1385     1393     2901     2858     1531     1308     860      1750     1274     988      1688     143      2436     2520     2224     949      987      2496     2456     2440     1541     2383     2454     
17       2080     2676     1267     986      1547     1477     3294     3027     3579     2746     2802     1948     3051     3370     2017     1505     1190     0        783      1446     942      3475     2889     760      2446     2436     332      3309     2971     169      2460     1232     2705     2364     3446     690      3234     2942     1658     1331     2520     1476     2413     1714     911      3757     3523     4280     4054     521      3596     1787     1954     1655     3180     1888     2378     4573     1305     2067     3723     3749     2717     166      616      824      2460     2026     990      1183     3622     3384     2930     2047     230      2741     3578     3507     896      3571     3520     
18       1318     1896     1369     856      1102     696      2547     2314     2881     2491     2561     1833     2573     2735     1330     822      503      783      0        743      583      2714     2250     1078     1680     1713     588      2667     2190     721      2097     875      1950     1876     2771     1346     2505     2364     1469     855      1985     1219     1631     1430     538      2992     2874     3529     3334     953      2883     1293     1239     941      2524     1360     1972     3813     996      1378     3009     3011     2009     865      730      1496     1753     1480     1190     438      2867     2652     2251     1265     634      2291     2795     2726     1043     2854     2739     
19       674      1317     1400     1521     631      534      1852     1584     2145     1999     2075     1544     1901     1992     587      990      848      1446     743      0        644      2347     2222     1388     1358     990      1321     2605     1620     1330     1537     1416     1272     1223     2029     2073     1788     2430     2016     1304     1293     1757     1178     1917     641      2330     2130     2838     2610     1389     2155     701      1187     985      2443     720      2288     3136     754      635      2281     2304     1855     1472     1468     2221     1630     1696     1366     706      2514     1938     1509     867      1349     1647     2272     2136     1235     2619     2148     
20       1317     1962     846      1417     611      982      2453     2143     2674     1933     1999     1249     2123     2436     1136     1300     1021     942      583      644      0        2964     2693     744      1947     1577     952      3099     2264     791      1575     1458     1893     1429     2527     1626     2366     2850     2051     1427     1579     1802     1805     2013     45       2950     2592     3435     3166     758      2705     847      1645     1374     2945     945      2534     3743     425      1185     2833     2887     2385     916      1209     1764     2140     2006     745      906      3128     2518     2019     1469     934      1819     2916     2778     605      3193     2790     
21       1756     1193     3744     2853     2869     2032     1617     1918     2199     3844     3919     3742     3214     2561     2161     1999     2292     3475     2714     2347     2964     0        1168     3694     1035     1874     3195     1113     997      3435     3348     2529     1551     2901     2327     3864     1805     1474     2729     2342     2774     2609     1170     2529     2947     1482     2539     1977     2216     3635     2071     2775     1552     1836     1015     2695     2173     2048     3081     2138     2106     1865     910      3577     3109     4004     1115     1850     3706     2292     171      1809     2155     1495     3279     3178     659      982      3569     553      990      
22       1906     1689     3539     2048     2848     1726     2436     2586     3031     4111     4189     3765     3697     3262     2338     1428     1749     2889     2250     2222     2693     1168     0        3327     1047     2265     2566     420      1703     2903     3610     1723     2090     3193     3093     3099     2573     333      1720     1576     3139     1673     1368     1526     2662     2495     3295     3051     3192     3197     2930     2854     1051     1323     302      2818     1034     3172     2960     2340     3001     2810     470      3027     2382     3222     608      908      3414     1820     1202     2636     2754     1444     2664     3563     1748     1987     3266     864      2000     
23       2060     2705     527      1668     1159     1677     3161     2823     3323     2085     2132     1252     2539     3023     1840     1899     1582     760      1078     1388     744      3694     3327     0        2668     2286     1014     3743     3008     613      1885     1841     2620     1905     3154     1361     3057     3441     2352     1883     2096     2140     2543     2375     752      3669     3189     4132     3830     241      3370     1402     2301     2009     3597     1521     2994     4447     859      1888     3497     3577     3064     615      1331     1460     2811     2547     242      1507     3856     3208     2667     2199     929      2220     3661     3518     221      3893     3530     
24       888      686      2755     1905     1937     997      1504     1575     2072     3101     3179     2846     2650     2243     1327     1007     1275     2446     1680     1358     1947     1035     1047     2668     0        1218     2176     1345     812      2401     2597     1600     1065     2168     2100     2871     1604     1348     1945     1407     2100     1764     321      1755     1928     1715     2293     2304     2324     2601     1991     1893     598      838      1178     1838     1663     2506     2110     1322     2081     1938     587      2543     2118     3015     482      1129     2693     1262     1191     1693     1721     491      2255     2525     1212     1278     2552     1261     1292     
25       480      682      2134     2386     1188     1193     876      600      1173     1971     2047     1936     1433     1132     445      1600     1640     2436     1713     990      1577     1874     2265     2286     1218     0        2300     2544     909      2317     1474     2193     372      1027     1091     3057     798      2561     2731     2030     911      2489     898      2584     1587     1384     1234     1858     1621     2335     1169     1009     1495     1491     2379     901      2734     2165     1473     398      1295     1316     1802     2457     2411     3206     1681     2130     2200     1524     2042     949      593      919      2335     1330     1551     1313     2096     2313     1321     
26       1904     2466     1477     666      1558     1244     3134     2900     3465     2858     2920     2102     3068     3301     1908     1205     903      332      588      1321     952      3195     2566     1014     2176     2300     0        2985     2754     412      2524     899      2537     2370     3349     757      3093     2612     1347     1001     2504     1153     2173     1391     911      3574     3445     4115     3921     792      3470     1782     1657     1362     2860     1868     2048     4397     1364     1957     3596     3599     2411     490      317      908      2155     1695     1219     921      3338     3241     2830     1809     101      2769     3338     3291     1100     3266     3305     
27       2231     1917     3943     2457     3223     2124     2588     2794     3188     4444     4523     4141     3975     3470     2669     1845     2167     3309     2667     2605     3099     1113     420      3743     1345     2544     2985     0        1869     3324     3941     2135     2324     3513     3276     3507     2747     496      2084     1993     3441     2063     1652     1898     3069     2562     3484     3084     3285     3616     3075     3212     1454     1735     167      3168     1327     3161     3350     2666     3131     2915     766      3447     2796     3627     974      1315     3825     2235     1085     2789     2987     1791     3084     3865     1760     2050     3677     643      2061     
28       948      302      2952     2616     2023     1509     732      940      1329     2861     2935     2835     2217     1608     1268     1710     1906     2971     2190     1620     2264     997      1703     3008     812      909      2754     1869     0        2889     2372     2338     559      1926     1407     3494     879      2033     2740     2146     1785     2543     617      2555     2260     908      1615     1496     1521     3003     1227     1883     1376     1548     1718     1787     2465     1717     2277     1234     1302     1134     1246     3035     2765     3644     1255     1941     2968     1845     1159     932      1164     957      2816     2183     665      537      2846     1495     550      
29       1980     2591     1107     1078     1389     1415     3182     2902     3448     2577     2633     1781     2889     3227     1890     1496     1174     169      721      1330     791      3435     2903     613      2401     2317     412      3324     2889     0        2293     1293     2599     2205     3310     854      3115     2975     1760     1371     2365     1563     2347     1801     764      3655     3381     4168     3929     382      3470     1632     1936     1636     3190     1735     2449     4466     1141     1941     3598     3632     2705     146      724      984      2448     2061     834      1146     3586     3266     2796     1983     320      2577     3508     3422     733      3556     3435     
30       1710     2155     1434     2952     994      2059     2061     1638     1893     504      582      793      692      1435     1272     2525     2370     2460     2097     1537     1575     3348     3610     1885     2597     1474     2524     3941     2372     2293     0        2917     1813     447      1672     3147     1872     3867     3524     2827     606      3266     2302     3442     1617     2574     1605     2831     2400     2072     2000     838      2654     2503     3774     824      3819     3163     1163     1275     2106     2299     3177     2382     2781     3273     3002     3218     1671     2227     3516     1991     1381     2166     2498     390      2982     2693     1668     3776     2698     
31       1718     2097     2217     330      1932     1003     2888     2769     3343     3340     3412     2707     3317     3311     1927     631      574      1232     875      1416     1458     2529     1723     1841     1600     2193     899      2135     2338     1293     2917     0        2306     2638     3283     1379     2907     1730     607      193      2707     349      1721     555      1413     3234     3425     3814     3725     1650     3310     2085     1004     789      2025     2126     1157     4054     1865     1964     3426     3361     1660     1389     664      1507     1421     822      2003     712      2649     3038     2782     1408     1001     3061     2813     2854     1864     2495     2868     
32       633      406      2495     2537     1550     1346     598      514      1055     2301     2375     2307     1678     1178     793      1683     1790     2705     1950     1272     1893     1551     2090     2620     1065     372      2537     2324     559      2599     1813     2306     0        1368     1047     3295     602      2405     2798     2128     1226     2571     752      2634     1899     1058     1232     1578     1420     2650     1007     1379     1477     1547     2163     1273     2688     1867     1828     750      1119     1070     1619     2742     2611     3445     1547     2106     2547     1692     1715     732      665      922      2583     1627     1183     941      2438     2024     950      
33       1286     1709     1541     2715     818      1715     1650     1229     1562     946      1022     1061     699      1162     857      2186     2072     2364     1876     1223     1429     2901     3193     1905     2168     1027     2370     3513     1926     2205     447      2638     1368     0        1355     3053     1471     3459     3239     2527     217      2980     1866     3139     1465     2173     1334     2480     2080     2053     1651     588      2268     2144     3346     517      3464     2812     1075     852      1767     1931     2751     2315     2594     3188     2587     2856     1725     1929     3069     1601     984      1754     2361     423      2541     2260     1684     3332     2265     
34       1565     1416     2865     3476     1995     2285     710      534      227      2026     2081     2410     1155     284      1441     2681     2731     3446     2771     2029     2527     2327     3093     3154     2100     1091     3349     3276     1407     3310     1672     3283     1047     1355     0        4097     529      3417     3811     3117     1138     3573     1796     3655     2549     1052     212      1167     729      3255     358      1752     2519     2561     3124     1633     3735     1496     2295     1393     442      678      2625     3442     3485     4245     2581     3151     3012     2614     2464     524      519      1952     3373     1316     1745     1395     2941     2865     1392     
35       2661     3211     1888     1051     2234     1987     3892     3655     4218     3417     3470     2602     3741     4037     2658     1868     1602     690      1346     2073     1626     3864     3099     1361     2871     3057     757      3507     3494     854      3147     1379     3295     3053     4097     0        3850     3078     1556     1545     3205     1473     2901     1686     1593     4328     4185     4872     4678     1127     4226     2473     2312     2035     3401     2570     2377     5152     1995     2707     4352     4357     3026     772      755      150      2779     2192     1603     1649     3996     3998     3578     2541     723      3431     4058     4031     1539     3870     4045     
36       1210     918      2850     3131     1919     1936     207      247      468      2302     2367     2518     1510     756      1230     2285     2383     3234     2505     1788     2366     1805     2573     3057     1604     798      3093     2747     879      3115     1872     2907     602      1471     529      3850     0        2900     3400     2730     1272     3173     1315     3234     2379     703      740      1075     830      3120     404      1701     2069     2149     2597     1582     3258     1396     2217     1180     518      521      2109     3254     3188     4000     2080     2689     2950     2280     1947     152      491      1523     3131     1578     1250     908      2857     2339     908      
37       2178     2008     3695     2039     3061     1912     2766     2906     3360     4363     4442     3973     3987     3581     2602     1554     1861     2942     2364     2430     2850     1474     333      3441     1348     2561     2612     496      2033     2975     3867     1730     2405     3459     3417     3078     2900     0        1609     1611     3418     1613     1670     1431     2815     2827     3618     3382     3525     3293     3261     3088     1242     1479     489      3061     832      3496     3148     2608     3333     3143     791      3089     2395     3191     880      916      3548     1953     1488     2965     3066     1705     2713     3840     2074     2319     3400     1097     2331     
38       2251     2536     2772     684      2539     1568     3357     3285     3851     3946     4018     3300     3913     3861     2503     1131     1167     1658     1469     2016     2051     2729     1720     2352     1945     2731     1347     2084     2740     1760     3524     607      2798     3239     3811     1556     3400     1609     0        718      3301     259      2137     200      2006     3648     3965     4236     4197     2139     3805     2691     1364     1252     2015     2730     833      4450     2464     2538     3914     3822     1819     1824     1041     1645     1629     879      2539     1309     2820     3521     3324     1877     1442     3663     3124     3223     2406     2570     3237     
39       1552     1908     2222     510      1855     851      2706     2599     3170     3265     3339     2668     3197     3154     1786     446      457      1331     855      1304     1427     2342     1576     1883     1407     2030     1001     1993     2146     1371     2827     193      2128     2527     3117     1545     2730     1611     718      0        2584     464      1529     615      1384     3044     3263     3625     3544     1709     3134     1990     811      599      1874     2022     1119     3863     1817     1821     3248     3177     1482     1480     807      1678     1239     694      2027     600      2465     2859     2621     1222     1101     2951     2619     2661     1883     2325     2675     
40       1240     1590     1750     2808     977      1751     1456     1033     1345     1077     1150     1276     613      948      839      2219     2135     2520     1985     1293     1579     2774     3139     2096     2100     911      2504     3441     1785     2365     606      2707     1226     217      1138     3205     1272     3418     3301     2584     0        3044     1789     3190     1612     1975     1120     2266     1864     2234     1436     733      2257     2161     3275     636      3475     2598     1252     822      1551     1721     2687     2481     2712     3344     2539     2864     1925     1994     2940     1396     781      1718     2502     424      2381     2087     1876     3225     2092     
41       2009     2325     2541     490      2282     1315     3138     3051     3620     3690     3762     3052     3655     3616     2250     891      909      1476     1219     1757     1802     2609     1673     2140     1764     2489     1153     2063     2543     1563     3266     349      2571     2980     3573     1473     3173     1613     259      464      3044     0        1932     238      1757     3450     3723     4035     3979     1935     3578     2432     1170     1024     1975     2471     919      4259     2212     2285     3690     3607     1707     1640     865      1580     1495     779      2317     1051     2712     3298     3081     1653     1252     3404     2962     3040     2181     2499     3054     
42       610      405      2574     2000     1708     935      1236     1266     1782     2806     2884     2600     2331     1929     1044     1093     1302     2413     1631     1178     1805     1170     1368     2543     321      898      2173     1652     617      2347     2302     1721     752      1866     1796     2901     1315     1670     2137     1529     1789     1932     0        1957     1792     1518     1985     2103     2072     2505     1711     1636     774      931      1486     1570     1944     2333     1911     1033     1809     1691     904      2493     2162     3049     799      1377     2542     1254     1339     1416     1402     365      2243     2213     1165     1141     2407     1497     1155     
43       2103     2359     2768     728      2468     1443     3184     3127     3689     3878     3951     3261     3803     3716     2378     989      1072     1714     1430     1917     2013     2529     1526     2375     1755     2584     1391     1898     2555     1801     3442     555      2634     3139     3655     1686     3234     1431     200      615      3190     238      1957     0        1968     3464     3814     4052     4024     2172     3638     2605     1183     1095     1823     2636     692      4261     2416     2410     3746     3646     1619     1878     1102     1785     1430     679      2548     1215     2620     3352     3176     1711     1490     3562     2928     3032     2411     2373     3047     
44       1315     1958     879      1372     648      956      2463     2158     2693     1977     2044     1294     2160     2462     1148     1264     981      911      538      641      45       2947     2662     752      1928     1587     911      3069     2260     764      1617     1413     1899     1465     2549     1593     2379     2815     2006     1384     1612     1757     1792     1968     0        2956     2617     3446     3182     752      2721     881      1614     1341     2915     977      2492     3752     470      1198     2850     2900     2358     893      1165     1732     2112     1968     767      868      3111     2531     2038     1452     896      1858     2910     2777     624      3170     2789     
45       1677     1139     3508     3500     2565     2348     531      944      853      2996     3058     3214     2173     1334     1830     2603     2772     3757     2992     2330     2950     1482     2495     3669     1715     1384     3574     2562     908      3655     2574     3234     1058     2173     1052     4328     703      2827     3648     3044     1975     3450     1518     3464     2956     0        1243     588      735      3708     708      2364     2284     2445     2435     2247     3346     826      2855     1782     689      417      2074     3799     3620     4478     2132     2843     3584     2694     1580     588      1194     1832     3626     2271     826      512      3481     2034     501      
46       1713     1612     2870     3605     2035     2422     922      718      391      1918     1967     2369     1028     172      1545     2833     2866     3523     2874     2130     2592     2539     3295     3189     2293     1234     3445     3484     1615     3381     1605     3425     1232     1334     212      4185     740      3618     3965     3263     1120     3723     1985     3814     2617     1243     0        1290     817      3304     535      1788     2693     2719     3332     1672     3917     1610     2330     1499     588      849      2827     3509     3596     4331     2775     3327     3033     2743     2676     734      642      2121     3463     1230     1954     1604     2972     3077     1601     
47       2211     1716     3919     4073     2994     2906     986      1315     941      3193     3247     3541     2314     1436     2299     3182     3338     4280     3529     2838     3435     1977     3051     4132     2304     1858     4115     3084     1496     4168     2831     3814     1578     2480     1167     4872     1075     3382     4236     3625     2266     4035     2103     4052     3446     588      1290     0        493      4191     832      2772     2871     3026     2969     2652     3928     332      3292     2250     726      559      2646     4311     4178     5023     2715     3431     4025     3253     2047     924      1513     2407     4162     2483     1323     1068     3933     2515     1054     
48       2040     1667     3572     3957     2674     2764     840      1027     519      2734     2784     3138     1846     974      2038     3097     3210     4054     3334     2610     3166     2216     3192     3830     2324     1621     3921     3285     1521     3929     2400     3725     1420     2080     729      4678     830      3525     4197     3544     1864     3979     2072     4024     3182     735      817      493      0        3912     461      2439     2845     2954     3154     2318     3985     797      2975     1988     333      386      2753     4067     4019     4828     2776     3445     3702     3109     2315     689      1163     2325     3957     2036     1561     1238     3623     2769     1228     
49       2063     2700     763      1455     1269     1604     3211     2893     3413     2300     2351     1477     2709     3141     1892     1771     1449     521      953      1389     758      3635     3197     241      2601     2335     792      3616     3003     382      2072     1650     2650     2053     3255     1127     3120     3293     2139     1709     2234     1935     2505     2172     752      3708     3304     4191     3912     0        3451     1517     2192     1895     3475     1632     2807     4500     981      1941     3579     3642     2961     373      1107     1232     2706     2388     479      1391     3793     3273     2756     2150     703      2391     3645     3524     416      3803     3536     
