
sets
i        orders          /0*20/
k        routes          /1*20/
p        positions       /0*20/
;

alias(i,j)
alias(i,h)
alias(i,hh)
alias(i,jj)
alias(k,kk)
                
                    Parameters

rho(i)	Processing time
/
0	0
1	39
2	46
3	87
4	3
5	54
6	60
7	23
8	37
9	72
10	16
11	7
12	17
13	67
14	34
15	29
16	9
17	35
18	48
19	64
20	34
/

gamma(i)	Duedate
/
0	0
1	7
2	62
3	54
4	11
5	45
6	43
7	2
8	37
9	92
10	48
11	3
12	5
13	77
14	88
15	28
16	3
17	27
18	24
19	49
20	51
/

sigma(i)	Size
/
0	0
1	5
2	9
3	4
4	9
5	4
6	2
7	7
8	7
9	8
10	3
11	3
12	2
13	8
14	6
15	5
16	5
17	2
18	5
19	3
20	3
/

epsilon(i)	Priority
/
0	0
1	4
2	3
3	1
4	7
5	4
6	7
7	6
8	4
9	5
10	2
11	6
12	7
13	3
14	7
15	3
16	4
17	3
18	8
19	7
20	6
/

psi	Vehicle Capacity
/ 14 /
;

Table kappa(i,j)                 Setup
         0        1        2        3        4        5        6        7        8        9        10       11       12       13       14       15       16       17       18       19       20       
0        0        102      188      85       224      203      189      150      134      162      128      243      13       186      126      216      156      93       330      177      249      
1        102      0        252      54       169      270      288      188      71       261      230      173      97       84       229      116      192      176      297      108      147      
2        188      252      0        200      240      19       140      75       311      127      194      280      201      328      192      328      77       98       268      243      362      
3        85       54       200      0        142      218      251      134      123      224      210      158      87       129      208      142      137      133      260      91       176      
4        224      169      240      142      0        258      348      168      235      323      336      41       229      182      333      141      164      230      131      63       164      
5        203      270      19       218      258      0        135      94       328      125      198      298      216      347      196      347      96       111      281      262      381      
6        189      288      140      251      348      135      0        187      321      27       98       381      198      372      98       394      193      121      403      327      428      
7        150      188      75       134      168      94       187      0        254      165      205      206      162      259      203      254      7        87       219      167      288      
8        134      71       311      123      235      328      321      254      0        295      246      232      123      88       244      144      258      224      366      172      165      
9        162      261      127      224      323      125      27       165      295      0        84       356      172      345      83       366      172      95       383      301      401      
10       128      230      194      210      336      198      98       205      246      84       0        362      132      312      2        345      213      117      420      299      378      
11       243      173      280      158      41       298      381      206      232      356      362      0        246      166      360      116      202      261      151      67       133      
12       13       97       201      87       229      216      198      162      123      172      132      246      0        179      131      213      168      106      338      179      245      
13       186      84       328      129      182      347      372      259      88       345      312      166      179      0        310      59       261      259      313      123      77       
14       126      229      192      208      333      196      98       203      244      83       2        360      131      310      0        343      210      115      418      297      376      
15       216      116      328      142      141      347      394      254      144      366      345      116      213      59       343      0        254      274      267      93       34       
16       156      192      77       137      164      96       193      7        258      172      213      202      168      261      210      254      0        95       211      166      288      
17       93       176      98       133      230      111      121      87       224      95       117      261      106      259      115      274      95       0        303      206      309      
18       330      297      268      260      131      281      403      219      366      383      420      151      338      313      418      267      211      303      0        195      284      
19       177      108      243      91       63       262      327      167      172      301      299      67       179      123      297      93       166      206      195      0        124      
20       249      147      362      176      164      381      428      288      165      401      378      133      245      77       376      34       288      309      284      124      0        
;



Table delta(i,j)                 Distance
         0        1        2        3        4        5        6        7        8        9        10       11       12       13       14       15       16       17       18       19       20       
0        0        6840     7140     4710     3600     2460     1470     7560     4260     8100     6060     8610     6600     4650     3480     6930     4560     7950     5070     3150     6210     
1        6840     0        10       73       230      187      199      52       112      128      84       236      17       360      112      214      302      89       343      183      166      
2        7140     10       0        82       236      198      210      45       118      132      86       235      26       368      122      215      308      83       350      190      175      
3        4710     73       82       0        162      131      135      97       48       164      67       214      70       287      44       177      233      118      273      114      161      
4        3600     230      236      162      0        181      155      228      118      321      164      182      232      147      146      125      72       223      115      48       287      
5        2460     187      198      131      181      0        32       226      143      197      195      317      175      236      89       266      229      250      251      147      126      
6        1470     199      210      135      155      32       0        232      136      224      193      302      189      205      91       249      198      252      219      126      157      
7        7560     52       45       97       228      226      232      0        117      176      65       196      69       369      141      184      300      38       344      186      218      
8        4260     112      118      48       118      143      136      117      0        212      60       178      114      252      59       135      190      124      231      71       202      
9        8100     128      132      164      321      197      224      176      212      0        208      363      113      423      175      336      388      214      422      272      92       
10       6060     84       86       67       164      195      193      65       60       208      0        155      95       306      105      129      235      63       279      123      224      
11       8610     236      235      214      182      317      302      196      178      363      155      0        249      316      237      56       222      163      265      181      376      
12       6600     17       26       70       232      175      189      69       114      113      95       249      0        357      105      224      303      106      343      183      149      
13       4650     360      368      287      147      236      205      369      252      423      306      316      357      0        255      263      93       368      59       183      362      
14       3480     112      122      44       146      89       91       141      59       175      105      237      105      255      0        192      212      161      248      98       147      
15       6930     214      215      177      125      266      249      184      135      336      129      56       224      263      192      0        171      159      216      125      337      
16       4560     302      308      233      72       229      198      300      190      388      235      222      303      93       212      171      0        293      46       119      346      
17       7950     89       83       118      223      250      252      38       124      214      63       163      106      368      161      159      293      0        338      186      254      
18       5070     343      350      273      115      251      219      344      231      422      279      265      343      59       248      216      46       338      0        160      373      
19       3150     183      190      114      48       147      126      186      71       272      123      181      183      183      98       125      119      186      160      0        243      
20       6210     166      175      161      287      126      157      218      202      92       224      376      149      362      147      337      346      254      373      243      0        
;

