

sets
i        orders          /0*80/
k        routes          /1*80/
p        positions       /0*80/
;

alias(i,j)
alias(i,h)
alias(i,hh)
alias(i,jj)
alias(k,kk)
                            Parameters

rho(i)	Processing time
/
0	0
1	75
2	32
3	26
4	65
5	29
6	66
7	81
8	85
9	21
10	71
11	53
12	80
13	56
14	1
15	46
16	37
17	33
18	68
19	73
20	4
21	92
22	7
23	33
24	54
25	52
26	45
27	12
28	46
29	7
30	90
31	15
32	74
33	4
34	86
35	82
36	45
37	26
38	88
39	57
40	29
41	22
42	15
43	78
44	91
45	71
46	84
47	62
48	53
49	8
50	5
51	26
52	69
53	3
54	47
55	49
56	93
57	33
58	88
59	36
60	29
61	18
62	27
63	1
64	58
65	18
66	70
67	45
68	82
69	44
70	25
71	46
72	50
73	74
74	34
75	72
76	38
77	7
78	96
79	11
80	50
/

gamma(i)	Duedate
/
0	0
1	67
2	64
3	69
4	8
5	36
6	92
7	1
8	75
9	2
10	74
11	34
12	81
13	16
14	2
15	85
16	51
17	78
18	7
19	58
20	84
21	14
22	44
23	53
24	4
25	45
26	70
27	97
28	54
29	49
30	99
31	37
32	28
33	89
34	48
35	37
36	82
37	74
38	2
39	34
40	14
41	45
42	82
43	30
44	72
45	20
46	3
47	82
48	13
49	28
50	52
51	4
52	12
53	77
54	50
55	40
56	34
57	44
58	47
59	3
60	87
61	87
62	71
63	66
64	72
65	46
66	1
67	51
68	29
69	57
70	26
71	86
72	28
73	52
74	95
75	50
76	54
77	5
78	60
79	89
80	45
/

sigma(i)	Size
/
0	0
1	2
2	2
3	1
4	2
5	9
6	4
7	4
8	1
9	3
10	9
11	7
12	8
13	5
14	1
15	5
16	1
17	6
18	5
19	5
20	1
21	1
22	2
23	5
24	9
25	9
26	9
27	5
28	4
29	6
30	2
31	5
32	3
33	8
34	4
35	8
36	9
37	2
38	5
39	4
40	1
41	4
42	3
43	1
44	2
45	5
46	6
47	2
48	5
49	6
50	3
51	8
52	5
53	5
54	2
55	2
56	1
57	6
58	6
59	5
60	4
61	2
62	7
63	5
64	2
65	5
66	1
67	2
68	9
69	9
70	3
71	2
72	5
73	2
74	8
75	4
76	3
77	7
78	7
79	9
80	7
/

epsilon(i)	Priority
/
0	0
1	2
2	8
3	8
4	8
5	3
6	8
7	2
8	1
9	6
10	9
11	3
12	9
13	6
14	7
15	2
16	8
17	9
18	1
19	2
20	5
21	6
22	2
23	8
24	2
25	6
26	6
27	1
28	5
29	9
30	1
31	3
32	3
33	8
34	1
35	3
36	3
37	9
38	4
39	1
40	1
41	4
42	4
43	3
44	5
45	6
46	2
47	3
48	7
49	6
50	2
51	8
52	1
53	1
54	7
55	5
56	2
57	3
58	3
59	7
60	7
61	3
62	7
63	4
64	8
65	2
66	2
67	5
68	9
69	9
70	7
71	9
72	1
73	9
74	5
75	3
76	5
77	7
78	6
79	5
80	2
/

psi	Vehicle Capacity
/ 79 /
;

Table kappa(i,j)                 Setup
         0        1        2        3        4        5        6        7        8        9        10       11       12       13       14       15       16       17       18       19       20       21       22       23       24       25       26       27       28       29       30       31       32       33       34       35       36       37       38       39       40       41       42       43       44       45       46       47       48       49       50       51       52       53       54       55       56       57       58       59       60       61       62       63       64       65       66       67       68       69       70       71       72       73       74       75       76       77       78       79       80       
0        0        5393     3249     3907     3004     5274     4400     4736     3447     398      3842     3252     2013     4350     2181     4405     1454     2619     3758     4579     4661     2006     3605     4178     2894     2190     1675     5172     3806     4964     3012     4927     2246     2464     2457     2017     4542     3185     2418     5010     3404     2999     3001     2998     2858     3531     1193     3809     3875     564      1174     2385     3040     4865     3880     2900     2708     3427     2540     1427     3738     3291     2157     3492     2719     3625     3236     4506     1280     3555     1962     2829     1892     6036     1403     3183     3341     4792     3400     3765     1001     
1        5393     0        2143     3813     2647     144      9657     7786     6905     4998     2678     7917     6562     9648     7542     9552     4249     2795     7139     9877     9135     7039     2442     3373     6450     7201     6763     8055     3234     6049     2484     7470     7157     7822     7346     7286     7872     3112     3010     10104    8499     5368     5095     4551     4040     8922     5283     1944     8168     5952     6539     3974     3283     10236    1949     7559     6635     7272     6409     4153     2945     3621     7415     7322     4180     8074     2983     1347     6317     3022     4985     3801     5827     7739     4016     7327     3509     614      8196     9046     4425     
2        3249     2143     0        2823     937      2025     7548     6188     5160     2854     1816     5908     4546     7529     5405     7470     2188     679      5405     7758     7217     4954     1360     2633     4617     5112     4655     6555     2276     5006     618      6041     5083     5686     5280     5158     6224     1684     911      8039     6410     3753     3516     3031     2490     6778     3234     1056     6251     3809     4400     2179     1772     8099     1126     5542     4752     5426     4500     2052     1972     2270     5296     5482     2566     6136     1619     1471     4206     1907     3100     2201     3852     6621     1878     5413     2230     1544     6165     6923     2289     
3        3907     3813     2823     0        1922     3792     7040     8253     3444     3679     1161     7155     3810     7113     5421     6778     2501     3009     7331     7324     5843     4530     1540     517      6451     6093     5578     4297     596      2269     2241     3689     6154     5649     6364     5832     4229     4387     2482     7219     7255     1908     1639     1177     1057     6938     2983     2044     7738     4268     4624     4485     4416     7874     3918     6798     3472     7147     6189     3689     914      4927     5094     7211     1216     4896     1217     4035     5186     924      2226     4706     5471     3950     3297     6983     673      3522     7307     7466     3097     
4        3004     2647     937      1922     0        2563     7063     6647     4333     2644     1078     6004     3920     7071     5035     6931     1665     1120     5789     7298     6498     4432     678      1810     4945     5082     4588     5657     1418     4071     324      5129     5088     5307     5296     5011     5365     2472     723      7472     6357     2867     2617     2113     1570     6489     2662     813      6452     3525     4062     2698     2514     7707     2062     5634     4002     5716     4757     2165     1150     3027     4853     5777     1662     5431     705      2334     4146     1039     2344     2850     4059     5684     1846     5636     1301     2136     6223     6768     2003     
5        5274     144      2025     3792     2563     0        9551     7642     6842     4878     2647     7778     6471     9540     7428     9452     4149     2671     6995     9769     9058     6938     2390     3364     6307     7069     6633     8015     3207     6039     2387     7435     7023     7709     7211     7159     7819     2968     2901     10007    8366     5312     5041     4498     3982     8801     5185     1883     8026     5834     6424     3832     3140     10122    1805     7421     6559     7129     6268     4023     2912     3477     7307     7179     4118     7993     2926     1205     6187     2982     4905     3657     5688     7728     3893     7186     3465     484      8059     8917     4311     
6        4400     9657     7548     7040     7063     9551     0        6953     4027     4792     7561     4400     3250     243      2257     508      5412     6971     6184     320      2375     2633     7503     7503     5736     3800     3826     4929     7267     6597     7178     5238     3985     1984     3990     3229     4215     7549     6652     911      3422     5209     5442     5862     6128     1736     4403     7861     5142     3848     3233     6660     7390     1045     8276     4383     3638     5590     5365     5821     7358     7557     2258     5627     5948     2507     6996     8888     4089     7187     4916     7094     5239     6529     5788     5172     6775     9081     4161     2699     5270     
7        4736     7786     6188     8253     6647     7642     6953     0        8055     4771     7722     2555     6451     6754     5264     7287     5833     5606     980      6904     8491     6003     7318     8352     1849     3343     3610     9764     7942     9674     6438     9602     3156     5394     3068     3982     9064     4696     5932     7852     3587     7725     7699     7598     7311     5236     5930     7207     1880     4751     4953     4011     4540     6636     5846     2595     7277     1447     2198     4569     7745     4165     5654     1393     7219     7702     7220     6449     3704     7592     6668     4037     2865     10762    4956     1843     7593     7237     2822     4422     5222     
8        3447     6905     5160     3444     4333     6842     4027     8055     0        3591     4329     6038     1628     4170     3314     3647     3182     4862     7080     4343     2409     2274     4471     3959     6265     4923     4517     1725     3864     2570     4589     1580     5076     3400     5241     4373     1130     6038     4317     3966     5624     1568     1850     2392     2870     4591     2384     4961     6811     3310     3151     5539     5957     5014     6213     5774     780      6649     5879     4440     4073     6359     2850     6711     2725     1574     3924     6629     4354     3946     2090     5947     5303     2861     4142     6318     3458     6451     6025     5444     3537     
9        398      4998     2854     3679     2644     4878     4792     4771     3591     0        3525     3488     2265     4745     2579     4786     1182     2220     3802     4974     4965     2351     3264     3913     2922     2474     1966     5302     3529     4903     2635     5013     2508     2862     2719     2367     4707     2822     2035     5387     3724     2963     2927     2854     2649     3924     1231     3442     4060     963      1571     2070     2684     5264     3485     3125     2886     3527     2598     1055     3438     2965     2542     3592     2526     3910     2923     4108     1540     3257     1900     2510     1906     6068     1004     3323     3082     4395     3662     4128     646      
10       3842     2678     1816     1161     1078     2647     7561     7722     4329     3525     0        6974     4321     7600     5697     7364     2398     2182     6855     7822     6662     4949     456      835      6002     5999     5492     5380     566      3430     1334     4791     6024     5954     6234     5856     5232     3479     1790     7859     7244     2763     2482     1937     1492     7198     3219     898      7464     4311     4784     3775     3542     8301     2843     6606     4187     6761     5798     3205     267      4052     5446     6822     1661     5646     608      2894     5062     388      2650     3910     5091     5111     2856     6660     871      2362     7173     7582     2882     
11       3252     7917     5908     7155     6004     7778     4400     2555     6038     3488     6974     0        4415     4199     2898     4747     4669     5232     1876     4349     6066     3807     6666     7401     1797     1135     1619     7668     7015     8068     5908     7619     1022     2968     823      1672     6925     4943     5307     5302     1067     6111     6168     6234     6110     2681     4332     6742     804      2986     2913     3984     4756     4108     6043     369      5267     1283     1619     3881     6909     4628     3339     1301     5972     5388     6386     6722     1971     6731     5151     4269     2092     8875     4160     901      6570     7307     344      1923     4110     
12       2013     6562     4546     3810     3920     6471     3250     6451     1628     2265     4321     4415     0        3308     1814     3044     2359     4072     5482     3523     2741     775      4293     4260     4690     3296     2890     3314     4017     3844     4085     3207     3447     1972     3614     2758     2616     5006     3636     3560     4059     2083     2273     2636     2878     3258     1317     4689     5184     1747     1523     4329     4889     4064     5449     4146     852      5034     4297     3267     4112     5214     1388     5095     2697     1663     3770     5982     2748     3942     1670     4766     3765     4462     3066     4695     3525     6022     4414     3985     2451     
13       4350     9648     7529     7113     7071     9540     243      6754     4170     4745     7600     4199     3308     0        2182     745      5412     6940     5998     229      2601     2655     7528     7569     5572     3638     3690     5127     7322     6741     7176     5420     3820     1903     3815     3083     4405     7477     6639     1137     3206     5304     5530     5936     6183     1523     4419     7874     4932     3792     3177     6574     7315     854      8231     4194     3745     5403     5207     5763     7403     7467     2233     5438     6002     2676     7028     8851     3971     7230     4964     7005     5108     6718     5746     4984     6828     9067     3952     2469     5244     
14       2181     7542     5405     5421     5035     7428     2257     5264     3314     2579     5697     2898     1814     2182     0        2353     3372     4793     4367     2408     3227     1055     5557     5816     3746     1921     1742     4837     5510     5658     5101     4869     2108     283      2205     1282     4079     5295     4536     2972     2321     3857     4013     4288     4400     1518     2485     5848     3702     1618     1008     4403     5135     2694     6058     2718     2600     3821     3349     3582     5533     5302     467      3871     4224     2490     5099     6687     1899     5351     3194     4838     3082     6172     3583     3422     5012     6949     2808     2171     3116     
15       4405     9552     7470     6778     6931     9452     508      7287     3647     4786     7364     4747     3044     745      2353     0        5302     6919     6483     803      1870     2515     7335     7255     5983     4057     4024     4455     7040     6207     7067     4788     4246     2105     4273     3455     3755     7584     6564     619      3809     4913     5159     5605     5905     2135     4271     7717     5510     3871     3265     6726     7432     1537     8252     4699     3329     5897     5600     5833     7150     7632     2250     5937     5727     2092     6815     8845     4241     6984     4713     7166     5414     6067     5765     5479     6555     8989     4529     3132     5218     
16       1454     4249     2188     2501     1665     4149     5412     5833     3182     1182     2398     4669     2359     5412     3372     5302     0        1734     4884     5640     5057     2789     2198     2733     3999     3638     3125     4774     2354     3925     1767     4372     3682     3643     3893     3460     4303     2858     1277     5861     4858     2109     1989     1778     1490     4841     1046     2477     5237     1914     2413     2465     2785     6042     3115     4307     2648     4662     3712     1415     2284     3213     3189     4727     1387     3972     1789     3625     2712     2100     1121     2832     2998     5264     1041     4484     1901     3687     4838     5185     611      
17       2619     2795     679      3009     1120     2671     6971     5606     4862     2220     2182     5232     4072     6940     4793     6919     1734     0        4789     7169     6789     4412     1744     2930     3981     4434     3980     6361     2535     5050     850      5891     4404     5075     4601     4492     5962     1388     587      7500     5732     3574     3369     2947     2435     6135     2756     1604     5588     3182     3784     1608     1407     7483     1381     4865     4375     4781     3845     1374     2270     1918     4713     4838     2464     5703     1805     1927     3532     2156     2772     1730     3185     6595     1224     4752     2354     2186     5487     6254     1702     
18       3758     7139     5405     7331     5789     6995     6184     980      7080     3802     6855     1876     5482     5998     4367     6483     4884     4789     0        6165     7592     5056     6465     7453     885      2458     2671     8792     7044     8703     5600     8624     2267     4518     2213     3094     8097     4027     5067     7067     2943     6749     6728     6640     6369     4506     4951     6394     1442     3773     3993     3235     3856     5971     5190     1806     6303     599      1218     3667     6862     3551     4736     575      6272     6770     6332     5828     2734     6703     5695     3339     1897     9781     4045     1015     6677     6565     2197     3799     4273     
19       4579     9877     7758     7324     7298     9769     320      6904     4343     4974     7822     4349     3523     229      2408     803      5640     7169     6165     0        2672     2879     7753     7783     5758     3826     3895     5245     7539     6913     7404     5558     4006     2128     3994     3283     4534     7701     6868     1065     3339     5505     5735     6147     6400     1667     4645     8101     5069     4020     3405     6796     7539     734      8459     4359     3940     5568     5397     5990     7623     7687     2462     5601     6220     2827     7251     9079     4184     7450     5183     7226     5313     6848     5975     5150     7046     9296     4092     2574     5473     
20       4661     9135     7217     5843     6498     9058     2375     8491     2409     4965     6662     6066     2741     2601     3227     1870     5057     6789     7592     2672     0        2698     6747     6354     6937     5148     4940     2685     6232     4757     6708     3119     5336     3106     5426     4509     2074     7744     6318     1872     5286     3942     4220     4746     5173     3743     4040     7205     6867     4253     3768     7034     7623     3406     8170     5926     2500     7048     6535     5994     6415     7931     2867     7099     5010     1085     6199     8676     5000     6274     4154     7476     6162     4322     5807     6648     5796     8633     5919     4759     5192     
21       2006     7039     4954     4530     4432     6938     2633     6003     2274     2351     4949     3807     775      2655     1055     2515     2789     4412     5056     2879     2698     0        4873     4960     4326     2727     2392     3861     4691     4609     4556     3844     2896     1197     3040     2135     3119     5173     4048     3088     3350     2854     3034     3366     3555     2483     1771     5228     4598     1558     1090     4390     5035     3361     5760     3572     1546     4561     3923     3405     4757     5297     614      4619     3375     1738     4373     6339     2358     4581     2331     4835     3487     5135     3289     4194     4193     6473     3768     3222     2718     
22       3605     2442     1360     1540     678      2390     7503     7318     4471     3264     456      6666     4293     7528     5557     7335     2198     1744     6465     7753     6747     4873     0        1280     5623     5723     5223     5633     954      3798     894      5063     5737     5822     5946     5622     5430     3024     1401     7852     6988     2926     2652     2108     1601     7038     3112     523      7125     4104     4611     3347     3090     8199     2401     6296     4251     6394     5435     2842     636      3599     5338     6455     1748     5706     548      2496     4785     629      2642     3466     4736     5465     2515     6312     1084     2048     6878     7368     2618     
23       4178     3373     2633     517      1810     3364     7503     8352     3959     3913     835      7401     4260     7569     5816     7255     2733     2930     7453     7783     6354     4960     1280     0        6583     6367     5853     4796     410      2675     2105     4181     6415     6053     6627     6148     4743     4271     2462     7707     7564     2415     2141     1651     1416     7333     3346     1728     7948     4581     4979     4482     4321     8316     3678     7038     3965     7309     6345     3787     665      4833     5509     7372     1592     5398     1145     3718     5445     777      2634     4657     5629     4365     3409     7171     837      3132     7571     7818     3299     
24       2894     6450     4617     6451     4945     6307     5736     1849     6265     2922     6002     1797     4690     5572     3746     5983     3999     3981     885      5758     6937     4326     5623     6583     0        1935     2005     7985     6175     7825     4771     7792     1752     3933     1777     2529     7306     3361     4222     6586     2781     5876     5849     5755     5485     4146     4086     5578     1756     2955     3241     2486     3180     5664     4514     1562     5493     821      403      2802     6000     2956     4070     872      5387     6059     5469     5175     1968     5838     4818     2666     1015     8929     3173     958      5801     5860     2140     3609     3387     
25       2190     7201     5112     6093     5082     7069     3800     3343     4923     2474     5999     1135     3296     3638     1921     4057     3638     4434     2458     3826     5148     2727     5723     6367     1935     0        514      6575     5992     6935     5025     6503     191      2060     318      639      5842     4411     4417     4656     1298     4981     5045     5132     5039     2244     3216     5855     1888     1866     1783     3432     4227     3773     5421     850      4148     1901     1571     3060     5911     4217     2319     1951     4894     4378     5398     6098     938      5729     4037     3796     1617     7749     3273     1501     5531     6587     1219     1922     3116     
26       1675     6763     4655     5578     4588     6633     3826     3610     4517     1966     5492     1619     2890     3690     1742     4024     3125     3980     2671     3895     4940     2392     5223     5853     2005     514      0        6196     5479     6454     4542     6091     596      1940     799      625      5477     4060     3933     4637     1770     4494     4549     4624     4525     2422     2714     5368     2328     1366     1367     3089     3879     3937     5024     1296     3737     2169     1606     2610     5401     3920     2073     2227     4381     4098     4890     5697     448      5219     3534     3481     1419     7317     2797     1810     5017     6149     1731     2293     2611     
27       5172     8055     6555     4297     5657     8015     4929     9764     1725     5302     5380     7668     3314     5127     4837     4455     4774     6361     8792     5245     2685     3861     5633     4796     7985     6575     6196     0        4840     2460     5949     639      6737     4864     6891     5996     764      7621     5787     4552     7154     2802     3040     3553     4093     5914     4080     6153     8456     5029     4829     7199     7557     5973     7657     7425     2492     8348     7598     6104     5113     7986     4372     8408     3995     2524     5118     7992     6060     5033     3653     7592     7029     1637     5781     8005     4551     7679     7624     6855     5195     
28       3806     3234     2276     596      1418     3207     7267     7942     3864     3529     566      7015     4017     7322     5510     7040     2354     2535     7044     7539     6232     4691     954      410      6175     5992     5479     4840     0        2865     1723     4243     6035     5755     6247     5791     4722     3889     2056     7511     7201     2297     2016     1486     1139     7025     3028     1449     7552     4226     4646     4076     3933     8052     3350     6651     3793     6904     5940     3377     320      4446     5222     6967     1319     5244     738      3444     5065     379      2360     4258     5224     4545     3001     6771     499      2928     7191     7479     2907     
29       4964     6049     5006     2269     4071     6039     6597     9674     2570     4903     3430     8068     3844     6741     5658     6207     3925     5050     8703     6913     4757     4609     3798     2675     7825     6935     6454     2460     2865     0        4395     1828     7050     5803     7244     6494     2741     6432     4470     6484     7867     1969     1975     2173     2627     7061     3782     4310     8773     5095     5194     6315     6425     7583     6126     7750     3102     8391     7491     5330     3182     6919     5222     8456     2637     4117     3395     6294     6163     3171     3008     6619     6809     1690     4940     8135     2778     5788     8129     7829     4510     
30       3012     2484     618      2241     324      2387     7178     6438     4589     2635     1334     5908     4085     7176     5101     7067     1767     850      5600     7404     6708     4556     894      2105     4771     5025     4542     5949     1723     4395     0        5430     5020     5378     5225     4995     5638     2166     608      7620     6313     3152     2909     2416     1874     6529     2798     834      6322     3552     4112     2455     2217     7788     1744     5538     4221     5556     4605     2033     1440     2729     4947     5616     1955     5633     1025     2048     4095     1345     2561     2576     3919     6004     1755     5497     1626     1937     6140     6760     2012     
31       4927     7470     6041     3689     5129     7435     5238     9602     1580     5013     4791     7619     3207     5420     4869     4788     4372     5891     8624     5558     3119     3844     5063     4181     7792     6503     6091     639      4243     1828     5430     0        6654     4932     6821     5954     1049     7187     5310     4953     7187     2317     2530     3015     3559     6063     3781     5586     8391     4851     4727     6827     7135     6273     7155     7354     2356     8210     7415     5743     4525     7581     4401     8272     3475     2751     4561     7461     5912     4454     3257     7204     6811     1323     5400     7887     3979     7112     7604     6962     4838     
32       2246     7157     5083     6154     5088     7023     3985     3156     5076     2508     6024     1022     3447     3820     2108     4246     3682     4404     2267     4006     5336     2896     5737     6415     1752     191      596      6737     6035     7050     5020     6654     0        2251     211      828      6007     4324     4412     4844     1349     5091     5146     5215     5104     2411     3310     5852     1743     1963     1927     3344     4138     3938     5354     705      4298     1712     1395     3031     5945     4108     2502     1763     4962     4559     5427     6033     970      5764     4129     3696     1494     7892     3264     1316     5581     6543     1155     2032     3144     
33       2464     7822     5686     5649     5307     7709     1984     5394     3400     2862     5954     2968     1972     1903     283      2105     3643     5075     4518     2128     3106     1197     5822     6053     3933     2060     1940     4864     5755     5803     5378     4932     2251     0        2326     1424     4101     5573     4815     2724     2298     4042     4210     4506     4637     1297     2737     6120     3772     1901     1291     4676     5412     2413     6341     2820     2717     3958     3540     3864     5786     5573     583      4006     4461     2449     5358     6971     2136     5605     3424     5109     3311     6245     3866     3552     5256     7230     2847     2045     3397     
34       2457     7346     5280     6364     5296     7211     3990     3068     5241     2719     6234     823      3614     3815     2205     4273     3893     4601     2213     3994     5426     3040     5946     6627     1777     318      799      6891     6247     7244     5225     6821     211      2326     0        926      6157     4487     4617     4862     1179     5288     5347     5422     5314     2369     3513     6057     1570     2165     2101     3508     4301     3888     5531     533      4466     1637     1447     3229     6156     4253     2617     1683     5172     4677     5638     6210     1181     5975     4333     3849     1635     8067     3469     1226     5792     6732     944      1908     3355     
35       2017     7286     5158     5832     5011     7159     3229     3982     4373     2367     5856     1672     2758     3083     1282     3455     3460     4492     3094     3283     4509     2135     5622     6148     2529     639      625      5996     5791     6494     4995     5954     828      1424     926      0        5254     4660     4390     4061     1424     4569     4661     4805     4775     1797     2876     5809     2464     1566     1300     3696     4482     3311     5593     1450     3607     2540     2145     3140     5743     4539     1691     2590     4618     3751     5248     6260     1008     5559     3690     4095     2039     7221     3282     2140     5312     6674     1656     1767     3008     
36       4542     7872     6224     4229     5365     7819     4215     9064     1130     4707     5232     6925     2616     4405     4079     3755     4303     5962     8097     4534     2074     3119     5430     4743     7306     5842     5477     764      4722     2741     5638     1049     6007     4101     6157     5254     0        7162     5407     3905     6393     2510     2778     3321     3840     5151     3510     5937     7717     4355     4115     6669     7084     5256     7299     6690     1834     7638     6913     5570     4967     7489     3615     7697     3716     1769     4893     7686     5362     4863     3199     7077     6368     2314     5272     7287     4371     7451     6874     6090     4667     
37       3185     3112     1684     4387     2472     2968     7549     4696     6038     2822     3479     4943     5006     7477     5295     7584     2858     1388     4027     7701     7744     5173     3024     4271     3361     4411     4060     7621     3889     6432     2166     7187     4324     5573     4487     4660     7162     0        1961     8192     5666     4876     4694     4306     3809     6434     3748     2736     5104     3713     4323     979      187      7896     1163     4604     5463     4181     3365     1767     3605     589      5333     4228     3823     6670     3174     1813     3652     3510     3973     695      2870     7954     1943     4271     3739     2545     5249     6330     2564     
38       2418     3010     911      2482     723      2901     6652     5932     4317     2035     1790     5307     3636     6639     4536     6564     1277     587      5067     6868     6318     4048     1401     2462     4222     4417     3933     5787     2056     4470     608      5310     4412     4815     4617     4390     5407     1961     0        7130     5704     2994     2784     2359     1850     5944     2323     1439     5737     2965     3539     2020     1961     7229     1895     4937     3868     4994     4036     1446     1825     2465     4405     5054     1876     5235     1318     2357     3487     1686     2234     2223     3340     6008     1149     4918     1815     2429     5536     6156     1426     
39       5010     10104    8039     7219     7472     10007    911      7852     3966     5387     7859     5302     3560     1137     2972     619      5861     7500     7067     1065     1872     3088     7852     7707     6586     4656     4637     4552     7511     6484     7620     4953     4844     2724     4862     4061     3905     8192     7130     0        4332     5329     5585     6055     6386     2646     4821     8249     6050     4481     3878     7341     8042     1711     8842     5273     3747     6477     6207     6437     7638     8247     2860     6515     6209     2392     7324     9427     4860     7476     5215     7782     6032     6187     6359     6058     7034     9548     5069     3607     5803     
40       3404     8499     6410     7255     6357     8366     3422     3587     5624     3724     7244     1067     4059     3206     2321     3809     4858     5732     2943     3339     5286     3350     6988     7564     2781     1298     1770     7154     7201     7867     6313     7187     1349     2298     1179     1424     6393     5666     5704     4332     0        5967     6071     6229     6198     1686     4300     7139     1730     2986     2698     4687     5480     3051     6703     1219     4888     2349     2525     4358     7142     5427     2788     2368     6042     4740     6639     7382     2217     6958     5112     5027     2810     8485     4565     1955     6727     7884     765      855      4371     
41       2999     5368     3753     1908     2867     5312     5209     7725     1568     2963     2763     6111     2083     5304     3857     4913     2109     3574     6749     5505     3942     2854     2926     2415     5876     4981     4494     2802     2297     1969     3152     2317     5091     4042     5288     4569     2510     4876     2994     5329     5967     0        281      826      1331     5335     1813     3429     6807     3131     3272     4573     4830     6100     4855     5788     1585     6425     5534     3518     2505     5287     3460     6490     1208     2988     2386     5199     4195     2382     1065     4929     4861     3158     3151     6166     1892     4941     6186     6009     2642     
42       3001     5095     3516     1639     2617     5041     5442     7699     1850     2927     2482     6168     2273     5530     4013     5159     1989     3369     6728     5735     4220     3034     2652     2141     5849     5045     4549     3040     2016     1975     2909     2530     5146     4210     5347     4661     2778     4694     2784     5585     6071     281      0        546      1064     5506     1839     3159     6846     3182     3372     4438     4656     6317     4626     5837     1837     6426     5518     3404     2223     5123     3632     6491     954      3257     2115     4952     4229     2102     1038     4779     4833     3287     3026     6182     1611     4675     6258     6149     2552     
43       2998     4551     3031     1177     2113     4498     5862     7598     2392     2854     1937     6234     2636     5936     4288     5605     1778     2947     6640     6147     4746     3366     2108     1651     5755     5132     4624     3553     1486     2173     2416     3015     5215     4506     5422     4805     3321     4306     2359     6055     6229     826      546      0        543      5801     1930     2618     6873     3270     3551     4142     4284     6701     4151     5889     2317     6382     5448     3165     1680     4768     3941     6447     482      3761     1575     4445     4268     1556     1119     4453     4744     3650     2772     6168     1065     4139     6352     6377     2381     
44       2858     4040     2490     1057     1570     3982     6128     7311     2870     2649     1492     6110     2878     6183     4400     5905     1490     2435     6369     6400     5173     3555     1601     1416     5485     5039     4525     4093     1139     2627     1874     3559     5104     4637     5314     4775     3840     3809     1850     6386     6198     1331     1064     543      0        5918     1937     2099     6708     3211     3576     3713     3798     6916     3612     5755     2696     6152     5202     2795     1256     4291     4095     6217     180      4154     1056     3902     4139     1103     1224     3999     4488     4164     2397     5969     649      3611     6255     6418     2100     
45       3531     8922     6778     6938     6489     8801     1736     5236     4591     3924     7198     2681     3258     1523     1518     2135     4841     6135     4506     1667     3743     2483     7038     7333     4146     2244     2422     5914     7025     7061     6529     6063     2411     1297     2369     1797     5151     6434     5944     2646     1686     5335     5506     5801     5918     0        3997     7302     3409     2979     2428     5481     6259     1530     7319     2699     3960     3907     3804     4834     7041     6334     1875     3938     5743     3399     6595     7974     2790     6858     4712     5887     3819     7386     4911     3490     6527     8318     2429     1019     4519     
46       1193     5283     3234     2983     2662     5185     4403     5930     2384     1231     3219     4332     1317     4419     2485     4271     1046     2756     4951     4645     4040     1771     3112     3346     4086     3216     2714     4080     3028     3782     2798     3781     3310     2737     3513     2876     3510     3748     2323     4821     4300     1813     1839     1930     1937     3997     0        3457     5007     1349     1640     3166     3645     5089     4134     3999     1728     4613     3733     2070     3049     4012     2229     4678     1768     2955     2628     4665     2390     2868     821      3585     3078     4853     1808     4353     2531     4728     4433     4482     1187     
47       3809     1944     1056     2044     813      1883     7861     7207     4961     3442     898      6742     4689     7874     5848     7717     2477     1604     6394     8101     7205     5228     523      1728     5578     5855     5368     6153     1449     4310     834      5586     5852     6120     6057     5809     5937     2736     1439     8249     7139     3429     3159     2618     2099     7302     3457     0        7151     4335     4876     3199     2828     8518     1974     6373     4705     6372     5425     2866     1130     3324     5661     6430     2236     6152     1043     1997     4923     1149     3068     3253     4746     5982     2589     6323     1607     1526     6975     7570     2807     
48       3875     8168     6251     7738     6452     8026     5142     1880     6811     4060     7464     804      5184     4932     3702     5510     5237     5588     1442     5069     6867     4598     7125     7948     1756     1888     2328     8456     7552     8773     6322     8391     1743     3772     1570     2464     7717     5104     5737     6050     1730     6807     6846     6873     6708     3409     5007     7151     0        3677     3668     4194     4921     4766     6247     1039     6036     979      1760     4291     7421     4712     4140     954      6580     6192     6891     6914     2617     7248     5816     4411     2405     9635     4611     841      7127     7569     981      2549     4651     
49       564      5952     3809     4268     3525     5834     3848     4751     3310     963      4311     2986     1747     3792     1618     3871     1914     3182     3773     4020     4253     1558     4104     4581     2955     1866     1366     5029     4226     5095     3552     4851     1963     1901     2165     1566     4355     3713     2965     4481     2986     3131     3182     3270     3211     2979     1349     4335     3677     0        615      2869     3561     4301     4441     2657     2537     3368     2569     1972     4187     3778     1621     3431     3057     3256     3703     5070     1079     4003     2170     3313     2018     6030     1967     3069     3746     5352     3084     3271     1540     
