

sets
i        orders          /0*80/
k        routes          /1*80/
p        positions       /0*80/
;

alias(i,j)
alias(i,h)
alias(i,hh)
alias(i,jj)
alias(k,kk)
                            Parameters

rho(i)	Processing time
/
0	0
1	48
2	33
3	89
4	49
5	13
6	79
7	80
8	81
9	69
10	5
11	71
12	10
13	70
14	76
15	82
16	14
17	50
18	12
19	96
20	91
21	80
22	53
23	73
24	15
25	22
26	18
27	81
28	76
29	69
30	32
31	24
32	67
33	52
34	19
35	25
36	93
37	6
38	14
39	99
40	2
41	3
42	59
43	30
44	38
45	32
46	14
47	19
48	92
49	99
50	3
51	31
52	24
53	43
54	69
55	10
56	18
57	70
58	47
59	27
60	58
61	92
62	25
63	58
64	26
65	27
66	82
67	39
68	63
69	46
70	75
71	69
72	80
73	14
74	30
75	96
76	87
77	23
78	84
79	35
80	21
/

gamma(i)	Duedate
/
0	0
1	19
2	76
3	55
4	57
5	40
6	16
7	96
8	52
9	72
10	75
11	9
12	11
13	68
14	9
15	28
16	48
17	98
18	42
19	14
20	63
21	83
22	13
23	47
24	54
25	28
26	66
27	35
28	47
29	55
30	53
31	77
32	98
33	23
34	22
35	41
36	76
37	86
38	71
39	64
40	82
41	81
42	39
43	13
44	19
45	23
46	10
47	60
48	54
49	58
50	27
51	48
52	2
53	60
54	18
55	86
56	62
57	44
58	46
59	31
60	95
61	52
62	92
63	41
64	58
65	96
66	21
67	30
68	43
69	68
70	92
71	12
72	63
73	54
74	85
75	63
76	7
77	3
78	10
79	42
80	8
/

sigma(i)	Size
/
0	0
1	6
2	5
3	9
4	4
5	8
6	5
7	4
8	8
9	2
10	5
11	7
12	9
13	6
14	9
15	2
16	9
17	7
18	1
19	4
20	8
21	4
22	7
23	8
24	2
25	1
26	9
27	4
28	9
29	1
30	4
31	3
32	3
33	2
34	4
35	2
36	7
37	7
38	6
39	3
40	4
41	6
42	4
43	4
44	6
45	6
46	5
47	1
48	2
49	7
50	6
51	3
52	4
53	8
54	1
55	4
56	1
57	2
58	7
59	4
60	6
61	8
62	1
63	4
64	6
65	2
66	8
67	4
68	8
69	9
70	6
71	3
72	1
73	8
74	6
75	9
76	2
77	7
78	1
79	3
80	2
/

epsilon(i)	Priority
/
0	0
1	1
2	4
3	7
4	4
5	6
6	3
7	7
8	6
9	3
10	5
11	9
12	6
13	1
14	4
15	7
16	3
17	4
18	6
19	8
20	5
21	2
22	2
23	8
24	7
25	4
26	2
27	4
28	1
29	1
30	4
31	6
32	9
33	8
34	5
35	9
36	7
37	2
38	9
39	5
40	4
41	4
42	1
43	7
44	2
45	2
46	1
47	5
48	6
49	5
50	2
51	6
52	8
53	9
54	4
55	3
56	6
57	7
58	5
59	4
60	5
61	8
62	5
63	4
64	5
65	8
66	8
67	6
68	5
69	8
70	1
71	8
72	2
73	9
74	6
75	6
76	9
77	2
78	7
79	3
80	9
/

psi	Vehicle Capacity
/ 46 /
;

Table kappa(i,j)                 Setup
         0        1        2        3        4        5        6        7        8        9        10       11       12       13       14       15       16       17       18       19       20       21       22       23       24       25       26       27       28       29       30       31       32       33       34       35       36       37       38       39       40       41       42       43       44       45       46       47       48       49       50       51       52       53       54       55       56       57       58       59       60       61       62       63       64       65       66       67       68       69       70       71       72       73       74       75       76       77       78       79       80       
0        0        2390     5277     5927     6582     4040     2468     734      5378     2441     5747     1551     2501     5197     3472     5358     4015     2457     3040     4836     2587     555      3180     7290     2455     5746     5461     6083     3775     932      3663     6491     4356     3551     3408     1279     4853     5733     2947     5042     6779     4700     4857     3622     4699     3119     6342     4910     2319     1394     5805     823      2949     5201     6126     6533     4690     4867     6999     3436     6567     4340     4557     2362     4020     627      5537     5160     3010     3985     4985     5196     5566     5976     2364     4092     1948     5043     5008     3540     2566     
1        2390     0        5379     5668     5674     4299     3377     2962     6621     3382     7585     3896     3730     5414     3810     5253     6020     172      4584     5048     302      2723     5569     8202     3047     4608     5819     7291     6025     1977     3621     6765     2587     3802     3924     1574     6364     7019     2966     5064     6911     6220     6753     3677     6862     1569     5487     5308     1164     1268     7058     2111     2324     7115     5889     7881     5670     4300     7468     3478     6612     6505     5625     499      6082     3017     7876     5743     3526     3145     3908     4723     4400     6810     1055     2232     3295     7103     6462     4046     2415     
2        5277     5379     0        967      2582     1237     2861     5891     2898     2896     4999     5310     3047     258      1805     461      4720     5241     3297     462      5659     4880     6522     3316     2822     2796     671      3190     5667     5949     1771     1395     4098     1737     1889     5961     3448     3205     2491     331      1549     3420     4706     1746     5723     4049     2352     687      6387     5782     3149     4506     3059     4959     1062     3898     1987     1587     2166     1950     1296     5536     2185     5837     4938     5426     7401     1103     2268     2522     2615     1295     2826     2122     4323     4292     3491     5456     3343     1766     3031     
3        5927     5668     967      0        1701     1987     3619     6584     3799     3658     5933     6129     3877     1214     2509     617      5685     5515     4221     1372     5926     5583     7424     3859     3492     2198     1485     4008     6618     6510     2271     1621     3956     2405     2665     6463     4399     4075     3006     994      1482     4377     5668     2305     6691     4200     1504     1653     6753     6251     4007     5123     3371     5915     221      4699     2943     1417     2456     2493     1125     6501     3147     6152     5902     6148     8367     2016     2983     2571     2278     985      2292     2869     4626     4218     4267     6421     4285     2559     3490     
4        6582     5674     2582     1701     0        3202     4626     7298     5475     4669     7579     7132     5000     2840     3567     2131     7154     5504     5547     2875     5875     6359     8610     5495     4362     1137     3174     5709     7992     6969     3102     3221     3376     3432     3803     6810     6018     5766     3698     2462     2947     5979     7243     3206     8189     4105     260      3246     6833     6548     5701     5760     3676     7514     1757     6401     4555     1769     4013     3327     2616     7966     4741     6173     7360     6937     9832     3680     3988     2643     1766     1588     1340     4570     4745     3722     5260     7978     5921     3738     4016     
5        4040     4299     1237     1987     3202     0        1642     4658     2867     1680     4679     4142     1892     1176     569      1376     3981     4176     2345     805      4591     3648     5473     3986     1586     2952     1530     3388     4790     4722     740      2524     3506     517      678      4753     3105     3253     1337     1022     2759     3024     4183     640      5027     3135     2942     1009     5243     4587     3241     3271     2049     4493     2159     4081     1785     1574     3175     825      2529     4785     1880     4731     4180     4199     6644     1476     1032     1895     2460     1616     2893     2613     3258     3608     2286     4876     3074     573      1890     
6        2468     3377     2861     3619     4626     1642     0        3039     3250     42       4369     2530     489      2754     1112     3014     3102     3306     1382     2406     3679     2029     3998     4962     436      4080     2995     3930     3607     3249     1526     4025     3692     1228     971      3372     3014     3645     1115     2665     4326     2877     3630     1420     4118     2793     4367     2445     4075     3274     3687     1779     1812     3989     3797     4505     2358     2862     4539     1306     4133     3807     2280     3704     3246     2565     5561     2700     647      2460     3398     3074     3954     3597     2505     3626     651      4159     3097     1095     1300     
7        734      2962     5891     6584     7298     4658     3039     0        5706     3007     5805     1367     2981     5792     4098     6003     4023     3055     3356     5441     3117     1010     2730     7684     3093     6476     6025     6405     3579     1112     4335     7053     5073     4187     4004     1569     5094     6036     3637     5673     7364     4941     4905     4284     4562     3835     7055     5479     2633     1795     6118     1541     3680     5228     6778     6796     5123     5570     7512     4105     7171     4210     4968     2839     3987     521      5188     5682     3626     4714     5716     5887     6297     6416     3070     4798     2450     4979     5267     4132     3283     
8        5378     6621     2898     3799     5475     2867     3250     5706     0        3249     2170     4570     2971     2641     3066     3357     2608     6542     2352     2693     6924     4834     5028     2059     3580     5616     2315     704      3734     6281     3555     2772     6355     3150     2847     6501     884      403      3868     3075     3231     977      2154     3420     3359     5805     5250     2273     7300     6453     438      4895     4700     2291     3809     1269     1082     4270     2605     3538     3334     3310     1032     6954     2825     5186     5025     1795     3168     4759     5263     4112     5608     1239     5696     6424     3503     2912     678      2762     4337     
9        2441     3382     2896     3658     4669     1680     42       3007     3249     0        4348     2489     456      2787     1152     3053     3070     3313     1354     2440     3684     1997     3955     4974     467      4122     3024     3931     3568     3228     1569     4054     3724     1270     1007     3358     3002     3643     1154     2702     4357     2863     3604     1463     4084     2817     4410     2475     4069     3263     3687     1760     1844     3963     3836     4502     2367     2905     4563     1349     4166     3771     2284     3705     3211     2531     5522     2723     689      2501     3440     3116     3996     3611     2519     3656     610      4128     3087     1130     1329     
10       5747     7585     4999     5933     7579     4679     4369     5805     2170     4348     0        4455     3923     4741     4678     5447     1792     7550     3023     4724     7873     5204     4110     3608     4793     7594     4462     2292     2642     6675     5244     4927     7952     4797     4409     7012     1582     2013     5316     5129     5385     1655     899      5097     1787     7159     7343     4334     7983     7060     2120     5556     6126     606      5960     1984     3029     6215     4647     5153     5502     1965     2859     7805     1875     5336     3175     3917     4586     6465     7140     6130     7556     3354     6840     7943     4294     1178     1657     4375     5653     
11       1551     3896     5310     6129     7132     4142     2530     1367     4570     2489     4455     0        2263     5161     3639     5517     2666     3942     2299     4847     4116     1184     1730     6606     2771     6483     5300     5251     2244     2374     4034     6299     5516     3759     3464     2790     3872     4864     3463     5154     6663     3724     3556     3941     3207     4325     6875     4784     3853     2940     4957     1896     3810     3871     6298     5572     4159     5363     6641     3806     6524     2852     3972     3909     2621     972      3990     4873     3178     4747     5752     5600     6331     5430     3649     5310     1881     3612     4061     3571     3303     
12       2501     3730     3047     3877     5000     1892     489      2981     2971     456      3923     2263     0        2904     1435     3262     2613     3674     909      2585     4028     1999     3610     4801     923      4515     3076     3668     3134     3357     1928     4096     4181     1568     1223     3541     2634     3353     1597     2894     4434     2490     3161     1806     3629     3259     4740     2544     4332     3482     3408     1930     2300     3522     4040     4199     2192     3253     4531     1724     4275     3318     2071     4019     2756     2476     5082     2704     1027     2934     3852     3426     4397     3475     2920     4110     554      3674     2738     1319     1782     
13       5197     5414     258      1214     2840     1176     2754     5792     2641     2787     4741     5161     2904     0        1743     716      4485     5282     3099     373      5699     4782     6331     3134     2753     3032     472      2945     5446     5897     1792     1357     4248     1692     1790     5929     3192     2952     2486     496      1585     3165     4454     1746     5482     4131     2610     444      6396     5761     2898     4441     3108     4704     1291     3655     1732     1785     2072     1949     1379     5300     1933     5862     4704     5318     7163     848      2188     2650     2817     1524     3055     1898     4361     4427     3370     5207     3086     1661     3034     
14       3472     3810     1805     2509     3567     569      1112     4098     3066     1152     4678     3639     1435     1743     0        1911     3770     3696     2050     1373     4107     3089     5046     4406     1017     3150     2071     3656     4479     4154     579      3081     3314     139      277      4192     3145     3467     855      1575     3327     3041     4090     432      4820     2764     3306     1530     4714     4034     3473     2702     1655     4421     2693     4322     2003     1834     3703     480      3099     4550     2036     4225     3952     3646     6384     1934     474      1786     2553     1990     3056     3016     2788     3361     1763     4735     3153     310      1396     
15       5358     5253     461      617      2131     1376     3014     6003     3357     3053     5447     5517     3262     716      1911     0        5104     5107     3610     776      5523     4997     6807     3717     2910     2348     1115     3650     6017     5975     1732     1646     3780     1815     2054     5952     3888     3667     2473     379      1680     3853     5129     1746     6120     3850     1897     1116     6303     5753     3611     4564     2931     5391     783      4356     2425     1216     2467     1943     1362     5920     2616     5725     5318     5557     7788     1564     2386     2262     2220     869      2389     2568     4200     4001     3661     5874     3790     1945     2984     
16       4015     6020     4720     5685     7154     3981     3102     4023     2608     3070     1792     2666     2613     4485     3770     5104     0        6008     1750     4328     6294     3487     2505     4597     3537     6906     4375     3136     1127     4932     4344     5149     6795     3907     3495     5292     1727     2739     4187     4735     5596     1633     898      4201     1050     5838     6899     4040     6298     5367     2855     3928     4914     1205     5776     3220     2851     5547     5162     4189     5599     816      2624     6184     226      3567     2684     3817     3518     5484     6323     5586     6823     3790     5397     6718     2826     1089     1938     3514     4391     
17       2457     172      5241     5515     5504     4176     3306     3055     6542     3313     7550     3942     3674     5282     3696     5107     6008     0        4540     4917     417      2762     5629     8096     2962     4437     5692     7206     6045     2100     3490     6630     2418     3684     3819     1710     6305     6941     2848     4925     6769     6163     6726     3550     6866     1399     5318     5185     1337     1402     6977     2122     2183     7089     5736     7805     5578     4141     7341     3353     6467     6511     5540     668      6076     3084     7911     5628     3427     2984     3738     4566     4228     6704     920      2065     3256     7093     6399     3939     2300     
18       3040     4584     3297     4221     5547     2345     1382     3356     2352     1354     3023     2299     909      3099     2050     3610     1750     4540     0        2854     4877     2490     3235     4339     1818     5201     3135     3054     2446     3957     2615     4084     5064     2189     1782     4212     1836     2695     2440     3231     4481     1684     2252     2474     2790     4168     5287     2675     5091     4200     2771     2642     3190     2612     4351     3494     1864     3868     4359     2448     4391     2506     1673     4838     1916     2835     4333     2649     1769     3735     4590     3959     5106     3131     3818     5008     1292     2783     1976     1822     2683     
19       4836     5048     462      1372     2875     805      2406     5441     2693     2440     4724     4847     2585     373      1373     776      4328     4917     2854     0        5335     4430     6071     3407     2387     2923     786      3076     5246     5527     1427     1730     3966     1319     1436     5556     3151     3035     2113     413      1954     3107     4369     1375     5345     3787     2630     429      6024     5387     2994     4075     2749     4639     1496     3788     1695     1599     2426     1578     1732     5144     1870     5494     4542     4972     7012     970      1825     2350     2621     1420     2921     2108     3997     4126     3032     5108     3067     1310     2663     
20       2587     302      5659     5926     5875     4591     3679     3117     6924     3684     7873     4116     4028     5699     4107     5523     6294     417      4877     5335     0        2956     5767     8502     3350     4792     6108     7594     6271     2081     3907     7048     2705     4097     4224     1647     6662     7322     3261     5342     7187     6518     7036     3966     7122     1778     5695     5600     1025     1356     7360     2373     2601     7398     6147     8184     5973     4546     7758     3769     6884     6764     5928     368      6351     3213     8103     6040     3828     3385     4109     4973     4583     7110     1338     2341     3587     7375     6762     4346     2711     
21       555      2723     4880     5583     6359     3648     2029     1010     4834     1997     5204     1184     1999     4782     3089     4997     3487     2762     2490     4430     2956     0        2902     6763     2090     5593     5019     5538     3323     1487     3348     6048     4407     3182     2993     1809     4298     5185     2669     4665     6355     4145     4317     3289     4213     3190     6111     4471     2815     1884     5258     738      2822     4664     5775     5981     4173     4612     6524     3116     6160     3853     4032     2776     3503     578      5152     4689     2617     3828     4839     4911     5424     5464     2485     4177     1455     4530     4454     3121     2371     
22       3180     5569     6522     7424     8610     5473     3998     2730     5028     3955     4110     1730     3610     6331     5046     6807     2505     5629     3235     6071     5767     2902     0        7066     4322     8065     6365     5613     1468     3842     5521     7283     7235     5179     4823     4297     4177     5213     5043     6429     7696     4059     3316     5408     2414     6053     8350     5910     5363     4503     5325     3625     5486     3511     7566     5725     4981     6856     7454     5304     7622     2155     4761     5525     2330     2553     2502     5858     4624     6372     7357     7036     7927     6121     5379     7037     3396     2994     4390     4905     4962     
23       7290     8202     3316     3859     5495     3986     4962     7684     2059     4974     3608     6606     4801     3134     4406     3717     4597     8096     4339     3407     8502     6763     7066     0        5197     6030     2663     1461     5721     8158     4724     2274     7373     4436     4278     8326     2888     1857     5262     3625     2600     3008     3973     4626     5192     7121     5336     3027     9022     8237     1743     6716     6031     3981     3753     1639     2613     4904     1537     4800     2895     5217     2733     8593     4802     7163     6758     2512     4680     5757     5929     4586     6093     1391     7194     7531     5355     4652     2676     4156     5799     
24       2455     3047     2822     3492     4362     1586     436      3093     3580     467      4793     2771     923      2753     1017     2910     3537     2962     1818     2387     3350     2090     4322     5197     0        3742     3053     4244     4014     3149     1277     4076     3257     1096     988      3215     3407     3980     724      2587     4339     3274     4063     1204     4549     2366     4106     2502     3827     3081     4015     1688     1376     4421     3685     4845     2627     2593     4653     1045     4116     4235     2578     3406     3678     2657     5973     2832     569      2072     3038     2851     3605     3813     2124     3190     926      4595     3477     1123     866      
25       5746     4608     2796     2198     1137     2952     4080     6476     5616     4122     7594     6483     4515     3032     3150     2348     6906     4437     5201     2923     4792     5593     8065     6030     3742     0        3462     5975     7623     6035     2597     3819     2240     3011     3419     5835     6012     5956     3027     2556     3655     5946     7135     2731     7956     3045     1039     3347     5773     5558     5912     4938     2796     7440     2351     6686     4591     1382     4654     2790     3299     7696     4740     5104     7095     6164     9534     3863     3490     1766     761      1511     209      4916     3734     2590     4669     7827     5953     3393     3222     
26       5461     5819     671      1485     3174     1530     2995     6025     2315     3024     4462     5300     3076     472      2071     1115     4375     5692     3135     786      6108     5019     6365     2663     3053     3462     0        2545     5388     6200     2205     1030     4719     2044     2066     6259     2956     2592     2865     963      1362     2949     4254     2142     5337     4574     2960     551      6773     6105     2527     4733     3531     4478     1497     3247     1537     2249     1649     2341     1258     5183     1759     6258     4599     5535     7029     566      2483     3116     3280     1966     3497     1453     4771     4894     3578     5017     2826     1932     3419     
27       6083     7291     3190     4008     5709     3388     3930     6405     704      3931     2292     5251     3668     2945     3656     3650     3136     7206     3054     3076     7594     5538     5613     1461     4244     5975     2545     0        4259     6985     4106     2738     6895     3727     3458     7202     1439     401      4484     3420     3182     1568     2533     3979     3756     6416     5501     2646     7992     7151     295      5595     5308     2577     3980     711      1655     4675     2362     4114     3355     3764     1667     7634     3341     5885     5363     2114     3804     5280     5694     4464     5989     1167     6347     6987     4204     3240     1229     3361     4973     
28       3775     6025     5667     6618     7992     4790     3607     3579     3734     3568     2642     2244     3134     5446     4479     6017     1127     6045     2446     5246     6271     3323     1468     5721     4014     7623     5388     4259     0        4618     5026     6215     7208     4618     4218     5033     2854     3864     4722     5640     6653     2758     1859     4892     1016     6135     7732     5004     6091     5169     3981     3923     5345     2043     6729     4304     3896     6308     6271     4840     6632     705      3668     6100     918      3216     1963     4842     4141     6067     6981     6405     7517     4904     5580     7078     3153     1549     3066     4266     4806     
29       932      1977     5949     6510     6969     4722     3249     1112     6281     3228     6675     2374     3357     5897     4154     5975     4932     2100     3957     5527     2081     1487     3842     8158     3149     6035     6200     6985     4618     0        4245     7225     4349     4212     4134     461      5779     6643     3506     5687     7481     5626     5783     4230     5573     3140     6743     5649     1521     724      6711     1472     3294     6124     6720     7452     5547     5332     7782     4032     7245     5216     5428     1770     4927     1402     6290     5946     3718     4326     5278     5700     5840     6822     2367     4035     2804     5944     5930     4268     3033     
30       3663     3621     1771     2271     3102     740      1526     4335     3555     1569     5244     4034     1928     1792     579      1732     4344     3490     2615     1427     3907     3348     5521     4724     1277     2597     2205     4106     5026     4245     0        3146     2799     449      856      4220     3697     3949     740      1473     3319     3599     4667     147      5393     2398     2844     1721     4615     4026     3945     2853     1327     4998     2476     4790     2475     1336     3852     232      3045     5119     2539     4071     4524     3922     6944     2212     901      1225     1978     1574     2493     3353     2569     2881     2158     5314     3693     870      1262     
31       6491     6765     1395     1621     3221     2524     4025     7053     2772     4054     4927     6299     4096     1357     3081     1646     5149     6630     4084     1730     7048     6048     7283     2274     4076     3819     1030     2738     6215     7225     3146     0        5426     3042     3093     7274     3567     2927     3843     1721     459      3599     4886     3104     6044     5443     3067     1580     7754     7112     2830     5759     4450     5056     1490     3360     2322     2856     838      3307     639      5933     2549     7218     5376     6562     7735     1435     3506     3893     3831     2474     3906     1584     5711     5645     4605     5654     3397     2958     4392     
32       4356     2587     4098     3956     3376     3506     3692     5073     6355     3724     7952     5516     4181     4248     3314     3780     6795     2418     5064     3966     2705     4407     7235     7373     3257     2240     4719     6895     7208     4349     2799     5426     0        3215     3566     4041     6450     6748     2642     3772     5410     6340     7285     2935     7803     1238     3249     4361     3727     3737     6743     3670     1881     7635     4164     7586     5274     2575     6244     2833     5062     7483     5336     3054     6934     4908     9170     4900     3366     1625     1726     2984     2035     6057     2009     369      4056     7848     6466     3624     2413     
33       3551     3802     1737     2405     3432     517      1228     4187     3150     1270     4797     3759     1568     1692     139      1815     3907     3684     2189     1319     4097     3182     5179     4436     1096     3011     2044     3727     4618     4212     449      3042     3215     0        412      4236     3256     3548     836      1490     3272     3155     4218     301      4957     2707     3172     1513     4729     4070     3551     2770     1603     4548     2593     4399     2078     1696     3686     388      3033     4688     2124     4226     4090     3743     6523     1945     582      1668     2417     1859     2918     3049     2770     3273     1879     4868     3258     422      1387     
34       3408     3924     1889     2665     3803     678      971      4004     2847     1007     4409     3464     1223     1790     277      2054     3495     3819     1782     1436     4224     2993     4823     4278     988      3419     2066     3458     4218     4134     856      3093     3566     412      0        4203     2885     3249     1025     1697     3371     2778     3813     710      4545     2960     3542     1515     4781     4063     3262     2667     1853     4146     2837     4110     1802     2090     3666     743      3167     4277     1814     4320     3679     3536     6115     1854     422      2058     2829     2218     3329     2886     2925     3599     1609     4458     2901     134      1531     
35       1279     1574     5961     6463     6810     4753     3372     1569     6501     3358     7012     2790     3541     5929     4192     5952     5292     1710     4212     5556     1647     1809     4297     8326     3215     5835     6259     7202     5033     461      4220     7274     4041     4236     4203     0        6046     6873     3481     5684     7506     5893     6126     4222     5972     2865     6594     5712     1071     309      6935     1612     3163     6473     6677     7698     5713     5227     7868     4019     7253     5613     5609     1321     5300     1820     6734     6043     3781     4171     5087     5613     5635     6969     2113     3712     2998     6323     6187     4337     2973     
36       4853     6364     3448     4399     6018     3105     3014     5094     884      3002     1582     3872     2634     3192     3145     3888     1727     6305     1836     3151     6662     4298     4177     2888     3407     6012     2956     1439     2854     5779     3697     3567     6450     3256     2885     6046     0        1038     3845     3560     4025     153      1319     3552     2494     5746     5778     2772     6923     6036     1148     4477     4673     1522     4443     1703     1463     4633     3475     3625     4087     2429     1281     6647     1943     4581     4175     2395     3113     4923     5565     4550     5975     2100     5520     6469     3107     2088     212      2836     4239     
37       5733     7019     3205     4075     5766     3253     3645     6036     403      3643     2013     4864     3353     2952     3467     3667     2739     6941     2695     3035     7322     5185     5213     1857     3980     5956     2592     401      3864     6643     3949     2927     6748     3548     3249     6873     1038     0        4271     3404     3381     1169     2164     3816     3388     6208     5548     2609     7686     6831     119      5271     5103     2237     4069     866      1474     4624     2644     3936     3520     3382     1435     7348     2946     5517     5016     2104     3572     5148     5627     4447     5956     1345     6098     6822     3879     2891     829      3163     4740     
38       2947     2966     2491     3006     3698     1337     1115     3637     3868     1154     5316     3463     1597     2486     855      2473     4187     2848     2440     2113     3261     2669     5043     5262     724      3027     2865     4484     4722     3506     740      3843     2642     836      1025     3481     3845     4271     0        2205     4040     3726     4643     745      5216     1936     3447     2344     3911     3292     4287     2130     835      4993     3214     5134     2828     1942     4513     540      3776     4912     2836     3394     4341     3247     6676     2780     732      1349     2315     2250     2885     3872     1935     2629     1649     5221     3881     1127     553      
39       5042     5064     331      994      2462     1022     2665     5673     3075     2702     5129     5154     2894     496      1575     379      4735     4925     3231     413      5342     4665     6429     3625     2587     2556     963      3420     5640     5687     1473     1721     3772     1490     1697     5684     3560     3404     2205     0        1849     3518     4782     1462     5755     3721     2219     803      6085     5497     3357     4258     2741     5052     1146     4131     2100     1289     2497     1666     1571     5550     2280     5526     4947     5219     7419     1307     2047     2192     2321     1045     2570     2392     4008     3963     3307     5521     3472     1584     2736     
40       6779     6911     1549     1482     2947     2759     4326     7364     3231     4357     5385     6663     4434     1585     3327     1680     5596     6769     4481     1954     7187     6355     7696     2600     4339     3655     1362     3182     6653     7481     3319     459      5410     3272     3371     7506     4025     3381     4040     1849     0        4055     5345     3295     6499     5530     2820     1891     7934     7330     3283     6027     4586     5516     1305     3787     2757     2838     1076     3500     357      6383     2985     7375     5822     6882     8191     1838     3773     3938     3757     2426     3763     2037     5855     5653     4926     6113     3856     3240     4580     
41       4700     6220     3420     4377     5979     3024     2877     4941     977      2863     1655     3724     2490     3165     3041     3853     1633     6163     1684     3107     6518     4145     4059     3008     3274     5946     2949     1568     2758     5626     3599     3599     6340     3155     2778     5893     153      1169     3726     3518     4055     0        1305     3453     2447     5619     5737     2738     6773     5884     1274     4326     4552     1539     4428     1855     1433     4564     3541     3520     4104     2362     1237     6500     1854     4428     4136     2385     2993     4824     5485     4495     5904     2166     5382     6353     2958     2072     341      2734     4111     
42       4857     6753     4706     5668     7243     4183     3630     4905     2154     3604     899      3556     3161     4454     4090     5129     898      6726     2252     4369     7036     4317     3316     3973     4063     7135     4254     2533     1859     5783     4667     4886     7285     4218     3813     6126     1319     2164     4643     4782     5345     1305     0        4520     1223     6420     6996     4020     7109     6183     2283     4697     5426     363      5727     2469     2728     5753     4759     4548     5405     1259     2521     6953     1008     4438     2870     3688     3929     5866     6618     5725     7076     3394     6052     7247     3482     768      1493     3801     4929     
43       3622     3677     1746     2305     3206     640      1420     4284     3420     1463     5097     3941     1806     1746     432      1746     4201     3550     2474     1375     3966     3289     5408     4626     1204     2731     2142     3979     4892     4230     147      3104     2935     301      710      4222     3552     3816     745      1462     3295     3453     4520     0        5250     2496     2947     1641     4650     4037     3814     2820     1409     4850     2505     4660     2342     1448     3791     204      3032     4978     2401     4119     4381     3859     6806     2117     783      1370     2121     1658     2631     3249     2629     3009     2061     5168     3550     723      1288     
44       4699     6862     5723     6691     8189     5027     4118     4562     3359     4084     1787     3207     3629     5482     4820     6120     1050     6866     2790     5345     7122     4213     2414     5192     4549     7956     5337     3756     1016     5573     5393     6044     7803     4957     4545     5972     2494     3388     5216     5755     6499     2447     1223     5250     0        6807     7935     5038     7017     6088     3507     4751     5921     1246     6771     3652     3800     6595     5964     5236     6532     360      3578     6978     875      4172     1694     4772     4559     6525     7372     6627     7873     4592     6320     7711     3783     611      2685     4563     5392     
45       3119     1569     4049     4200     4105     3135     2793     3835     5805     2817     7159     4325     3259     4131     2764     3850     5838     1399     4168     3787     1778     3190     6053     7121     2366     3045     4574     6416     6135     3140     2398     5443     1238     2707     2960     2865     5746     6208     1936     3721     5530     5619     6420     2496     6807     0        3919     4115     2730     2570     6223     2452     1108     6780     4421     7070     4760     2797     6202     2329     5210     6472     4773     2068     5954     3678     8085     4610     2649     1632     2339     3229     2838     5745     777      987      3023     6916     5797     3055     1509     
46       6342     5487     2352     1504     260      2942     4367     7055     5250     4410     7343     6875     4740     2610     3306     1897     6899     5318     5287     2630     5695     6111     8350     5336     4106     1039     2960     5501     7732     6743     2844     3067     3249     3172     3542     6594     5778     5548     3447     2219     2820     5737     6996     2947     7935     3919     0        3009     6642     6335     5486     5519     3449     7270     1584     6197     4316     1513     3874     3070     2479     7710     4500     5986     7104     6690     9576     3454     3729     2423     1589     1328     1227     4372     4541     3586     5003     7728     5685     3478     3776     
47       4910     5308     687      1653     3246     1009     2445     5479     2273     2475     4334     4784     2544     444      1530     1116     4040     5185     2675     429      5600     4471     5910     3027     2502     3347     551      2646     5004     5649     1721     1580     4361     1513     1515     5712     2772     2609     2344     803      1891     2738     4020     1641     5038     4115     3009     0        6242     5562     2566     4182     3047     4277     1736     3358     1309     2028     2173     1833     1740     4856     1501     5738     4259     4992     6719     546      1933     2738     3050     1839     3349     1697     4267     4507     3036     4770     2676     1381     2898     
48       2319     1164     6387     6753     6833     5243     4075     2633     7300     4069     7983     3853     4332     6396     4714     6303     6298     1337     5091     6024     1025     2815     5363     9022     3827     5773     6773     7992     6091     1521     4615     7754     3727     4729     4781     1071     6923     7686     3911     6085     7934     6773     7109     4650     7017     2730     6642     6242     0        931      7738     2449     3382     7461     6973     8531     6431     5414     8415     4446     7650     6657     6354     675      6319     2886     7805     6634     4363     4274     5068     5830     5565     7641     2135     3365     3821     7346     7049     4911     3361     
49       1394     1268     5782     6251     6548     4587     3274     1795     6453     3263     7060     2940     3482     5761     4034     5753     5367     1402     4200     5387     1356     1884     4503     8237     3081     5558     6105     7151     5169     724      4026     7112     3737     4070     4063     309      6036     6831     3292     5497     7330     5884     6183     4037     6088     2570     6335     5562     931      0        6889     1562     2922     6534     6466     7667     5629     4990     7727     3832     7068     5728     5536     1049     5387     1982     6913     5913     3641     3914     4815     5383     5357     6869     1828     3405     2952     6415     6169     4197     2769     
