

sets
i        orders          /0*20/
k        routes          /1*20/
p        positions       /0*20/
;

alias(i,j)
alias(i,h)
alias(i,hh)
alias(i,jj)
alias(k,kk)
                            Parameters

rho(i)	Processing time
/
0	0
1	28
2	76
3	15
4	53
5	28
6	23
7	39
8	31
9	72
10	79
11	98
12	20
13	90
14	17
15	92
16	51
17	63
18	17
19	60
20	78
/

gamma(i)	Duedate
/
0	0
1	95
2	62
3	33
4	69
5	74
6	70
7	93
8	21
9	80
10	61
11	7
12	69
13	82
14	41
15	89
16	73
17	38
18	98
19	31
20	29
/

sigma(i)	Size
/
0	0
1	2
2	5
3	1
4	4
5	5
6	8
7	6
8	3
9	8
10	9
11	6
12	5
13	3
14	2
15	8
16	8
17	2
18	3
19	3
20	7
/

epsilon(i)	Priority
/
0	0
1	4
2	5
3	3
4	5
5	7
6	2
7	9
8	5
9	6
10	5
11	5
12	2
13	3
14	9
15	9
16	5
17	3
18	5
19	7
20	3
/

psi	Vehicle Capacity
/ 84 /
;

Table kappa(i,j)                 Setup
         0        1        2        3        4        5        6        7        8        9        10       11       12       13       14       15       16       17       18       19       20       
0        0        929      934      636      1804     763      1119     1887     1677     1048     2285     1089     1359     2045     1074     1871     2131     460      845      362      2057     
1        929      0        115      400      1366     963      471      1444     1387     1274     1543     1456     1279     1661     1291     2052     2229     1243     221      644      1974     
2        934      115      0        346      1253     879      359      1332     1271     1180     1463     1370     1167     1548     1197     1946     2118     1210     326      684      1858     
3        636      400      346      0        1273     583      487      1357     1216     910      1659     1074     1009     1548     930      1726     1931     865      473      495      1732     
4        1804     1366     1253     1273     0        1123     894      84       273      1073     810      1274     642      297      1061     1248     1249     1746     1579     1767     837      
5        763      963      879      583      1123     0        780      1202     947      335      1761     493      599      1325     358      1175     1408     623      1055     895      1295     
6        1119     471      359      487      894      780      0        973      927      1012     1173     1228     885      1189     1022     1690     1831     1274     685      958      1536     
7        1887     1444     1332     1357     84       1202     973      0        317      1140     786      1336     703      229      1127     1265     1246     1825     1658     1851     823      
8        1677     1387     1271     1216     273      947      927      317      0        839      1082     1025     396      378      824      986      1017     1560     1585     1693     639      
9        1048     1274     1180     910      1073     335      1012     1140     839      0        1811     227      442      1208     25       843      1087     780      1383     1223     1030     
10       2285     1543     1463     1659     810      1761     1173     786      1082     1811     0        2030     1417     919      1805     2051     2019     2362     1758     2126     1584     
11       1089     1456     1370     1074     1274     493      1228     1336     1025     227      2030     0        632      1380     228      790      1066     735      1544     1320     1102     
12       1359     1279     1167     1009     642      599      885      703      396      442      1417     632      0        766      427      809      951      1185     1445     1439     725      
13       2045     1661     1548     1548     297      1325     1189     229      378      1208     919      1380     766      0        1191     1171     1105     1939     1872     2036     666      
14       1074     1291     1197     930      1061     358      1022     1127     824      25       1805     228      427      1191     0        818      1062     804      1403     1247     1005     
15       1871     2052     1946     1726     1248     1175     1690     1265     986      843      2051     790      809      1171     818      0        293      1521     2192     2066     569      
16       2131     2229     2118     1931     1249     1408     1831     1246     1017     1087     2019     1066     951      1105     1062     293      0        1801     2385     2303     440      
17       460      1243     1210     865      1746     623      1274     1825     1560     780      2362     735      1185     1939     804      1521     1801     0        1221     801      1807     
18       845      221      326      473      1579     1055     685      1658     1585     1383     1758     1544     1445     1872     1403     2192     2385     1221     0        510      2154     
19       362      644      684      495      1767     895      958      1851     1693     1223     2126     1320     1439     2036     1247     2066     2303     801      510      0        2163     
20       2057     1974     1858     1732     837      1295     1536     823      639      1030     1584     1102     725      666      1005     569      440      1807     2154     2163     0        
;



Table delta(i,j)                 Distance
         0        1        2        3        4        5        6        7        8        9        10       11       12       13       14       15       16       17       18       19       20       
0        0        3360     5490     2280     5340     3960     2010     3120     960      3990     2190     3960     2640     2670     4590     4980     3780     3000     3180     4800     2970     
1        3360     0        71       87       116      24       148      121      83       23       80       97       126      40       60       60       81       41       71       87       13       
2        5490     71       0        146      119      54       214      172      154      51       141      134      184      102      62       41       120      96       120      99       84       
3        2280     87       146      0        104      93       69       38       73       98       8        161      39       47       96       147      148      50       129      169      75       
4        5340     116      119      104      0        97       166      100      164      103      105      213      121      99       62       148      198      88       186      197      115      
5        3960     24       54       93       97       0        160      122      104      6        87       118      131      48       38       58       102      42       93       100      33       
6        2010     148      214      69       166      160      0        68       91       163      74       196      46       111      166      208      187      118      167      217      135      
7        3120     121      172      38       100      122      68       0        108      127      46       199      22       81       114      178      186      80       168      205      110      
8        960      83       154      73       164      104      91       108      0        105      66       104      98       67       130      134      96       79       76       129      71       
9        3990     23       51       98       103      6        163      127      105      0        91       113      136      51       42       52       97       47       89       94       34       
10       2190     80       141      8        105      87       74       46       66       91       0        152      46       40       93       140      140      44       121      160      68       
11       3960     97       134      161      213      118      196      199      104      113      152      0        195      124      156      94       15       131      31       46       99       
12       2640     126      184      39       121      131      46       22       98       136      46       195      0        86       129      186      183      89       164      207      114      
13       2670     40       102      47       99       48       111      81       67       51       40       124      86       0        64       99       110      11       94       124      29       
14       4590     60       62       96       62       38       166      114      130      42       93       156      129      64       0        86       140      53       131      136      65       
15       4980     60       41       147      148      58       208      178      134      52       140      94       186      99       86       0        81       98       85       58       73       
16       3780     81       120      148      198      102      187      186      96       97       140      15       183      110      140      81       0        116      19       40       84       
17       3000     41       96       50       88       42       118      80       79       47       44       131      89       11       53       98       116      0        102      128      33       
18       3180     71       120      129      186      93       167      168      76       89       121      31       164      94       131      85       19       102      0        55       70       
19       4800     87       99       169      197      100      217      205      129      94       160      46       207      124      136      58       40       128      55       0        95       
20       2970     13       84       75       115      33       135      110      71       34       68       99       114      29       65       73       84       33       70       95       0        
;

