

sets
i        orders          /0*80/
k        routes          /1*80/
p        positions       /0*80/
;

alias(i,j)
alias(i,h)
alias(i,hh)
alias(i,jj)
alias(k,kk)
                            Parameters

rho(i)	Processing time
/
0	0
1	62
2	41
3	73
4	19
5	86
6	54
7	77
8	60
9	46
10	75
11	91
12	62
13	31
14	1
15	21
16	26
17	18
18	83
19	47
20	84
21	32
22	54
23	69
24	65
25	20
26	94
27	79
28	50
29	43
30	76
31	15
32	65
33	17
34	15
35	60
36	60
37	74
38	10
39	78
40	44
41	23
42	40
43	24
44	89
45	60
46	15
47	4
48	26
49	4
50	72
51	38
52	83
53	54
54	64
55	26
56	41
57	65
58	20
59	90
60	49
61	54
62	32
63	74
64	65
65	88
66	99
67	35
68	96
69	43
70	40
71	33
72	21
73	81
74	5
75	85
76	50
77	22
78	46
79	88
80	58
/

gamma(i)	Duedate
/
0	0
1	20
2	17
3	85
4	72
5	14
6	49
7	13
8	85
9	16
10	29
11	19
12	4
13	1
14	32
15	21
16	24
17	78
18	88
19	49
20	14
21	93
22	36
23	16
24	91
25	45
26	51
27	85
28	42
29	52
30	14
31	67
32	16
33	35
34	3
35	96
36	8
37	15
38	92
39	35
40	18
41	96
42	46
43	18
44	32
45	73
46	17
47	30
48	93
49	59
50	15
51	87
52	70
53	14
54	34
55	7
56	90
57	10
58	51
59	58
60	63
61	34
62	25
63	76
64	4
65	63
66	71
67	17
68	25
69	19
70	27
71	24
72	21
73	52
74	41
75	55
76	71
77	79
78	84
79	9
80	76
/

sigma(i)	Size
/
0	0
1	2
2	6
3	4
4	4
5	8
6	8
7	8
8	9
9	1
10	7
11	1
12	2
13	9
14	3
15	2
16	9
17	3
18	8
19	5
20	1
21	3
22	4
23	2
24	3
25	5
26	3
27	7
28	5
29	2
30	7
31	1
32	2
33	7
34	1
35	9
36	2
37	3
38	6
39	3
40	3
41	9
42	4
43	3
44	1
45	8
46	7
47	3
48	6
49	6
50	8
51	8
52	2
53	3
54	4
55	8
56	1
57	5
58	4
59	6
60	9
61	8
62	9
63	3
64	3
65	5
66	3
67	3
68	4
69	9
70	2
71	4
72	5
73	2
74	5
75	3
76	9
77	2
78	7
79	1
80	2
/

epsilon(i)	Priority
/
0	0
1	1
2	9
3	7
4	7
5	2
6	7
7	5
8	4
9	8
10	8
11	3
12	2
13	5
14	2
15	8
16	1
17	3
18	9
19	9
20	1
21	2
22	5
23	2
24	5
25	6
26	4
27	3
28	4
29	6
30	7
31	1
32	2
33	8
34	5
35	2
36	4
37	8
38	4
39	6
40	9
41	6
42	3
43	4
44	7
45	3
46	7
47	6
48	6
49	9
50	2
51	4
52	4
53	2
54	8
55	9
56	5
57	2
58	1
59	7
60	4
61	4
62	8
63	1
64	8
65	3
66	7
67	3
68	6
69	4
70	7
71	3
72	6
73	2
74	9
75	2
76	1
77	2
78	7
79	9
80	5
/

psi	Vehicle Capacity
/ 175 /
;

Table kappa(i,j)                 Setup
         0        1        2        3        4        5        6        7        8        9        10       11       12       13       14       15       16       17       18       19       20       21       22       23       24       25       26       27       28       29       30       31       32       33       34       35       36       37       38       39       40       41       42       43       44       45       46       47       48       49       50       51       52       53       54       55       56       57       58       59       60       61       62       63       64       65       66       67       68       69       70       71       72       73       74       75       76       77       78       79       80       
0        0        2828     5878     1106     2365     2059     4331     2586     6322     4384     3794     2269     4114     3882     5289     5245     5174     4877     5019     3763     5683     6278     5650     5942     4942     3859     5720     6164     5743     4226     2803     5492     2887     4115     1886     5080     1357     3461     4829     1478     5384     4843     5940     4313     1503     5465     3807     2494     597      3635     1716     3178     5457     5726     5514     4588     3850     3938     6654     444      6029     1630     3895     5981     5483     3165     4659     5574     4280     2120     3363     3917     3369     5940     7176     5049     1643     4514     5977     6110     6846     
1        2828     0        4801     3513     2413     1287     4049     4574     3495     1647     4274     4541     3101     1385     4673     3234     2642     2175     4149     3344     2858     4624     2971     3422     2132     5816     2898     4068     3676     1986     2865     3720     1176     1578     2148     4720     3675     2978     2016     4187     2686     4253     3380     1787     1909     2733     5102     628      3340     877      3152     4178     4357     4092     2690     3848     1206     3440     3825     2478     4669     2286     3496     3155     2904     918      1833     4911     1720     1901     2476     5833     4047     4656     5528     4084     3819     2637     3486     4876     4807     
2        5878     4801     0        6979     3512     5839     1819     5154     5687     5504     2908     5590     7894     3728     954      2183     6550     5867     873      2152     5438     1253     4017     7117     5339     5565     5020     2285     2203     6463     3115     1591     5977     3705     4000     1414     7226     2419     4650     6243     4060     1209     3608     6017     6144     6069     4195     5353     5927     5155     4474     8609     449      1223     5381     1312     5515     1972     5778     5889     587      4247     2047     5239     3612     5670     4816     818      3699     3827     2589     5498     3253     428      1689     829      5270     2329     3383     363      2325     
3        1106     3513     6979     0        3468     2424     5434     3343     6920     4894     4855     2907     3899     4735     6395     6246     5506     5336     6123     4869     6278     7342     6459     6230     5512     4515     6387     7163     6742     4486     3909     6533     3201     4964     2980     6181     252      4565     5521     1824     6181     5949     6808     4697     1721     5926     4714     3031     1295     4204     2763     2315     6556     6787     6108     5692     4335     5044     7263     1153     7117     2733     5001     6628     6339     3589     5317     6680     5124     3192     4445     4590     4420     7032     8247     6150     2455     5522     6871     7206     7862     
4        2365     2413     3512     3468     0        2830     2051     2510     5363     3937     1910     2697     5198     2524     2958     3180     5012     4462     2655     1416     4800     3990     4169     5776     4231     3596     4640     4072     3664     4394     530      3284     3337     2725     514      2808     3716     1096     3802     2938     3971     2505     4258     4184     2877     4952     2710     2649     2453     3222     1215     5255     3094     3454     4654     2226     3592     1586     5636     2404     3684     734      1559     4927     3875     3273     3758     3241     2869     537      1078     3593     1639     3587     4863     2683     2105     2471     4214     3750     4685     
5        2059     1287     5839     2424     2830     0        4786     4368     4507     2470     4724     4184     2389     2668     5558     4475     3137     2915     5100     4085     3866     5813     4224     3893     3097     5667     4008     5334     4934     2168     3357     4919     829      2866     2382     5517     2540     3712     3175     3535     3935     5113     4659     2295     706      3505     5248     678      2650     1805     3075     2906     5389     5266     3697     4741     1910     4219     4852     1623     5785     2361     4241     4236     4184     1166     2949     5820     3008     2306     3318     5706     4400     5751     6728     5064     3476     3831     4771     5962     6070     
6        4331     4049     1819     5434     2051     4786     0        3335     6061     5233     1119     3778     7078     3455     993      2826     6347     5701     1018     709      5639     2791     4505     7037     5294     3810     5324     3432     3144     5974     1545     2519     5151     3548     2564     757      5687     1083     4684     4491     4427     610      4311     5635     4915     6062     2463     4465     4278     4670     2767     7306     1545     2420     5534     691      5058     616      6246     4432     2235     2748     555      5592     4110     4968     4756     1274     3622     2513     1580     3752     1435     2083     3464     1150     3501     2445     4155     2154     3783     
7        2586     4574     5154     3343     2510     4368     3335     0        7828     6213     2297     541      6639     5011     4285     5551     7203     6744     4324     3168     7241     6022     6679     7987     6611     1300     7119     6381     6003     6402     2457     5508     5127     5221     2499     3901     3560     3108     6257     1645     6481     3946     6749     6333     3993     7284     1494     4541     2093     5449     1427     5648     4852     5558     7086     3916     5772     3325     8114     2981     5537     2301     3211     7405     6379     5252     6181     4541     5371     2824     3433     1346     1905     5395     6775     4431     942      4891     6688     5484     6900     
8        6322     3495     5687     6920     5363     4507     6061     7828     0        2055     6799     7898     4665     2843     6143     3511     2039     1734     5539     5527     643      4741     1670     2018     1409     8960     743      3624     3532     2891     5609     4097     3814     2658     5333     6434     7047     5288     1571     7667     1657     5900     2149     2430     5212     1270     7967     3892     6832     2717     6416     6906     5387     4490     812      5507     2611     5511     348      5958     5222     5557     5627     468      2075     3367     1680     6252     2533     5004     4748     8955     6757     5321     5319     5395     7197     3633     2400     5527     4125     
9        4384     1647     5504     4894     3937     2470     5233     6213     2055     0        5683     6189     2921     1815     5639     3483     1115     531      5051     4571     1427     4949     2294     1846     667      7440     1676     4067     3774     1115     4320     4088     1759     1800     3751     5799     5008     4244     1101     5798     2028     5281     2870     578      3175     1089     6647     1897     4932     771      4787     4907     5101     4509     1264     4859     560      4621     2403     3991     5207     3916     4707     1849     2466     1315     837      5830     1807     3468     3688     7453     5522     5245     5758     4944     5467     3175     3073     5473     4764     
10       3794     4274     2908     4855     1910     4724     1119     2297     6799     5683     0        2782     7103     4029     2001     3809     6789     6188     2137     1308     6314     3909     5344     7526     5863     2691     6056     4496     4177     6259     1412     3582     5246     4172     2344     1604     5106     1511     5321     3637     5223     1707     5234     6001     4689     6620     1356     4556     3603     5025     2091     6928     2662     3521     6190     1790     5408     1384     7021     3997     3352     2416     1253     6336     4972     5162     5344     2248     4279     2447     2060     2634     445      3198     4575     2269     2643     3309     5105     3255     4888     
11       2269     4541     5590     2907     2697     4184     3778     541      7898     6189     2782     0        6377     5124     4746     5831     7135     6716     4744     3541     7293     6401     6840     7918     6631     1615     7206     6688     6298     6283     2742     5837     4976     5343     2582     4379     3111     3436     6328     1139     6625     4387     6954     6259     3740     7273     2033     4435     1721     5418     1506     5222     5267     5918     7134     4324     5719     3707     8197     2693     5945     2342     3601     7489     6563     5148     6230     5010     5499     2922     3697     1686     2369     5809     7183     4841     725      5145     6911     5911     7239     
12       4114     3101     7894     3899     5198     2389     7078     6639     4665     2921     7103     6377     0        4269     7763     6155     2654     2986     7249     6369     4153     7609     5213     3071     3519     7936     4523     6870     6529     1830     5717     6707     1938     4376     4767     7781     3859     5995     4016     5524     4942     7335     5782     2364     2646     3396     7621     2614     4695     2854     5430     2594     7453     7105     4025     6937     2586     6485     4989     3684     7729     4749     6524     4627     5357     2228     3747     8007     4456     4665     5537     7986     6787     7728     8481     7185     5710     5659     5973     7952     7594     
13       3882     1385     3728     4735     2524     2668     3455     5011     2843     1815     4029     5124     4269     0        3824     1896     2914     2253     3237     2826     2303     3340     1777     3583     1847     6119     2116     2692     2311     2735     2773     2438     2462     234      2541     3991     4924     2532     1301     5049     1528     3469     2073     2295     3249     2613     5138     2013     4292     1441     3622     5563     3311     2840     2169     3047     1788     2853     3111     3617     3489     2792     2951     2403     1606     2061     1318     4017     399      2202     1973     6113     3942     3506     4220     3133     4448     1413     2143     3733     3431     
14       5289     4673     954      6395     2958     5558     993      4285     6143     5639     2001     4746     7763     3824     0        2674     6733     6061     607      1542     5808     2139     4500     7367     5587     4624     5433     3030     2846     6497     2486     2189     5825     3860     3470     461      6646     1888     4925     5484     4486     454      4184     6102     5762     6345     3252     5159     5261     5175     3757     8193     889      1936     5726     826      5554     1377     6279     5361     1493     3680     1399     5679     4090     5582     5047     285      3894     3366     2242     4555     2380     1326     2642     747      4493     2553     3985     1317     3204     
15       5245     3234     2183     6246     3180     4475     2826     5551     3511     3483     3809     5831     6155     1896     2674     0        4460     3780     2089     2523     3258     1470     1845     4974     3219     6384     2837     919      498      4533     3097     619      4355     1779     3485     3019     6465     2465     2523     6103     1877     2506     1515     4037     4973     3921     5142     3858     5511     3304     4392     7380     1878     1042     3208     2169     3614     2426     3620     5093     1769     3776     2557     3059     1436     3958     2720     2755     1712     3176     2134     6347     3937     1842     2326     1934     5283     732      1336     2060     1621     
16       5174     2642     6550     5506     5012     3137     6347     7203     2039     1115     6789     7135     2654     2914     6733     4460     0        683      6139     5687     1618     5902     2986     784      1254     8456     2065     4933     4690     1041     5415     5077     2316     2875     4788     6905     5578     5358     1943     6634     2776     6383     3585     875      3805     779      7721     2714     5752     1790     5789     5045     6161     5501     1534     5961     1436     5735     2349     4751     6217     4927     5822     2088     3262     2013     1742     6915     2858     4524     4802     8475     6616     6269     6660     6027     6409     4233     3819     6494     5585     
17       4877     2175     5867     5336     4462     2915     5701     6744     1734     531      6188     6716     2986     2253     6061     3780     683      0        5464     5053     1170     5226     2368     1341     601      7971     1544     4274     4019     1170     4836     4396     2151     2201     4282     6243     5437     4734     1270     6305     2137     5718     2965     697      3614     591      7171     2383     5433     1297     5318     5173     5479     4819     1038     5297     1027     5093     2078     4475     5534     4447     5185     1641     2615     1748     1059     6240     2177     3998     4175     7984     6038     5585     5995     5351     5992     3552     3190     5811     4940     
18       5019     4149     873      6123     2655     5100     1018     4324     5539     5051     2137     4744     7249     3237     607      2089     6139     5464     0        1279     5200     1781     3902     6765     4984     4826     4827     2528     2301     5931     2244     1646     5314     3264     3151     935      6371     1558     4319     5372     3881     469      3604     5524     5356     5741     3472     4662     5056     4609     3601     7811     530      1459     5119     439      4985     1100     5679     5046     1219     3390     1175     5075     3492     5048     4445     780      3293     2998     1793     4767     2441     1072     2454     161      4403     1946     3414     1168     2799     
19       3763     3344     2152     4869     1416     4085     709      3168     5527     4571     1308     3541     6369     2826     1542     2523     5687     5053     1279     0        5069     2860     4041     6393     4673     3875     4785     3267     2920     5279     967      2367     4441     2942     1928     1433     5119     375      4091     4103     3929     1089     3926     4954     4240     5439     2620     3756     3778     3984     2325     6656     1770     2390     4953     840      4373     179      5737     3821     2423     2143     155      5061     3665     4262     4141     1824     3033     1836     888      3834     1418     2299     3653     1341     3146     2000     3801     2431     3739     
20       5683     2858     5438     6278     4800     3866     5639     7241     643      1427     6314     7293     4153     2303     5808     3258     1618     1170     5200     5069     0        4597     1514     1832     769      8394     480      3531     3367     2340     5076     3869     3185     2142     4741     6066     6405     4805     1002     7037     1391     5531     2087     1847     4571     853      7442     3249     6197     2074     5822     6312     5103     4281     169      5125     1978     5068     986      5316     5017     4956     5178     476      1874     2733     1063     5941     2037     4418     4254     8393     6244     5098     5262     5065     6587     3260     2336     5314     4115     
21       6278     4624     1253     7342     3990     5813     2791     6022     4741     4949     3909     6401     7609     3340     2139     1470     5902     5226     1781     2860     4597     0        3097     6375     4651     6600     4141     1143     1230     6003     3722     905      5775     3241     4409     2592     7577     2996     3959     6894     3210     2239     2595     5507     6244     5322     5252     5234     6439     4766     5113     8695     1279     558      4571     2129     5082     2698     4779     6202     666      4688     2810     4323     2723     5397     4171     2060     3181     4157     2927     6543     4183     829      918      1641     5974     1988     2349     938      1073     
22       5650     2971     4017     6459     4169     4224     4505     6679     1670     2294     5344     6840     5213     1777     4500     1845     2986     2368     3902     4041     1514     3097     0        3334     1768     7703     1047     2016     1874     3405     4301     2427     3772     1543     4271     4814     6633     3855     1198     6822     290      4285     598      2864     4878     2304     6594     3546     6070     2535     5334     7005     3723     2821     1515     3908     2675     3997     1779     5366     3555     4536     4121     1230     410      3300     1468     4596     1379     3928     3359     7685     5366     3651     3747     3753     6187     2061     835      3858     2614     
23       5942     3422     7117     6230     5776     3893     7037     7987     2018     1846     7526     7918     3071     3583     7367     4974     784      1341     6765     6393     1832     6375     3334     0        1783     9238     2312     5342     5146     1744     6166     5594     3067     3513     5565     7565     6289     6075     2467     7407     3174     7037     3916     1659     4547     1054     8486     3494     6523     2561     6571     5591     6747     6015     1819     6617     2217     6431     2251     5514     6744     5708     6524     2235     3667     2789     2320     7534     3472     5296     5516     9256     7368     6809     7076     6645     7193     4831     4164     7032     5945     
24       4942     2132     5339     5512     4231     3097     5294     6611     1409     667      5863     6631     3519     1847     5587     3219     1254     601      4984     4673     769      4651     1768     1783     0        7800     1018     3680     3436     1688     4558     3838     2419     1748     4117     5795     5637     4376     695      6320     1536     5265     2365     1158     3803     767      6918     2488     5469     1315     5184     5574     4964     4261     602      4847     1210     4698     1755     4567     4983     4312     4797     1181     2016     1963     541      5751     1694     3808     3816     7805     5749     5042     5405     4862     5916     3047     2589     5266     4341     
25       3859     5816     5565     4515     3596     5667     3810     1300     8960     7440     2691     1615     7936     6119     4624     6384     8456     7971     4826     3875     8394     6600     7703     9238     7800     0        8235     7139     6795     7682     3402     6233     6419     6315     3691     4182     4711     3928     7398     2709     7529     4386     7703     7591     5290     8496     1372     5821     3331     6685     2669     6830     5348     6203     8246     4478     7020     3997     9230     4267     6036     3529     3869     8522     7373     6529     7345     4836     6455     3992     4360     103      2459     5879     7248     4960     2227     5788     7611     5921     7570     
26       5720     2898     5020     6387     4640     4008     5324     7119     743      1676     6056     7206     4523     2116     5433     2837     2065     1544     4827     4785     480      4141     1047     2312     1018     8235     0        3062     2914     2694     4873     3439     3392     1924     4631     5712     6530     4544     894      7025     960      5177     1609     2173     4706     1320     7228     3360     6208     2204     5716     6581     4700     3845     530      4780     2190     4770     995      5377     4581     4864     4886     286      1424     2923     1069     5553     1794     4298     4005     8228     6016     4669     4790     4686     6514     2905     1860     4881     3637     
27       6164     4068     2285     7163     4072     5334     3432     6381     3624     4067     4496     6688     6870     2692     3030     919      4933     4274     2528     3267     3531     1143     2016     5342     3680     7139     3062     0        421      5164     3946     914      5146     2532     4396     3445     7380     3273     3008     7004     2171     2991     1475     4642     5859     4299     5849     4697     6426     4021     5275     8240     2145     1096     3523     2741     4290     3142     3646     6009     1728     4686     3271     3221     1678     4723     3247     3026     2428     4091     3007     7095     4680     1865     1734     2367     6164     1651     1223     2031     739      
28       5743     3676     2203     6742     3664     4934     3144     6003     3532     3774     4177     6298     6529     2311     2846     498      4690     4019     2301     2920     3367     1230     1874     5146     3436     6795     2914     421      0        4855     3557     657      4772     2165     3980     3234     6960     2900     2749     6593     1979     2751     1410     4343     5449     4094     5525     4304     6008     3675     4872     7840     1985     980      3340     2462     3960     2806     3594     5588     1697     4270     2937     3103     1493     4359     2973     2879     2073     3673     2606     6754     4338     1808     1983     2141     5762     1230     1180     2004     1139     
29       4226     1986     6463     4486     4394     2168     5974     6402     2891     1115     6259     6283     1830     2735     6497     4533     1041     1170     5931     5279     2340     6003     3405     1744     1688     7682     2694     5164     4855     0        4851     5123     1339     2782     4093     6603     4550     4924     2217     5700     3143     6107     3985     540      2805     1652     7063     1861     4815     1322     5019     4044     6042     5538     2205     5688     949      5358     3228     3792     6213     4187     5426     2809     3581     1154     1952     6711     2825     3873     4394     7709     6031     6238     6835     5840     5561     4146     4189     6465     5869     
30       2803     2865     3115     3909     530      3357     1545     2457     5609     4320     1412     2742     5717     2773     2486     3097     5415     4836     2244     967      5076     3722     4301     6166     4558     3402     4873     3946     3557     4851     0        3100     3841     2950     1030     2302     4160     728      4073     3176     4131     2040     4317     4609     3405     5299     2366     3149     2811     3636     1392     5766     2719     3211     4939     1806     4015     1146     5862     2886     3348     1203     1093     5159     3973     3750     4060     2771     3080     1053     978      3384     1201     3236     4561     2295     2254     2435     4243     3381     4506     
31       5492     3720     1591     6533     3284     4919     2519     5508     4097     4088     3582     5837     6707     2438     2189     619      5077     4396     1646     2367     3869     905      2427     5594     3838     6233     3439     914      657      5123     3100     0        4869     2348     3657     2578     6762     2403     3142     6221     2482     2100     2027     4636     5369     4540     4936     4332     5699     3870     4462     7810     1335     423      3823     1830     4193     2236     4187     5384     1150     3944     2364     3652     2024     4492     3336     2229     2298     3378     2205     6187     3774     1229     1810     1485     5345     1088     1812     1445     1407     
32       2887     1176     5977     3201     3337     829      5151     5127     3814     1759     5246     4976     1938     2462     5825     4355     2316     2151     5314     4441     3185     5775     3772     3067     2419     6419     3392     5146     4772     1339     3841     4869     0        2614     2955     5847     3291     4068     2631     4362     3482     5397     4270     1496     1489     2735     5904     693      3476     1238     3782     3234     5532     5251     3021     4998     1209     4553     4163     2453     5842     2997     4596     3592     3805     475      2377     6070     2727     2800     3600     6453     4964     5831     6670     5254     4259     3795     4418     6052     5884     
33       4115     1578     3705     4964     2725     2866     3548     5221     2658     1800     4172     5343     4376     234      3860     1779     2875     2201     3264     2942     2142     3241     1543     3513     1748     6315     1924     2532     2165     2782     2950     2348     2614     0        2762     4051     5151     2666     1150     5281     1297     3523     1844     2314     3462     2516     5310     2202     4527     1525     3840     5751     3300     2760     2017     3103     1845     2957     2916     3849     3432     3016     3060     2210     1375     2194     1208     4040     164      2421     2112     6307     4105     3460     4104     3152     4672     1376     1923     3688     3270     
34       1886     2148     4000     2980     514      2382     2564     2499     5333     3751     2344     2582     4767     2541     3470     3485     4788     4282     3151     1928     4741     4409     4271     5565     4117     3691     4631     4396     3980     4093     1030     3657     2955     2762     0        3321     3226     1597     3761     2628     4049     3017     4428     3936     2378     4805     2970     2282     2042     3004     1084     4742     3575     3863     4587     2727     3353     2095     5624     1897     4143     290      2072     4916     4014     2948     3681     3752     2919     343      1483     3701     2021     4054     5298     3172     1915     2757     4412     4225     5042     
35       5080     4720     1414     6181     2808     5517     757      3901     6434     5799     1604     4379     7781     3991     461      3019     6905     6243     935      1433     6066     2592     4814     7565     5795     4182     5712     3445     3234     6603     2302     2578     5847     4051     3321     0        6434     1805     5152     5169     4778     535      4535     6235     5666     6560     2810     5167     5006     5286     3485     8063     1326     2358     5976     948      5671     1300     6587     5188     1952     3505     1278     5967     4407     5637     5254     655      4102     3262     2247     4111     2010     1785     3100     1095     4173     2808     4348     1777     3652     
36       1357     3675     7226     252      3716     2540     5687     3560     7047     5008     5106     3111     3859     4924     6646     6465     5578     5437     6371     5119     6405     7577     6633     6289     5637     4711     6530     7380     6960     4550     4160     6762     3291     5151     3226     6434     0        4813     5672     2006     6353     6200     6995     4786     1834     6025     4948     3169     1535     4336     3014     2125     6801     7021     6236     5941     4448     5294     7391     1378     7359     2981     5252     6766     6524     3697     5462     6931     5310     3431     4685     4788     4671     7275     8483     6397     2685     5744     7064     7451     8083     
37       3461     2978     2419     4565     1096     3712     1083     3108     5288     4244     1511     3436     5995     2532     1888     2465     5358     4734     1558     375      4805     2996     3855     6075     4376     3928     4544     3273     2900     4924     728      2403     4068     2666     1597     1805     4813     0        3816     3905     3722     1434     3792     4611     3877     5139     2743     3382     3517     3637     2120     6304     2008     2490     4683     1130     4025     514      5511     3494     2624     1831     530      4825     3495     3895     3850     2167     2768     1478     560      3896     1515     2516     3833     1591     2978     1865     3688     2669     3803     
38       4829     2016     4650     5521     3802     3175     4684     6257     1571     1101     5321     6328     4016     1301     4925     2523     1943     1270     4319     4091     1002     3959     1198     2467     695      7398     894      3008     2749     2217     4073     3142     2631     1150     3761     5152     5672     3816     0        6130     926      4618     1769     1678     3862     1424     6439     2511     5314     1398     4844     5861     4281     3565     869      4204     1487     4100     1870     4492     4288     3986     4206     1168     1370     2155     270      5080     1061     3432     3261     7395     5243     4348     4725     4193     5630     2375     1973     4571     3686     
39       1478     4187     6243     1824     2938     3535     4491     1645     7667     5798     3637     1139     5524     5049     5484     6103     6634     6305     5372     4103     7037     6894     6822     7407     6320     2709     7025     7004     6593     5700     3176     6221     4362     5281     2628     5169     2006     3905     6130     0        6578     5081     7031     5767     2969     6886     3123     3931     885      5034     1784     4131     5873     6372     6870     4936     5279     4281     7988     1920     6520     2341     4197     7297     6600     4621     5988     5762     5445     2958     4016     2790     3195     6401     7737     5444     997      5379     7029     6533     7623     
40       5384     2686     4060     6181     3971     3935     4427     6481     1657     2028     5223     6625     4942     1528     4486     1877     2776     2137     3881     3929     1391     3210     290      3174     1536     7529     960      2171     1979     3143     4131     2482     3482     1297     4049     4778     6353     3722     926      6578     0        4245     842      2602     4591     2127     6449     3257     5814     2245     5119     6714     3741     2891     1361     3856     2392     3897     1819     5094     3627     4308     4018     1193     493      3010     1195     4599     1135     3706     3208     7514     5224     3712     3906     3738     5963     1985     1055     3925     2809     
41       4843     4253     1209     5949     2505     5113     610      3946     5900     5281     1707     4387     7335     3469     454      2506     6383     5718     469      1089     5531     2239     4285     7037     5265     4386     5177     2991     2751     6107     2040     2100     5397     3523     3017     535      6200     1434     4618     5081     4245     0        4020     5727     5309     6029     3024     4726     4828     4786     3336     7738     966      1928     5440     422      5169     923      6057     4910     1650     3230     949      5433     3879     5167     4724     735      3571     2912     1803     4324     2044     1492     2867     626      4096     2273     3840     1549     3267     
42       5940     3380     3608     6808     4258     4659     4311     6749     2149     2870     5234     6954     5782     2073     4184     1515     3585     2965     3604     3926     2087     2595     598      3916     2365     7703     1609     1475     1410     3985     4317     2027     4270     1844     4428     4535     6995     3792     1769     7031     842      4020     0        3445     5287     2895     6530     3982     6321     3045     5457     7491     3359     2388     2101     3673     3220     3857     2187     5689     3107     4706     3986     1750     476      3805     2036     4249     1685     4088     3345     7677     5305     3219     3187     3448     6331     1930     252      3414     2028     
43       4313     1787     6017     4697     4184     2295     5635     6333     2430     578      6001     6259     2364     2295     6102     4037     875      697      5524     4954     1847     5507     2864     1659     1158     7591     2173     4642     4343     540      4609     4636     1496     2314     3936     6235     4786     4611     1678     5767     2602     5727     3445     0        2981     1255     6885     1840     4886     977      4922     4476     5604     5055     1701     5305     594      5019     2774     3895     5742     4065     5096     2306     3044     1147     1415     6304     2341     3684     4065     7611     5805     5774     6325     5425     5534     3690     3651     6002     5341     
44       1503     1909     6144     1721     2877     706      4915     3993     5212     3175     4689     3740     2646     3249     5762     4973     3805     3614     5356     4240     4571     6244     4878     4547     3803     5290     4706     5859     5449     2805     3405     5369     1489     3462     2378     5666     1834     3877     3862     2969     4591     5309     5287     2981     0        4205     5031     1351     2099     2506     2831     2468     5697     5689     4403     4967     2616     4391     5558     1060     6152     2272     4392     4938     4811     1868     3642     6036     3612     2404     3564     5339     4321     6100     7163     5340     3064     4292     5383     6302     6588     
45       5465     2733     6069     5926     4952     3505     6062     7284     1270     1089     6620     7273     3396     2613     6345     3921     779      591      5741     5439     853      5322     2304     1054     767      8496     1320     4299     4094     1652     5299     4540     2735     2516     4805     6560     6025     5139     1424     6886     2127     6029     2895     1255     4205     0        7652     2971     6017     1860     5856     5694     5705     4961     797      5612     1615     5465     1593     5064     5691     4983     5564     1315     2621     2339     1307     6504     2457     4508     4578     8505     6495     5758     6034     5616     6551     3799     3138     5979     4918     
46       3807     5102     4195     4714     2710     5248     2463     1494     7967     6647     1356     2033     7621     5138     3252     5142     7721     7171     3472     2620     7442     5252     6594     8486     6918     1372     7228     5849     5525     7063     2366     4936     5904     5310     2970     2810     4948     2743     6439     3123     6449     3024     6530     6885     5031     7652     0        5245     3422     5930     2200     6971     3990     4876     7305     3143     6295     2719     8212     4132     4674     2907     2588     7513     6238     5919     6425     3465     5434     3201     3241     1303     1228     4515     5880     3611     2263     4600     6416     4552     6242     
47       2494     628      5353     3031     2649     678      4465     4541     3892     1897     4556     4435     2614     2013     5159     3858     2714     2383     4662     3756     3249     5234     3546     3494     2488     5821     3360     4697     4304     1861     3149     4332     693      2202     2282     5167     3169     3382     2511     3931     3257     4726     3982     1840     1351     2971     5245     0        3054     1174     3161     3550     4906     4696     3079     4334     1356     3870     4234     2094     5253     2345     3911     3598     3507     713      2294     5409     2339     2112     2925     5849     4280     5231     6142     4610     3710     3245     4098     5449     5435     
48       597      3340     5927     1295     2453     2650     4278     2093     6832     4932     3603     1721     4695     4292     5261     5511     5752     5433     5056     3778     6197     6439     6070     6523     5469     3331     6208     6426     6008     4815     2811     5699     3476     4527     2042     5006     1535     3517     5314     885      5814     4828     6321     4886     2099     6017     3422     3054     0        4172     1527     3564     5525     5897     6029     4618     4406     3957     7159     1042     6133     1755     3896     6475     5875     3739     5159     5545     4691     2335     3513     3396     3162     6031     7317     5104     1173     4779     6339     6186     7082     
49       3635     877      5155     4204     3222     1805     4670     5449     2717     771      5025     5418     2854     1441     5175     3304     1790     1297     4609     3984     2074     4766     2535     2561     1315     6685     2204     4021     3675     1322     3636     3870     1238     1525     3004     5286     4336     3637     1398     5034     2245     4786     3045     977      2506     1860     5930     1174     4172     0        4026     4473     4729     4276     1905     4367     388      4053     3059     3253     4930     3156     4128     2431     2587     765      1154     5388     1602     2734     3095     6700     4834     4945     5629     4519     4695     2853     3204     5172     4751     
