
sets
i        orders          /0*20/
k        routes          /1*20/
p        positions       /0*20/
;

alias(i,j)
alias(i,h)
alias(i,hh)
alias(i,jj)
alias(k,kk)
                
                    Parameters

rho(i)	Processing time
/
0	0
1	21
2	78
3	51
4	7
5	77
6	62
7	30
8	99
9	2
10	90
11	27
12	2
13	78
14	91
15	39
16	69
17	69
18	41
19	56
20	48
/

gamma(i)	Duedate
/
0	0
1	92
2	70
3	77
4	10
5	45
6	5
7	15
8	30
9	92
10	42
11	25
12	86
13	58
14	17
15	94
16	61
17	57
18	73
19	94
20	76
/

sigma(i)	Size
/
0	0
1	7
2	1
3	7
4	6
5	9
6	9
7	2
8	6
9	8
10	9
11	9
12	8
13	1
14	6
15	6
16	3
17	4
18	2
19	3
20	9
/

epsilon(i)	Priority
/
0	0
1	1
2	4
3	9
4	2
5	2
6	6
7	4
8	6
9	9
10	2
11	4
12	6
13	1
14	6
15	2
16	9
17	4
18	8
19	6
20	8
/

psi	Vehicle Capacity
/ 40 /
;

Table kappa(i,j)                 Setup
         0        1        2        3        4        5        6        7        8        9        10       11       12       13       14       15       16       17       18       19       20       
0        0        107      134      86       127      169      101      115      16       114      191      74       127      108      36       102      165      192      181      116      144      
1        107      0        78       121      118      130      12       84       92       90       98       33       25       34       70       48       108      89       80       38       128      
2        134      78       0        185      193      208      68       26       126      166      161      79       64       112      105      37       185      138      78       39       204      
3        86       121      185      0        51       99       124      176      78       56       160      106      146      97       88       148      109      176      200      152      67       
4        127      118      193      51       0        48       125      191      114      28       122      117      140      85       116      158      63       146      187      155      17       
5        169      130      208      99       48       0        141      213      155      55       95       141      148      96       151      177      31       126      183      169      34       
6        101      12       68       124      125      141      0        72       87       98       110      26       26       44       64       36       119      99       82       29       136      
7        115      84       26       176      191      213      72       0        110      165      176      74       78       116      91       36       192      157      103      50       204      
8        16       92       126      78       114      155      87       110      0        99       174      60       113      92       23       92       149      176      168      105      131      
9        114      90       166      56       28       55       98       165      99       0        104      91       112      57       96       131      54       123      160      127      38       
10       191      98       161      160      122      95       110      176      174      104      0        128      98       83       159      143      65       34       106      126      119      
11       74       33       79       106      117      141      26       74       60       91       128      0        53       49       38       42       124      122      107      47       130      
12       127      25       64       146      140      148      26       78       113      112      98       53       0        55       91       46       122      80       55       27       149      
13       108      34       112      97       85       96       44       116      92       57       83       49       55       0        76       80       76       86       104      72       94       
14       36       70       105      88       116      151      64       91       23       96       159      38       91       76       0        69       141      157      145      82       131      
15       102      48       37       148      158      177      36       36       92       131      143      42       46       80       69       0        156      126      86       20       170      
16       165      108      185      109      63       31       119      192      149      54       65       124      122      76       141      156      0        95       154      145      55       
17       192      89       138      176      146      126      99       157      176      123      34       122      80       86       157      126      95       0        75       107      145      
18       181      80       78       200      187      183      82       103      168      160      106      107      55       104      145      86       154      75       0        67       193      
19       116      38       39       152      155      169      29       50       105      127      126      47       27       72       82       20       145      107      67       0        166      
20       144      128      204      67       17       34       136      204      131      38       119      130      149      94       131      170      55       145      193      166      0        
;



Table delta(i,j)                 Distance
         0        1        2        3        4        5        6        7        8        9        10       11       12       13       14       15       16       17       18       19       20       
0        0        2140     2880     2880     5620     3840     4260     4180     6800     6460     1340     6260     3480     3040     5280     2660     2700     4580     580      3420     4280     
1        2140     0        190      135      238      112      166      202      233      216      171      237      246      147      255      171      31       139      102      77       184      
2        2880     190      0        284      198      190      344      102      387      365      126      271      70       79       145      21       199      229      118      268      351      
3        2880     135      284      0        373      246      79       326      303      294      200      368      318      268      382      270      159      267      166      122      70       
4        5620     238      198      373      0        136      397      97       296      274      303      98       260      134      85       187      218      141      254      286      420      
5        3840     112      190      246      136      0        262      141      200      178      239      125      259      113      181      169      87       40       171      150      287      
6        4260     166      344      79       397      262      0        368      260      257      274      372      386      313      422      327      179      272      230      113      35       
7        4180     202      102      326      97       141      368      0        338      315      216      181      162      58       56       93       194      170      180      269      385      
8        6800     233      387      303      296      200      260      338      0        23       403      214      454      313      367      366      206      167      333      185      296      
9        6460     216      365      294      274      178      257      315      23       0        385      193      433      291      344      344      188      144      314      173      292      
10       1340     171      126      200      303      239      274      216      403      385      0        352      127      168      267      125      197      278      71       238      270      
11       6260     237      271      368      98       125      372      181      214      193      352      0        339      194      183      254      209      101      290      260      401      
12       3480     246      70       318      260      259      386      162      454      433      127      339      0        149      194      89       260      299      156      323      388      
13       3040     147      79       268      134      113      313      58       313      291      168      194      149      0        114      60       145      151      123      219      328      
14       5280     255      145      382      85       181      422      56       367      344      267      183      194      114      0        141      245      202      235      319      439      
15       2660     171      21       270      187      169      327      93       366      344      125      254      89       60       141      0        179      209      106      248      336      
16       2700     31       199      159      218      87       179      194      206      188      197      209      260      145      245      179      0        110      126      74       201      
17       4580     139      229      267      141      40       272      170      167      144      278      101      299      151      202      209      110      0        210      159      300      
18       580      102      118      166      254      171      230      180      333      314      71       290      156      123      235      106      126      210      0        174      234      
19       3420     77       268      122      286      150      113      269      185      173      238      260      323      219      319      248      74       159      174      0        141      
20       4280     184      351      70       420      287      35       385      296      292      270      401      388      328      439      336      201      300      234      141      0        
;

