
sets
i        orders          /0*20/
k        routes          /1*20/
p        positions       /0*20/
;

alias(i,j)
alias(i,h)
alias(i,hh)
alias(i,jj)
alias(k,kk)
                
                    Parameters

rho(i)	Processing time
/
0	0
1	61
2	87
3	22
4	99
5	53
6	50
7	84
8	20
9	10
10	35
11	89
12	14
13	53
14	26
15	56
16	88
17	57
18	68
19	60
20	67
/

gamma(i)	Duedate
/
0	0
1	49
2	38
3	49
4	94
5	48
6	5
7	90
8	14
9	12
10	30
11	47
12	77
13	48
14	52
15	80
16	22
17	76
18	70
19	39
20	85
/

sigma(i)	Size
/
0	0
1	8
2	1
3	7
4	8
5	4
6	4
7	5
8	2
9	3
10	1
11	7
12	2
13	3
14	1
15	4
16	9
17	2
18	1
19	3
20	4
/

epsilon(i)	Priority
/
0	0
1	2
2	2
3	3
4	5
5	6
6	1
7	2
8	3
9	7
10	8
11	5
12	1
13	7
14	8
15	3
16	6
17	1
18	4
19	3
20	3
/

psi	Vehicle Capacity
/ 12 /
;

Table kappa(i,j)                 Setup
         0        1        2        3        4        5        6        7        8        9        10       11       12       13       14       15       16       17       18       19       20       
0        0        17       135      77       89       93       142      83       71       201      198      37       138      170      75       168      168      149      29       169      155      
1        17       0        117      63       73       80       125      72       56       184      183      25       121      154      58       152      151      135      12       157      138      
2        135      117      0        87       61       97       9        92       70       73       86       104      33       70       61       90       33       76       107      113      26       
3        77       63       87       0        82       19       91       103      70       161      171      72       108      97       38       91       118      140      51       173      113      
4        89       73       61       82       0        101      70       32       18       114      109      52       51       124      44       135      90       63       68       91       72       
5        93       80       97       19       101      0        99       122      89       170      182      91       121      92       56       80       125      156      68       190      123      
6        142      125      9        91       70       99       0        102      79       71       86       113      39       63       68       84       27       83       114      120      26       
7        83       72       92       103      32       122      102      0        34       137      125      46       76       156      68       166      120      70       72       86       100      
8        71       56       70       70       18       89       79       34       0        130      127      35       66       126      34       134      102      81       50       107      86       
9        201      184      73       161      114      170      71       137      130      0        31       166      63       114      132      140      46       78       175      103      48       
10       198      183      86       171      109      182      86       125      127      31       0        161      63       140      137      165      69       58       175      74       60       
11       37       25       104      72       52       91       113      46       35       166      161      0        102      151      52       154      137      111      27       132      121      
12       138      121      33       108      51       121      39       76       66       63       63       102      0        103      74       123      46       43       113      80       25       
13       170      154      70       97       124      92       63       156      126      114      140      151      103      0        99       26       71       146      141      183      85       
14       75       58       61       38       44       56       68       68       34       132      137      52       74       99       0        103      94       102      46       134      84       
15       168      152      90       91       135      80       84       166      134      140      165      154      123      26       103      0        96       166      139      203      108      
16       168      151      33       118      90       125      27       120      102      46       69       137      46       71       94       96       0        83       140      118      21       
17       149      135      76       140      63       156      83       70       81       78       58       111      43       146      102      166      83       0        131      37       63       
18       29       12       107      51       68       68       114      72       50       175      175      27       113      141      46       139      140      131      0        155      128      
19       169      157      113      173      91       190      120      86       107      103      74       132      80       183      134      203      118      37       155      0        99       
20       155      138      26       113      72       123      26       100      86       48       60       121      25       85       84       108      21       63       128      99       0        
;



Table delta(i,j)                 Distance
         0        1        2        3        4        5        6        7        8        9        10       11       12       13       14       15       16       17       18       19       20       
0        0        2980     6860     4660     5220     1320     8760     5280     6460     4720     7280     2860     5820     1400     7420     7700     7960     1340     1340     3140     5460     
1        2980     0        310      153      204      209      296      155      173      93       300      162      209      218      225      275      249      166      117      58       167      
2        6860     310      0        462      108      341      346      452      350      364      74       199      128      363      330      195      389      284      375      369      465      
3        4660     153      462      0        355      299      357      53       216      120      444      308      352      297      286      394      275      283      166      97       52       
4        5220     204      108      355      0        277      279      344      252      256      103      129      47       298      245      154      302      214      281      263      357      
5        1320     209      341      299      277      0        487      331      380      300      375      148      314      22       423      416      455      62       133      223      340      
6        8760     296      346      357      279      487      0        311      141      244      279      370      234      502      73       155      96       430      412      324      320      
7        5280     155      452      53       344      331      311      0        171      91       426      317      335      332      241      363      225      307      202      112      13       
8        6460     173      350      216      252      380      141      171      0        104      302      294      221      391      70       209      75       331      285      189      182      
9        4720     93       364      120      256      300      244      91       104      0        335      249      244      307      171      274      175      260      188      88       104      
10       7280     300      74       444      103      375      279      426      302      335      0        227      92       397      271      124      331      314      384      357      440      
11       2860     162      199      308      129      148      370      317      294      249      227      0        169      169      317      275      362      87       183      211      329      
12       5820     209      128      352      47       314      234      335      221      244      92       169      0        334      206      108      264      251      301      267      348      
13       1400     218      363      297      298      22       502      332      391      307      397      169      334      0        436      435      466      83       131      226      340      
14       7420     225      330      286      245      423      73       241      70       171      271      317      206      436      0        161      60       368      341      252      252      
15       7700     275      195      394      154      416      155      363      209      274      124      275      108      435      161      0        219      353      383      325      376      
16       7960     249      389      275      302      455      96       225      75       175      331      362      264      466      60       219      0        404      360      262      233      
17       1340     166      284      283      214      62       430      307      331      260      314      87       251      83       368      353      404      0        127      195      317      
18       1340     117      375      166      281      133      412      202      285      188      384      183      301      131      341      383      360      127      0        102      209      
19       3140     58       369      97       263      223      324      112      189      88       357      211      267      226      252      325      262      195      102      0        122      
20       5460     167      465      52       357      340      320      13       182      104      440      329      348      340      252      376      233      317      209      122      0        
;

