
sets
i        orders          /0*20/
k        routes          /1*20/
p        positions       /0*20/
;

alias(i,j)
alias(i,h)
alias(i,hh)
alias(i,jj)
alias(k,kk)
                
                    Parameters

rho(i)	Processing time
/
0	0
1	55
2	76
3	32
4	26
5	62
6	14
7	73
8	65
9	16
10	25
11	50
12	6
13	95
14	98
15	61
16	28
17	96
18	70
19	89
20	75
/

gamma(i)	Duedate
/
0	0
1	47
2	70
3	9
4	6
5	9
6	15
7	29
8	17
9	81
10	49
11	26
12	7
13	88
14	71
15	22
16	63
17	89
18	10
19	23
20	71
/

sigma(i)	Size
/
0	0
1	2
2	5
3	6
4	6
5	9
6	3
7	6
8	9
9	7
10	7
11	5
12	1
13	9
14	4
15	8
16	7
17	2
18	2
19	4
20	8
/

epsilon(i)	Priority
/
0	0
1	2
2	1
3	7
4	6
5	6
6	4
7	3
8	2
9	4
10	6
11	1
12	5
13	7
14	6
15	8
16	3
17	5
18	7
19	9
20	1
/

psi	Vehicle Capacity
/ 15 /
;

Table kappa(i,j)                 Setup
         0        1        2        3        4        5        6        7        8        9        10       11       12       13       14       15       16       17       18       19       20       
0        0        97       152      166      168      62       15       18       64       198      173      61       178      138      126      100      27       84       101      88       171      
1        97       0        149      156      172      54       107      106      33       109      146      128      115      74       140      15       74       142      7        61       97       
2        152      149      0        15       23       111      145      170      147      157      39       109      96       96       31       135      133      95       145      89       114      
3        166      156      15       0        25       121      159      184      157      154      29       124      91       97       46       141      145      110      151      98       111      
4        168      172      23       25       0        131      159      186      168      179      54       119      116      119      42       158      151      101      168      112      136      
5        62       54       111      121      131      0        65       77       37       138      121      74       116      76       93       48       34       88       55       28       109      
6        15       107      145      159      159      65       0        28       75       203      169      47       179      141      117      108      33       70       111      90       174      
7        18       106      170      184      186      77       28       0        73       210      191      76       194      153      144      111      43       98       111      105      186      
8        64       33       147      157      168      37       75       73       0        140      153      102      135      93       131      39       44       120      38       59       122      
9        198      109      157      154      179      138      203      210      140      0        128      205      64       71       170      100      171      209      102      118      43       
10       173      146      39       29       54       121      169      191      153      128      0        140      64       78       67       130      150      130      140      94       86       
11       61       128      109      124      119      74       47       76       102      205      140      0        166      135      78       123      61       22       129      86       168      
12       178      115      96       91       116      116      179      194      135      64       64       166      0        42       114      100      151      164      108      89       25       
13       138      74       96       97       119      76       141      153      93       71       78       135      42       0        102      59       111      138      68       51       34       
14       126      140      31       46       42       93       117      144      131      170      67       78       114      102      0        127      109      64       137      78       127      
15       100      15       135      141      158      48       108      111      39       100      130      123      100      59       127      0        74       135      10       48       84       
16       27       74       133      145      151      34       33       43       44       171      150      61       151      111      109      74       0        81       78       62       144      
17       84       142      95       110      101      88       70       98       120      209      130      22       164      138      64       135      81       0        143      93       170      
18       101      7        145      151      168      55       111      111      38       102      140      129      108      68       137      10       78       143      0        58       90       
19       88       61       89       98       112      28       90       105      59       118      94       86       89       51       78       48       62       93       58       0        85       
20       171      97       114      111      136      109      174      186      122      43       86       168      25       34       127      84       144      170      90       85       0        
;



Table delta(i,j)                 Distance
         0        1        2        3        4        5        6        7        8        9        10       11       12       13       14       15       16       17       18       19       20       
0        0        4620     5620     1640     1680     1920     6160     6700     2500     6080     3280     6020     6820     5160     2240     7500     4240     1360     6920     8260     7340     
1        4620     0        113      158      221      210      163      117      164      369      288      98       125      95       163      236      270      163      251      327      358      
2        5620     113      0        199      235      220      50       83       257      306      271      45       83       23       177      123      225      217      143      216      267      
3        1640     158      199      0        70       66       227      255      119      276      155      220      261      176      42       296      174      26       272      343      315      
4        1680     221      235      70       0        16       251      304      179      222      88       266      308      216      60       310      128      86       273      335      282      
5        1920     210      220      66       16       0        235      290      181      216      89       252      294      201      47       294      118      86       257      320      271      
6        6160     163      50       227      251      235      0        115      300      281      270      87       111      68       198      75       213      248      94       166      226      
7        6700     117      83       255      304      290      115      0        281      389      350      39       9        93       244      165      308      267      207      272      342      
8        2500     164      257      119      179      181      300      281      0        395      268      258      289      234      159      375      293      95       367      443      431      
9        6080     369      306      276      222      216      281      389      395      0        141      352      388      302      238      287      103      300      223      233      116      
10       3280     288      271      155      88       89       270      350      268      141      0        310      352      256      128      311      74       174      260      306      225      
11       6020     98       45       220      266      252      87       39       258      352      310      0        42       53       206      149      269      234      181      252      311      
12       6820     125      83       261      308      294      111      9        289      388      352      42       0        95       248      157      308      273      202      265      338      
13       5160     95       23       176      216      201      68       93       234      302      256      53       95       0        157      144      216      194      156      231      271      
14       2240     163      177      42       60       47       198      244      159      238      128      206      248      157      0        262      135      69       234      303      273      
15       7500     236      123      296      310      294      75       165      375      287      311      149      157      144      262      0        244      318      64       109      204      
16       4240     270      225      174      128      118      213      308      293      103      74       269      308      216      135      244      0        199      189      232      157      
17       1360     163      217      26       86       86       248      267      95       300      174      234      273      194      69       318      199      0        298      369      342      
18       6920     251      143      272      273      257      94       207      367      223      260      181      202      156      234      64       189      298      0        76       142      
19       8260     327      216      343      335      320      166      272      443      233      306      252      265      231      303      109      232      369      76       0        124      
20       7340     358      267      315      282      271      226      342      431      116      225      311      338      271      273      204      157      342      142      124      0        
;

