
sets
i        orders          /0*20/
k        routes          /1*20/
p        positions       /0*20/
;

alias(i,j)
alias(i,h)
alias(i,hh)
alias(i,jj)
alias(k,kk)
                
                    Parameters

rho(i)	Processing time
/
0	0
1	99
2	14
3	75
4	95
5	60
6	64
7	91
8	67
9	7
10	95
11	37
12	50
13	90
14	46
15	71
16	24
17	81
18	39
19	35
20	19
/

gamma(i)	Duedate
/
0	0
1	94
2	61
3	74
4	13
5	25
6	71
7	32
8	93
9	91
10	83
11	92
12	17
13	41
14	85
15	8
16	60
17	53
18	41
19	98
20	83
/

sigma(i)	Size
/
0	0
1	3
2	6
3	6
4	4
5	6
6	1
7	6
8	8
9	3
10	3
11	1
12	6
13	2
14	5
15	4
16	5
17	1
18	5
19	5
20	3
/

epsilon(i)	Priority
/
0	0
1	4
2	7
3	8
4	3
5	1
6	7
7	5
8	2
9	5
10	4
11	9
12	8
13	5
14	7
15	9
16	3
17	8
18	1
19	5
20	9
/

psi	Vehicle Capacity
/ 17 /
;

Table kappa(i,j)                 Setup
         0        1        2        3        4        5        6        7        8        9        10       11       12       13       14       15       16       17       18       19       20       
0        0        58       40       47       118      90       85       120      109      42       54       81       83       95       62       72       44       145      70       92       83       
1        58       0        72       104      84       92       104      166      64       66       39       28       93       150      88       62       100      116      65       105      137      
2        40       72       0        50       98       53       45       150      134      82       43       100      44       84       102      46       42       119      107      53       106      
3        47       104      50       0        148      100      83       106      155      75       88       128      89       50       87       96       8        170      109      94       60       
4        118      84       98       148      0        65       91       238      131      145      64       98       76       178      168      52       141      32       149      83       200      
5        90       92       53       100      65       0        27       203      156      129      53       119      12       118      152      30       92       74       148      18       159      
6        85       104      45       83       91       27       0        189      169      127      66       132      15       93       148      49       75       100      151      11       143      
7        120      166      150      106      238      203      189      0        183      100      174      176      194      128      84       191      115      265      121      200      47       
8        109      64       134      155      131      156      169      183      0        90       103      37       158      205      100      126      154      163      62       170      169      
9        42       66       82       75       145      129      127      100      90       0        84       76       123      124      23       107      77       176      34       134      78       
10       54       39       43       88       64       53       66       174      103      84       0        66       54       127      107      25       82       92       96       66       136      
11       81       28       100      128      98       119      132      176      37       76       66       0        121      176      93       88       125      130      60       133      153      
12       83       93       44       89       76       12       15       194      158      123      54       121      0        106      146      34       81       86       145      12       149      
13       95       150      84       50       178      118      93       128      205      124      127      176      106      0        134      127      51       193      159      105      84       
14       62       88       102      87       168      152      148      84       100      23       107      93       146      134      0        130      90       199      38       155      72       
15       72       62       46       96       52       30       49       191      126      107      25       88       34       127      130      0        89       74       121      46       150      
16       44       100      42       8        141      92       75       115      154      77       82       125      81       51       90       89       0        162      110      85       68       
17       145      116      119      170      32       74       100      265      163      176      92       130      86       193      199      74       162      0        182      90       225      
18       70       65       107      109      149      148      151      121      62       34       96       60       145      159      38       121      110      182      0        156      109      
19       92       105      53       94       83       18       11       200      170      134      66       133      12       105      155      46       85       90       156      0        154      
20       83       137      106      60       200      159      143      47       169      78       136      153      149      84       72       150      68       225      109      154      0        
;



Table delta(i,j)                 Distance
         0        1        2        3        4        5        6        7        8        9        10       11       12       13       14       15       16       17       18       19       20       
0        0        5260     1840     1800     5100     480      6300     5820     2940     6080     4640     2380     2060     1840     5640     1400     760      1360     2260     4820     1500     
1        5260     0        170      201      287      287      228      253      371      164      411      241      349      353      184      193      282      310      312      192      324      
2        1840     170      0        60       234      116      258      247      216      231      279      118      184      183      217      22       115      145      163      187      157      
3        1800     201      60       0        180      114      225      205      170      215      223      166      150      162      191      55       126      157      112      247      127      
4        5100     287      234      180      0        271      123      72       220      172      187      347      245      281      131      235      293      321      178      410      241      
5        480      287      116      114      271      0        337      311      141      328      231      124      93       72       305      94       28       49       117      254      66       
6        6300     228      258      225      123      337      0        52       327      69       309      375      340      369      45       269      352      383      275      396      328      
7        5820     253      247      205      72       311      52       0        284      111      259      365      302      334      73       255      329      359      236      405      294      
8        2940     371      216      170      220      141      327      284      0        348      96       265      52       93       312      197      169      178      60       388      75       
9        6080     164      231      215      172      328      69       111      348      0        347      343      349      372      41       247      338      369      290      344      333      
10       4640     411      279      223      187      231      309      259      96       347      0        351      148      190      307      265      259      272      120      463      167      
11       2380     241      118      166      347      124      375      365      265      343      351      0        217      191      334      112      98       105      231      138      190      
12       2060     349      184      150      245      93       340      302      52       349      148      217      0        43       317      163      119      126      66       345      28       
13       1840     353      183      162      281      72       369      334      93       372      190      191      43       0        343      160      93       91       104      325      40       
14       5640     184      217      191      131      305      45       73       312      41       307      334      317      343      0        231      317      348      256      351      303      
15       1400     193      22       55       235      94       269      255      197      247      265      112      163      160      231      0        94       124      146      198      136      
16       760      282      115      126      293      28       352      329      169      338      259      98       119      93       317      94       0        31       145      232      93       
17       1360     310      145      157      321      49       383      359      178      369      272      105      126      91       348      124      31       0        164      243      104      
18       2260     312      163      112      178      117      275      236      60       290      120      231      66       104      256      146      145      164      0        344      66       
19       4820     192      187      247      410      254      396      405      388      344      463      138      345      325      351      198      232      243      344      0        317      
20       1500     324      157      127      241      66       328      294      75       333      167      190      28       40       303      136      93       104      66       317      0        
;

