
sets
i        orders          /0*20/
k        routes          /1*20/
p        positions       /0*20/
;

alias(i,j)
alias(i,h)
alias(i,hh)
alias(i,jj)
alias(k,kk)
                
                    Parameters

rho(i)	Processing time
/
0	0
1	77
2	39
3	84
4	70
5	74
6	67
7	98
8	7
9	49
10	65
11	81
12	9
13	67
14	3
15	82
16	53
17	98
18	88
19	11
20	35
/

gamma(i)	Duedate
/
0	0
1	48
2	25
3	93
4	95
5	88
6	79
7	85
8	52
9	58
10	41
11	4
12	55
13	13
14	31
15	1
16	63
17	85
18	34
19	82
20	23
/

sigma(i)	Size
/
0	0
1	9
2	4
3	1
4	1
5	6
6	4
7	7
8	5
9	1
10	1
11	7
12	8
13	6
14	9
15	2
16	5
17	4
18	7
19	2
20	8
/

epsilon(i)	Priority
/
0	0
1	7
2	3
3	8
4	2
5	8
6	2
7	1
8	3
9	9
10	4
11	1
12	4
13	1
14	6
15	1
16	3
17	2
18	4
19	1
20	7
/

psi	Vehicle Capacity
/ 43 /
;

Table kappa(i,j)                 Setup
         0        1        2        3        4        5        6        7        8        9        10       11       12       13       14       15       16       17       18       19       20       
0        0        28       15       151      105      174      201      37       172      82       130      79       123      95       131      106      169      71       94       58       92       
1        28       0        26       170      117      183      214      66       160      93       111      73       105      108      153      82       156      48       83       66       108      
2        15       26       0        144      94       162      191      45       156      70       115      63       108      84       127      94       153      59       79       45       83       
3        151      170      144      0        66       71       70       126      183      84       188      131      181      68       26       201      184      178      148      108      63       
4        105      117      94       66       0        69       97       96       125      24       122      66       115      11       65       135      125      115      82       50       21       
5        174      183      162      71       69       0        37       163      130      92       156      120      150      80       92       182      133      172      128      117      85       
6        201      214      191      70       97       37       0        185      167      121      193      155      188      106      96       219      170      207      164      147      109      
7        37       66       45       126      96       163      185      0        189      76       155      95       148      84       103      139      187      104      115      62       77       
8        172      160      156      183      125      130      167      189      0        126      58       94       60       132      189      100      5        118      77       128      143      
9        82       93       70       84       24       92       121      76       126      0        112      49       104      16       76       118      125      94       68       26       22       
10       130      111      115      188      122      156      193      155      58       112      0        65       8        124      186      42       53       65       44       102      133      
11       79       73       63       131      66       120      155      95       94       49       65       0        57       63       125      69       92       51       21       37       71       
12       123      105      108      181      115      150      188      148      60       104      8        57       0        116      179      41       55       59       36       94       126      
13       95       108      84       68       11       80       106      84       132      16       124      63       116      0        62       133      132      110      82       42       11       
14       131      153      127      26       65       92       96       103      189      76       186      125      179      62       0        194      190      168      144      96       54       
15       106      82       94       201      135      182      219      139      100      118      42       69       41       133      194      0        95       35       55       99       140      
16       169      156      153      184      125      133      170      187      5        125      53       92       55       132      190      95       0        113      74       126      143      
17       71       48       59       178      115      172      207      104      118      94       65       51       59       110      168      35       113      0        49       71       115      
18       94       83       79       148      82       128      164      115      77       68       44       21       36       82       144      55       74       49       0        58       90       
19       58       66       45       108      50       117      147      62       128      26       102      37       94       42       96       99       126      71       58       0        44       
20       92       108      83       63       21       85       109      77       143      22       133      71       126      11       54       140      143      115      90       44       0        
;



Table delta(i,j)                 Distance
         0        1        2        3        4        5        6        7        8        9        10       11       12       13       14       15       16       17       18       19       20       
0        0        1520     1960     3600     2860     5220     2720     2220     7200     6800     9460     8120     2580     5600     4340     7960     640      1820     6400     5460     8080     
1        1520     0        110      121      84       188      61       65       327      317      401      389      58       205      145      345      53       89       308      256      334      
2        1960     110      0        131      194      281      144      76       267      243      435      308      163      288      193      321      76       23       222      176      357      
3        3600     121      131      0        164      186      88       69       217      219      304      293      127      180      70       224      147      113      223      170      228      
4        2860     84       194      164      0        126      76       135      381      380      383      453      37       154      148      376      133      172      377      324      331      
5        5220     188      281      186      126      0        137      206      379      394      279      467      132      37       125      336      242      258      406      355      247      
6        2720     61       144      88       76       137      0        71       305      304      341      378      39       148      87       305      111      121      303      250      278      
7        2220     65       76       69       135      206      71       0        262      252      370      324      99       211      119      287      78       54       244      191      296      
8        7200     327      267      217      381      379      305      262      0        49       327      95       344      358      256      114      329      269      94       101      247      
9        6800     317      243      219      380      394      304      252      49       0        370      74       342      376      269      162      311      248      45       68       289      
10       9460     401      435      304      383      279      341      370      327      370      0        418      366      242      255      217      443      418      408      380      84       
11       8120     389      308      293      453      467      378      324      95       74       418      0        416      448      342      201      379      316      86       133      341      
12       2580     58       163      127      37       132      39       99       344      342      366      416      0        152      120      343      111      140      340      287      308      
13       5600     205      288      180      154      37       148      211      358      376      242      448      152      0        112      306      258      265      392      343      210      
14       4340     145      193      70       148      125      87       119      256      269      255      342      120      112      0        231      188      172      281      231      190      
15       7960     345      321      224      376      336      305      287      114      162      217      201      343      306      231      0        365      314      205      195      145      
16       640      53       76       147      133      242      111      78       329      311      443      379      111      258      188      365      0        63       294      246      372      
17       1820     89       23       113      172      258      121      54       269      248      418      316      140      265      172      314      63       0        231      182      341      
18       6400     308      222      223      377      406      303      244      94       45       408      86       340      392      281      205      294      231      0        53       325      
19       5460     256      176      170      324      355      250      191      101      68       380      133      287      343      231      195      246      182      53       0        296      
20       8080     334      357      228      331      247      278      296      247      289      84       341      308      210      190      145      372      341      325      296      0        
;

