
sets
i        orders          /0*20/
k        routes          /1*20/
p        positions       /0*20/
;

alias(i,j)
alias(i,h)
alias(i,hh)
alias(i,jj)
alias(k,kk)
                
                    Parameters

rho(i)	Processing time
/
0	0
1	18
2	12
3	33
4	54
5	6
6	71
7	88
8	35
9	29
10	5
11	27
12	36
13	28
14	55
15	31
16	35
17	24
18	27
19	78
20	42
/

gamma(i)	Duedate
/
0	0
1	58
2	37
3	71
4	9
5	62
6	77
7	91
8	19
9	21
10	91
11	21
12	34
13	56
14	38
15	12
16	74
17	60
18	5
19	32
20	67
/

sigma(i)	Size
/
0	0
1	9
2	1
3	2
4	2
5	7
6	8
7	5
8	1
9	5
10	1
11	4
12	7
13	9
14	6
15	4
16	2
17	8
18	8
19	9
20	6
/

epsilon(i)	Priority
/
0	0
1	6
2	4
3	9
4	6
5	4
6	3
7	6
8	4
9	8
10	6
11	6
12	5
13	5
14	9
15	9
16	6
17	5
18	3
19	9
20	2
/

psi	Vehicle Capacity
/ 41 /
;

Table kappa(i,j)                 Setup
         0        1        2        3        4        5        6        7        8        9        10       11       12       13       14       15       16       17       18       19       20       
0        0        23       115      134      34       103      99       63       113      154      35       125      108      51       89       31       119      135      131      89       81       
1        23       0        127      112      54       80       113      56       90       138      26       108      98       58       91       34       121      115      116      91       85       
2        115      127      0        228      84       193      17       179      185      160      150      149      108      162      56       94       58       179      144      59       55       
3        134      112      228      0        166      34       217      100      55       146      106      121      148      134      178      138      199      95       135      176      175      
4        34       54       84       166      0        133      67       97       138      159      70       134      107      78       71       34       100      151      137      72       63       
5        103      80       193      34       133      0        182      82       31       122      79       94       116      113      143      104      165      75       108      141      140      
6        99       113      17       217      67       182      0        163      176      161      134      146      107      145      53       80       64       174      143      56       50       
7        63       56       179      100      97       82       163      0        107      181      30       150      150      35       147      89       177      145      161      147      141      
8        113      90       185      55       138      31       176      107      0        92       97       66       94       134      131      105      149      44       80       129      129      
9        154      138      160      146      159      122      161      181      92       0        159      31       55       196      108      128      105      51       22       105      112      
10       35       26       150      106      70       79       134      30       97       159      0        128      123      37       117      59       147      129      138      117      110      
11       125      108      149      121      134      94       146      150      66       31       128      0        41       165      93       101      99       33       14       90       96       
12       108      98       108      148      107      116      107      150      94       55       123      41       0        156      54       79       58       73       35       50       57       
13       51       58       162      134      78       113      145      35       134      196      37       165      156      0        140      82       171      167      174      141      133      
14       89       91       56       178      71       143      53       147      131      108      117      93       54       140      0        58       30       123      89       3        7        
15       31       34       94       138      34       104      80       89       105      128      59       101      79       82       58       0        89       117      105      58       51       
16       119      121      58       199      100      165      64       177      149      105      147      99       58       171      30       89       0        132      91       30       38       
17       135      115      179      95       151      75       174      145      44       51       129      33       73       167      123      117      132      0        45       120      124      
18       131      116      144      135      137      108      143      161      80       22       138      14       35       174      89       105      91       45       0        86       93       
19       89       91       59       176      72       141      56       147      129      105      117      90       50       141      3        58       30       120      86       0        9        
20       81       85       55       175      63       140      50       141      129      112      110      96       57       133      7        51       38       124      93       9        0        
;



Table delta(i,j)                 Distance
         0        1        2        3        4        5        6        7        8        9        10       11       12       13       14       15       16       17       18       19       20       
0        0        4480     1960     5120     2320     1900     6740     5960     5400     3540     1760     4660     1080     2040     8420     3800     5660     6000     6000     1400     5960     
1        4480     0        319      315      311      190      229      334      72       309      308      350      219      205      263      230      360      366      390      175      130      
2        1960     319      0        259      65       154      396      305      367      159      11       208      133      149      489      222      271      292      278      149      377      
3        5120     315      259      0        196      173      213      45       387      103      252      79       307      160      316      86       45       51       78       210      270      
4        2320     311      65       196      0        125      349      241      369      94       60       142      166      114      447      169      206      227      213      136      347      
5        1900     190      154      173      125      0        246      211      253      126      143      175      139      16       335      97       208      223      232      36       224      
6        6740     229      396      213      349      246      0        197      290      284      385      288      368      247      103      182      252      244      284      267      110      
7        5960     334      305      45       241      211      197      0        406      148      297      118      348      199      297      117      59       47       88       248      271      
8        5400     72       367      387      369      253      290      406      0        377      357      419      251      269      305      302      432      438      462      233      182      
9        3540     309      159      103      94       126      284      148      377      0        152      55       232      109      387      105      113      133      124      157      308      
10       1760     308      11       252      60       143      385      297      357      152      0        203      126      138      478      212      265      286      273      138      366      
11       4660     350      208      79       142      175      288      118      419      55       203      0        287      159      391      126      67       89       70       208      330      
12       1080     219      133      307      166      139      368      348      251      232      126      287      0        149      443      236      336      353      354      106      314      
13       2040     205      149      160      114      16       247      199      269      109      138      159      149      0        339      88       194      209      217      51       232      
14       8420     263      489      316      447      335      103      297      305      387      478      391      443      339      0        283      354      344      385      351      135      
15       3800     230      222      86       169      97       182      117      302      105      212      126      236      88       283      0        129      138      159      132      206      
16       5660     360      271      45       206      208      252      59       432      113      265      67       336      194      354      129      0        21       33       245      315      
17       6000     366      292      51       227      223      244      47       438      133      286      89       353      209      344      138      21       0        41       259      314      
18       6000     390      278      78       213      232      284      88       462      124      273      70       354      217      385      159      33       41       0        268      348      
19       1400     175      149      210      136      36       267      248      233      157      138      208      106      51       351      132      245      259      268      0        231      
20       5960     130      377      270      347      224      110      271      182      308      366      330      314      232      135      206      315      314      348      231      0        
;

