

sets
i        orders          /0*10/
k        routes          /1*10/
p        positions       /0*10/
;

alias(i,j)
alias(i,h)
alias(i,hh)
alias(i,jj)
alias(k,kk)
                            Parameters

rho(i)	Processing time
/
0	0
1	10
2	32
3	6
4	85
5	22
6	63
7	12
8	73
9	15
10	25
/

gamma(i)	Duedate
/
0	0
1	97
2	82
3	92
4	84
5	10
6	21
7	56
8	85
9	49
10	91
/

sigma(i)	Size
/
0	0
1	1
2	4
3	6
4	1
5	8
6	8
7	3
8	7
9	8
10	1
/

epsilon(i)	Priority
/
0	0
1	7
2	5
3	4
4	1
5	2
6	5
7	9
8	6
9	9
10	9
/

psi	Vehicle Capacity
/ 45 /
;

Table kappa(i,j)                 Setup
         0        1        2        3        4        5        6        7        8        9        10       
0        0        398      285      43       185      329      195      71       173      251      380      
1        398      0        143      359      541      350      419      458      565      160      131      
2        285      143      0        242      453      361      276      353      440      127      216      
3        43       359      242      0        226      325      176      114      207      217      350      
4        185      541      453      226      0        337      363      116      195      381      484      
5        329      350      361      325      337      0        493      334      478      234      231      
6        195      419      276      176      363      493      0        250      235      328      461      
7        71       458      353      114      116      334      250      0        144      304      424      
8        173      565      440      207      195      478      235      144      0        423      553      
9        251      160      127      217      381      234      328      304      423      0        135      
10       380      131      216      350      484      231      461      424      553      135      0        
;



Table delta(i,j)                 Distance
         0        1        2        3        4        5        6        7        8        9        10       
0        0        62       57       86       89       81       49       37       25       65       59       
1        62       0        33       25       88       76       34       60       51       5        83       
2        57       33       0        40       55       43       57       36       35       38       52       
3        86       25       40       0        87       75       59       75       70       27       92       
4        89       88       55       87       0        12       109      52       65       93       37       
5        81       76       43       75       12       0        98       44       56       81       35       
6        49       34       57       59       109      98       0        67       53       32       93       
7        37       60       36       75       52       44       67       0        15       65       25       
8        25       51       35       70       65       56       53       15       0        55       40       
9        65       5        38       27       93       81       32       65       55       0        88       
10       59       83       52       92       37       35       93       25       40       88       0        
;

