
sets
i        orders          /0*10/
k        routes          /1*10/
p        positions       /0*10/
;

alias(i,j)
alias(i,h)
alias(i,hh)
alias(i,jj)
alias(k,kk)
                
                    Parameters

rho(i)	Processing time
/
0	0
1	37
2	26
3	32
4	77
5	24
6	85
7	20
8	4
9	93
10	57
/

gamma(i)	Duedate
/
0	0
1	9
2	66
3	12
4	3
5	12
6	3
7	98
8	15
9	74
10	84
/

sigma(i)	Size
/
0	0
1	5
2	8
3	5
4	8
5	5
6	8
7	7
8	3
9	6
10	9
/

epsilon(i)	Priority
/
0	0
1	4
2	1
3	8
4	2
5	8
6	8
7	9
8	9
9	6
10	3
/

psi	Vehicle Capacity
/ 15 /
;

Table kappa(i,j)                 Setup
         0        1        2        3        4        5        6        7        8        9        10       
0        0        62       74       102      89       46       53       98       50       125      91       
1        62       0        82       62       62       63       31       58       13       85       91       
2        74       82       0        64       44       28       51       63       82       78       17       
3        102      62       64       0        20       70       49       4        72       23       60       
4        89       62       44       20       0        51       38       19       68       37       41       
5        46       63       28       70       51       0        34       67       59       89       44       
6        53       31       51       49       38       34       0        45       33       72       60       
7        98       58       63       4        19       67       45       0        68       27       60       
8        50       13       82       72       68       59       33       68       0        95       93       
9        125      85       78       23       37       89       72       27       95       0        68       
10       91       91       17       60       41       44       60       60       93       68       0        
;



Table delta(i,j)                 Distance
         0        1        2        3        4        5        6        7        8        9        10       
0        0        1740     1280     1040     2600     1260     880      2380     2200     1180     1720     
1        1740     0        58       139      120      44       114      54       101      66       161      
2        1280     58       0        107      161      75       68       111      140      89       151      
3        1040     139      107      0        164      113      48       169      147      103      63       
4        2600     120      161      164      0        86       175      84       21       74       136      
5        1260     44       75       113      86       0        103      56       65       22       122      
6        880      114      68       48       175      103      0        156      155      103      106      
7        2380     54       111      169      84       56       156      0        71       70       173      
8        2200     101      140      147      21       65       155      71       0        53       125      
9        1180     66       89       103      74       22       103      70       53       0        103      
10       1720     161      151      63       136      122      106      173      125      103      0        
;

