
sets
i        orders          /0*10/
k        routes          /1*10/
p        positions       /0*10/
;

alias(i,j)
alias(i,h)
alias(i,hh)
alias(i,jj)
alias(k,kk)
                
                    Parameters

rho(i)	Processing time
/
0	0
1	62
2	97
3	40
4	35
5	40
6	91
7	22
8	47
9	14
10	87
/

gamma(i)	Duedate
/
0	0
1	13
2	61
3	27
4	69
5	51
6	93
7	98
8	72
9	77
10	18
/

sigma(i)	Size
/
0	0
1	6
2	6
3	3
4	2
5	4
6	9
7	9
8	3
9	7
10	8
/

epsilon(i)	Priority
/
0	0
1	5
2	5
3	5
4	5
5	9
6	5
7	5
8	2
9	5
10	9
/

psi	Vehicle Capacity
/ 21 /
;

Table kappa(i,j)                 Setup
         0        1        2        3        4        5        6        7        8        9        10       
0        0        37       29       35       65       42       103      32       67       64       51       
1        37       0        18       57       72       16       77       38       75       27       48       
2        29       18       0        59       81       13       96       45       84       45       60       
3        35       57       59       0        33       69       93       22       34       75       33       
4        65       72       81       33       0        87       73       36       4        78       25       
5        42       16       13       69       87       0        91       52       90       36       64       
6        103      77       96       93       73       91       0        75       77       56       59       
7        32       38       45       22       36       52       75       0        39       52       19       
8        67       75       84       34       4        90       77       39       0        82       29       
9        64       27       45       75       78       36       56       52       82       0        53       
10       51       48       60       33       25       64       59       19       29       53       0        
;



Table delta(i,j)                 Distance
         0        1        2        3        4        5        6        7        8        9        10       
0        0        1620     2420     1900     1080     3260     620      1900     1300     2820     1240     
1        1620     0        178      171      45       203      109      101      127      166      27       
2        2420     178      0        64       172      55       94       98       55       71       151      
3        1900     171      64       0        149      119      64       127      54       128      147      
4        1080     45       172      149      0        207      86       119      116      178      48       
5        3260     203      55       119      207      0        140      105      100      46       176      
6        620      109      94       64       86       140      0        93       40       127      86       
7        1900     101      98       127      119      105      93       0        73       64       77       
8        1300     127      55       54       116      100      40       73       0        89       101      
9        2820     166      71       128      178      46       127      64       89       0        140      
10       1240     27       151      147      48       176      86       77       101      140      0        
;

