
sets
i        orders          /0*10/
k        routes          /1*10/
p        positions       /0*10/
;

alias(i,j)
alias(i,h)
alias(i,hh)
alias(i,jj)
alias(k,kk)
                
                    Parameters

rho(i)	Processing time
/
0	0
1	4
2	36
3	62
4	20
5	53
6	98
7	52
8	51
9	84
10	81
/

gamma(i)	Duedate
/
0	0
1	21
2	12
3	30
4	73
5	18
6	21
7	99
8	87
9	1
10	2
/

sigma(i)	Size
/
0	0
1	2
2	8
3	6
4	3
5	8
6	6
7	5
8	3
9	8
10	9
/

epsilon(i)	Priority
/
0	0
1	8
2	8
3	7
4	3
5	3
6	4
7	3
8	8
9	2
10	9
/

psi	Vehicle Capacity
/ 44 /
;

Table kappa(i,j)                 Setup
         0        1        2        3        4        5        6        7        8        9        10       
0        0        54       56       22       92       64       44       30       25       76       39       
1        54       0        38       69       93       81       18       48       55       43       92       
2        56       38       0        78       55       47       22       30       40       21       83       
3        22       69       78       0        114      85       63       53       47       97       41       
4        92       93       55       114      0        31       76       62       66       59       97       
5        64       81       47       85       31       0        63       39       39       62       65       
6        44       18       22       63       76       63       0        30       39       36       79       
7        30       48       30       53       62       39       30       0        10       51       53       
8        25       55       40       47       66       39       39       10       0        61       43       
9        76       43       21       97       59       62       36       51       61       0        104      
10       39       92       83       41       97       65       79       53       43       104      0        
;



Table delta(i,j)                 Distance
         0        1        2        3        4        5        6        7        8        9        10       
0        0        1380     2860     2620     3940     2400     1760     1300     4360     3500     1920     
1        1380     0        73       61       132      59       74       23       149      123      63       
2        2860     73       0        14       70       46       113      82       79       92       98       
3        2620     61       14       0        75       34       99       69       93       87       94       
4        3940     132      70       75       0        77       137      132      86       56       168      
5        2400     59       46       34       77       0        69       54       122      65       112      
6        1760     74       113      99       137      69       0        51       191      98       137      
7        1300     23       82       69       132      54       51       0        161      113      86       
8        4360     149      79       93       86       122      191      161      0        139      150      
9        3500     123      92       87       56       65       98       113      139      0        177      
10       1920     63       98       94       168      112      137      86       150      177      0        
;

