
sets
i        orders          /0*10/
k        routes          /1*10/
p        positions       /0*10/
;

alias(i,j)
alias(i,h)
alias(i,hh)
alias(i,jj)
alias(k,kk)
                
                    Parameters

rho(i)	Processing time
/
0	0
1	19
2	27
3	66
4	26
5	50
6	86
7	77
8	66
9	36
10	24
/

gamma(i)	Duedate
/
0	0
1	43
2	69
3	42
4	79
5	47
6	93
7	31
8	15
9	67
10	50
/

sigma(i)	Size
/
0	0
1	5
2	1
3	6
4	7
5	7
6	5
7	2
8	9
9	7
10	9
/

epsilon(i)	Priority
/
0	0
1	6
2	8
3	2
4	1
5	7
6	8
7	3
8	1
9	6
10	8
/

psi	Vehicle Capacity
/ 22 /
;

Table kappa(i,j)                 Setup
         0        1        2        3        4        5        6        7        8        9        10       
0        0        71       64       10       87       82       78       98       11       34       83       
1        71       0        19       68       49       38       61       42       74       57       16       
2        64       19       0        59       33       24       76       35       64       60       21       
3        10       68       59       0        79       75       84       92       5        41       79       
4        87       49       33       79       0        10       109      23       83       92       39       
5        82       38       24       75       10       0        99       18       80       84       28       
6        78       61       76       84       109      99       0        103      88       43       76       
7        98       42       35       92       23       18       103      0        97       95       26       
8        11       74       64       5        83       80       88       97       0        45       84       
9        34       57       60       41       92       84       43       95       45       0        73       
10       83       16       21       79       39       28       76       26       84       73       0        
;



Table delta(i,j)                 Distance
         0        1        2        3        4        5        6        7        8        9        10       
0        0        2100     1700     3080     2660     1540     2240     2540     3600     920      2980     
1        2100     0        22       90       64       155      141      69       75       83       102      
2        1700     22       0        104      64       141      122      65       97       70       113      
3        3080     90       104      0        152      160      226      158      94       109      21       
4        2660     64       64       152      0        201      109      12       97       132      166      
5        1540     155      141      160      201      0        189      197      221      72       145      
6        2240     141      122      226      109      189      0        97       202      147      231      
7        2540     69       65       158      12       197      97       0        109      130      171      
8        3600     75       97       94       97       221      202      109      0        152      115      
9        920      83       70       109      132      72       147      130      152      0        103      
10       2980     102      113      21       166      145      231      171      115      103      0        
;

