

sets
i        orders          /0*5/
k        routes          /1*5/
p        positions       /0*5/
;

alias(i,j)
alias(i,h)
alias(i,hh)
alias(i,jj)
alias(k,kk)
                            Parameters

rho(i)	Processing time
/
0	0
1	17
2	92
3	5
4	58
5	99
/

gamma(i)	Duedate
/
0	0
1	25
2	77
3	3
4	18
5	27
/

sigma(i)	Size
/
0	0
1	3
2	7
3	7
4	6
5	1
/

epsilon(i)	Priority
/
0	0
1	8
2	9
3	2
4	5
5	2
/

psi	Vehicle Capacity
/ 61 /
;

Table kappa(i,j)                 Setup
         0        1        2        3        4        5        
0        0        203      228      113      146      149      
1        203      0        146      197      178      55       
2        228      146      0        144      103      137      
3        113      197      144      0        42       148      
4        146      178      103      42       0        137      
5        149      55       137      148      137      0        
;



Table delta(i,j)                 Distance
         0        1        2        3        4        5        
0        0        36       40       76       56       152      
1        36       0        31       94       91       180      
2        40       31       0        114      79       193      
3        76       94       114      0        96       90       
4        56       91       79       96       0        140      
5        152      180      193      90       140      0        
;

