

sets
i        orders          /0*5/
k        routes          /1*5/
p        positions       /0*5/
;

alias(i,j)
alias(i,h)
alias(i,hh)
alias(i,jj)
alias(k,kk)
                            Parameters

rho(i)	Processing time
/
0	0
1	3
2	10
3	37
4	54
5	76
/

gamma(i)	Duedate
/
0	0
1	66
2	51
3	62
4	92
5	13
/

sigma(i)	Size
/
0	0
1	8
2	7
3	2
4	4
5	9
/

epsilon(i)	Priority
/
0	0
1	3
2	1
3	8
4	1
5	2
/

psi	Vehicle Capacity
/ 73 /
;

Table kappa(i,j)                 Setup
         0        1        2        3        4        5        
0        0        199      21       76       133      76       
1        199      0        191      239      182      236      
2        21       191      0        97       111      63       
3        76       239      97       0        209      142      
4        133      182      111      209      0        98       
5        76       236      63       142      98       0        
;



Table delta(i,j)                 Distance
         0        1        2        3        4        5        
0        0        143      66       51       34       145      
1        143      0        164      150      136      95       
2        66       164      0        17       100      123      
3        51       150      17       0        84       118      
4        34       136      100      84       0        160      
5        145      95       123      118      160      0        
;

