
sets
i        orders          /0*10/
k        routes          /1*10/
p        positions       /0*10/
;

alias(i,j)
alias(i,h)
alias(i,hh)
alias(i,jj)
alias(k,kk)
                
                    Parameters

rho(i)	Processing time
/
0	0
1	6
2	1
3	39
4	87
5	92
6	62
7	45
8	84
9	62
10	33
/

gamma(i)	Duedate
/
0	0
1	97
2	7
3	33
4	34
5	7
6	35
7	40
8	12
9	74
10	6
/

sigma(i)	Size
/
0	0
1	2
2	5
3	2
4	6
5	9
6	2
7	8
8	7
9	2
10	5
/

epsilon(i)	Priority
/
0	0
1	5
2	8
3	3
4	5
5	6
6	6
7	1
8	9
9	2
10	5
/

psi	Vehicle Capacity
/ 11 /
;

Table kappa(i,j)                 Setup
         0        1        2        3        4        5        6        7        8        9        10       
0        0        43       81       51       20       81       48       37       68       17       26       
1        43       0        89       70       56       85       89       9        66       46       47       
2        81       89       0        32       64       9        78       81       25       98       55       
3        51       70       32       0        32       35       49       61       31       68       26       
4        20       56       64       32       0        66       33       47       56       37       15       
5        81       85       9        35       66       0        84       77       18       98       55       
6        48       89       78       49       33       84       0        81       80       57       48       
7        37       9        81       61       47       77       81       0        59       43       38       
8        68       66       25       31       56       18       80       59       0        84       42       
9        17       46       98       68       37       98       57       43       84       0        43       
10       26       47       55       26       15       55       48       38       42       43       0        
;



Table delta(i,j)                 Distance
         0        1        2        3        4        5        6        7        8        9        10       
0        0        62       58       120      20       46       66       104      72       99       109      
1        62       0        87       86       42       73       6        147      74       77       90       
2        58       87       0        167      67       104      93       155      33       150      161      
3        120      86       167      0        103      91       80       144      159      25       28       
4        20       42       67       103      0        43       46       112      72       84       94       
5        46       73       104      91       43       0        74       73       115      66       72       
6        66       6        93       80       46       74       0        148      80       72       85       
7        104      147      155      144      112      73       148      0        176      119      116      
8        72       74       33       159      72       115      80       176      0        147      160      
9        99       77       150      25       84       66       72       119      147      0        13       
10       109      90       161      28       94       72       85       116      160      13       0        
;

