
sets
i        orders          /0*10/
k        routes          /1*10/
p        positions       /0*10/
;

alias(i,j)
alias(i,h)
alias(i,hh)
alias(i,jj)
alias(k,kk)
                
                    Parameters

rho(i)	Processing time
/
0	0
1	32
2	32
3	55
4	14
5	56
6	20
7	67
8	71
9	46
10	24
/

gamma(i)	Duedate
/
0	0
1	37
2	27
3	7
4	95
5	8
6	98
7	11
8	69
9	59
10	85
/

sigma(i)	Size
/
0	0
1	6
2	7
3	2
4	7
5	5
6	7
7	9
8	7
9	1
10	2
/

epsilon(i)	Priority
/
0	0
1	8
2	5
3	6
4	2
5	8
6	3
7	9
8	3
9	6
10	6
/

psi	Vehicle Capacity
/ 29 /
;

Table kappa(i,j)                 Setup
         0        1        2        3        4        5        6        7        8        9        10       
0        0        85       101      64       83       57       36       38       66       39       90       
1        85       0        41       41       78       39       65       104      106      91       5        
2        101      41       0        37       52       43       94       104      93       89       38       
3        64       41       37       0        39       7        63       69       66       54       42       
4        83       78       52       39       0        45       96       68       45       53       78       
5        57       39       43       7        45       0        56       66       67       52       42       
6        36       65       94       63       96       56       0        72       95       68       70       
7        38       104      104      69       68       66       72       0        33       15       107      
8        66       106      93       66       45       67       95       33       0        27       108      
9        39       91       89       54       53       52       68       15       27       0        94       
10       90       5        38       42       78       42       70       107      108      94       0        
;



Table delta(i,j)                 Distance
         0        1        2        3        4        5        6        7        8        9        10       
0        0        156      113      132      59       122      223      35       136      8        66       
1        156      0        90       59       105      47       76       169      186      155      105      
2        113      90       0        117      56       95       166      142      209      117      104      
3        132      59       117      0        101      21       94       133      129      128      67       
4        59       105      56       101      0        83       178      86       161      61       58       
5        122      47       95       21       83       0        100      128      140      119      61       
6        223      76       166      94       178      100      0        227      210      220      161      
7        35       169      142      133      86       128      227      0        106      28       66       
8        136      186      209      129      161      140      210      106      0        128      104      
9        8        155      117      128      61       119      220      28       128      0        61       
10       66       105      104      67       58       61       161      66       104      61       0        
;

