
sets
i        orders          /0*10/
k        routes          /1*10/
p        positions       /0*10/
;

alias(i,j)
alias(i,h)
alias(i,hh)
alias(i,jj)
alias(k,kk)
                
                    Parameters

rho(i)	Processing time
/
0	0
1	45
2	95
3	6
4	23
5	2
6	21
7	99
8	74
9	88
10	67
/

gamma(i)	Duedate
/
0	0
1	76
2	5
3	82
4	52
5	31
6	76
7	99
8	43
9	80
10	64
/

sigma(i)	Size
/
0	0
1	8
2	7
3	9
4	1
5	3
6	2
7	3
8	1
9	6
10	9
/

epsilon(i)	Priority
/
0	0
1	5
2	8
3	1
4	7
5	2
6	6
7	1
8	6
9	6
10	7
/

psi	Vehicle Capacity
/ 38 /
;

Table kappa(i,j)                 Setup
         0        1        2        3        4        5        6        7        8        9        10       
0        0        89       102      30       24       55       64       74       63       75       68       
1        89       0        94       73       76       94       70       107      96       85       111      
2        102      94       0        73       112      53       39       44       46       27       54       
3        30       73       73       0        40       32       34       52       39       46       49       
4        24       76       112      40       0        71       72       92       79       86       88       
5        55       94       53       32       71       0        28       20       8        26       18       
6        64       70       39       34       72       28       0        37       28       17       42       
7        74       107      44       52       92       20       37       0        13       25       10       
8        63       96       46       39       79       8        28       13       0        21       14       
9        75       85       27       46       86       26       17       25       21       0        33       
10       68       111      54       49       88       18       42       10       14       33       0        
;



Table delta(i,j)                 Distance
         0        1        2        3        4        5        6        7        8        9        10       
0        0        116      72       125      173      94       20       19       167      76       162      
1        116      0        148      55       77       67       119      134      80       147      55       
2        72       148      0        178      175      155      52       64       218      147      174      
3        125      55       178      0        127      36       137      144      42       125      102      
4        173      77       175      127      0        145      168      187      135      220      26       
5        94       67       155      36       145      0        108      113      76       89       122      
6        20       119      52       137      168      108      0        20       178      96       160      
7        19       134      64       144      187      113      20       0        187      83       178      
8        167      80       218      42       135      76       178      187      0        162      109      
9        76       147      147      125      220      89       96       83       162      0        202      
10       162      55       174      102      26       122      160      178      109      202      0        
;

