

sets
i        orders          /0*40/
k        routes          /1*40/
p        positions       /0*40/
;

alias(i,j)
alias(i,h)
alias(i,hh)
alias(i,jj)
alias(k,kk)
                            Parameters

rho(i)	Processing time
/
0	0
1	52
2	71
3	3
4	65
5	1
6	66
7	89
8	32
9	71
10	23
11	74
12	44
13	58
14	32
15	59
16	35
17	38
18	25
19	26
20	18
21	76
22	23
23	62
24	58
25	65
26	27
27	93
28	46
29	54
30	18
31	92
32	83
33	23
34	73
35	55
36	20
37	75
38	92
39	10
40	34
/

gamma(i)	Duedate
/
0	0
1	24
2	23
3	48
4	58
5	73
6	25
7	88
8	49
9	99
10	54
11	53
12	56
13	59
14	9
15	52
16	8
17	92
18	21
19	52
20	61
21	11
22	5
23	9
24	25
25	15
26	30
27	96
28	64
29	89
30	49
31	36
32	67
33	48
34	22
35	67
36	99
37	52
38	69
39	87
40	33
/

sigma(i)	Size
/
0	0
1	4
2	2
3	1
4	7
5	7
6	8
7	4
8	1
9	2
10	1
11	3
12	9
13	4
14	4
15	7
16	7
17	8
18	8
19	2
20	9
21	2
22	6
23	3
24	7
25	9
26	7
27	6
28	3
29	5
30	4
31	6
32	2
33	5
34	2
35	8
36	2
37	7
38	5
39	8
40	4
/

epsilon(i)	Priority
/
0	0
1	4
2	1
3	9
4	9
5	7
6	3
7	2
8	7
9	2
10	4
11	8
12	6
13	9
14	2
15	7
16	8
17	4
18	7
19	6
20	3
21	6
22	7
23	1
24	1
25	7
26	3
27	6
28	2
29	1
30	5
31	1
32	3
33	9
34	3
35	9
36	9
37	7
38	7
39	1
40	1
/

psi	Vehicle Capacity
/ 42 /
;

Table kappa(i,j)                 Setup
         0        1        2        3        4        5        6        7        8        9        10       11       12       13       14       15       16       17       18       19       20       21       22       23       24       25       26       27       28       29       30       31       32       33       34       35       36       37       38       39       40       
0        0        618      1779     1052     1329     473      1533     1656     1730     1926     746      680      2064     724      1453     609      1136     1255     1425     932      451      773      315      1174     442      1386     1698     662      516      60       1624     994      805      795      1262     1151     915      1641     495      1497     1395     
1        618      0        1172     535      1383     561      1127     1228     1115     1317     145      698      1531     737      1492     781      534      640      1150     316      875      705      707      724      408      780      1082     284      742      667      1056     485      851      377      769      553      473      1144     392      978      1300     
2        1779     1172     0        795      1884     1669     909      871      407      148      1073     1717     630      1737     1933     1675     777      541      1220     882      1911     1424     1868     833      1426     393      166      1160     1853     1833     815      1065     1591     1057     1066     780      1187     1127     1376     556      1611     
3        1052     535      795      0        1204     1096     612      701      922      942      527      1225     1015     1261     1284     880      594      428      725      439      1120     641      1220     217      650      442      773      392      1276     1111     1076     784      813      269      994      619      852      1290     596      451      1006     
4        1329     1383     1884     1204     0        1727     1049     1155     2111     2009     1496     1934     1723     1981     123      721      1758     1633     718      1543     950      678      1643     1069     1033     1619     1922     1110     1829     1373     2274     1847     552      1079     2114     1784     1856     2457     1020     1337     325      
5        473      561      1669     1096     1727     0        1679     1785     1515     1805     608      212      2084     258      1847     1016     918      1128     1661     790      920      1089     268      1280     709      1292     1551     783      185      470      1309     682      1177     909      901      924      570      1258     739      1538     1729     
6        1533     1127     909      612      1049     1679     0        130      1235     1010     1139     1825     683      1864     1071     1132     1152     902      334      1043     1438     850      1761     403      1091     792      998      906      1852     1594     1532     1384     960      773      1560     1174     1461     1799     1038     366      740      
7        1656     1228     871      701      1155     1785     130      0        1225     957      1228     1924     567      1961     1169     1262     1206     942      437      1118     1568     980      1876     504      1214     813      978      1019     1960     1716     1548     1452     1089     885      1610     1226     1536     1827     1160     369      839      
8        1730     1115     407      922      2111     1515     1235     1225     0        444      984      1514     1037     1525     2179     1768     603      516      1512     798      1954     1557     1749     1044     1457     491      254      1201     1688     1776     421      844      1731     1136     752      593      968      733      1415     869      1873     
9        1926     1317     148      942      2009     1805     1010     957      444      0        1214     1845     624      1863     2054     1821     902      681      1331     1022     2059     1567     2009     970      1575     540      262      1308     1988     1979     865      1185     1733     1205     1160     903      1308     1177     1524     674      1728     
10       746      145      1073     527      1496     608      1139     1228     984      1214     0        706      1479     739      1600     919      393      532      1202     193      1020     821      795      737      550      687      970      385      794      792      911      354      976      443      633      411      366      1003     529      944      1389     
11       680      698      1717     1225     1934     212      1825     1924     1514     1845     706      0        2179     47       2054     1226     943      1187     1834     865      1130     1287     428      1422     909      1358     1585     951      235      670      1256     670      1382     1068     832      943      546      1156     934      1651     1925     
12       2064     1531     630      1015     1723     2084     683      567      1037     624      1479     2179     0        2208     1733     1770     1298     1018     1005     1315     2061     1487     2231     905      1643     844      793      1402     2269     2124     1443     1586     1620     1269     1651     1311     1697     1753     1587     566      1405     
13       724      737      1737     1261     1981     258      1864     1961     1525     1863     739      47       2208     0        2101     1273     961      1210     1877     893      1175     1334     465      1460     955      1383     1602     994      263      714      1255     683      1429     1109     830      960      559      1144     980      1684     1971     
14       1453     1492     1933     1284     123      1847     1071     1169     2179     2054     1600     2054     1733     2101     0        844      1849     1711     737      1639     1072     788      1766     1135     1150     1687     1981     1215     1952     1496     2358     1950     671      1176     2213     1875     1962     2550     1135     1380     331      
15       609      781      1675     880      721      1016     1132     1262     1768     1821     919      1226     1770     1273     844      0        1270     1252     926      1035     313      283      922      884      375      1315     1650     576      1109     655      1808     1267     212      633      1551     1293     1242     1923     390      1235     804      
16       1136     534      777      594      1758     918      1152     1206     603      902      393      943      1298     961      1849     1270     0        283      1317     235      1404     1116     1146     800      918      454      642      696      1096     1179     538      291      1286     684      407      25       410      701      887      855      1592     
17       1255     640      541      428      1633     1128     902      942      516      681      532      1187     1018     1210     1711     1252     283      0        1108     340      1443     1046     1327     596      946      174      442      687      1313     1307     656      568      1220     620      672      298      680      899      902      581      1426     
18       1425     1150     1220     725      718      1661     334      437      1512     1331     1202     1834     1005     1877     737      926      1317     1108     0        1158     1240     667      1692     517      993      1036     1290     883      1817     1484     1762     1503     727      773      1719     1342     1557     2003     947      663      406      
19       932      316      882      439      1543     790      1043     1118     798      1022     193      865      1315     893      1639     1035     235      340      1158     0        1174     889      987      656      684      501      777      462      976      981      773      345      1056     464      577      258      418      915      652      803      1397     
20       451      875      1911     1120     950      920      1438     1568     1954     2059     1020     1130     2061     1175     1072     313      1404     1443     1240     1174     0        588      753      1161     497      1533     1866     758      964      473      1932     1337     519      854      1620     1425     1284     2001     541      1512     1092     
21       773      705      1424     641      678      1089     850      980      1557     1567     821      1287     1487     1334     788      283      1116     1046     667      889      588      0        1063     611      380      1083     1414     437      1219     830      1649     1175     174      435      1448     1141     1178     1803     353      959      640      
22       315      707      1868     1220     1643     268      1761     1876     1749     2009     795      428      2231     465      1766     922      1146     1327     1692     987      753      1063     0        1377     699      1480     1763     857      217      280      1568     935      1112     992      1166     1155     829      1526     744      1671     1696     
23       1174     724      833      217      1069     1280     403      504      1044     970      737      1422     905      1460     1135     884      800      596      517      656      1161     611      1377     0        742      552      854      521      1455     1235     1253     1002     768      385      1205     825      1069     1486     686      351      835      
24       442      408      1426     650      1033     709      1091     1214     1457     1575     550      909      1643     955      1150     375      918      946      993      684      497      380      699      742      0        1042     1372     266      842      503      1453     893      481      380      1177     940      867      1553     55       1078     1020     
25       1386     780      393      442      1619     1292     792      813      491      540      687      1358     844      1383     1687     1315     454      174      1036     501      1533     1083     1480     552      1042     0        335      775      1477     1440     740      742      1256     684      828      467      855      1014     993      443      1385     
26       1698     1082     166      773      1922     1551     998      978      254      262      970      1585     793      1602     1981     1650     642      442      1290     777      1866     1414     1763     854      1372     335      0        1107     1733     1749     650      923      1586     1019     905      642      1047     961      1325     633      1666     
27       662      284      1160     392      1110     783      906      1019     1201     1308     385      951      1402     994      1215     576      696      687      883      462      758      437      857      521      266      775      1107     0        949      722      1234     738      597      135      1011     720      748      1370     217      835      1016     
28       516      742      1853     1276     1829     185      1852     1960     1688     1988     794      235      2269     263      1952     1109     1096     1313     1817     976      964      1219     217      1455     842      1477     1733     949      0        491      1462     848      1287     1078     1044     1101     730      1383     879      1720     1858     
29       60       667      1833     1111     1373     470      1594     1716     1776     1979     792      670      2124     714      1496     655      1179     1307     1484     981      473      830      280      1235     503      1440     1749     722      491      0        1660     1026     855      855      1290     1194     942      1667     556      1557     1446     
30       1624     1056     815      1076     2274     1309     1532     1548     421      865      911      1256     1443     1255     2358     1808     538      656      1762     773      1932     1649     1568     1253     1453     740      650      1234     1462     1660     0        636      1820     1214     426      514      740      312      1423     1179     2080     
31       994      485      1065     784      1847     682      1384     1452     844      1185     354      670      1586     683      1950     1267     291      568      1503     345      1337     1175     935      1002     893      742      923      738      848      1026     636      0        1330     779      284      284      124      664      878      1118     1726     
32       805      851      1591     813      552      1177     960      1089     1731     1733     976      1382     1620     1429     671      212      1286     1220     727      1056     519      174      1112     768      481      1256     1586     597      1287     855      1820     1330     0        608      1607     1310     1325     1968     472      1109     594      
33       795      377      1057     269      1079     909      773      885      1136     1205     443      1068     1269     1109     1176     633      684      620      773      464      854      435      992      385      380      684      1019     135      1078     855      1214     779      608      0        1037     709      809      1379     326      703      947      
34       1262     769      1066     994      2114     901      1560     1610     752      1160     633      832      1651     830      2213     1551     407      672      1719     577      1620     1448     1166     1205     1177     828      905      1011     1044     1290     426      284      1607     1037     0        385      348      381      1161     1253     1974     
35       1151     553      780      619      1784     924      1174     1226     593      903      411      943      1311     960      1875     1293     25       298      1342     258      1425     1141     1155     825      940      467      642      720      1101     1194     514      284      1310     709      385      0        406      676      909      874      1617     
36       915      473      1187     852      1856     570      1461     1536     968      1308     366      546      1697     559      1962     1242     410      680      1557     418      1284     1178     829      1069     867      855      1047     748      730      942      740      124      1325     809      348      406      0        726      860      1214     1755     
37       1641     1144     1127     1290     2457     1258     1799     1827     733      1177     1003     1156     1753     1144     2550     1923     701      899      2003     915      2001     1803     1526     1486     1553     1014     961      1370     1383     1667     312      664      1968     1379     381      676      726      0        1533     1458     2292     
38       495      392      1376     596      1020     739      1038     1160     1415     1524     529      934      1587     980      1135     390      887      902      947      652      541      353      744      686      55       993      1325     217      879      556      1423     878      472      326      1161     909      860      1533     0        1023     991      
39       1497     978      556      451      1337     1538     366      369      869      674      944      1651     566      1684     1380     1235     855      581      663      803      1512     959      1671     351      1078     443      633      835      1720     1557     1179     1118     1109     703      1253     874      1214     1458     1023     0        1055     
40       1395     1300     1611     1006     325      1729     740      839      1873     1728     1389     1925     1405     1971     331      804      1592     1426     406      1397     1092     640      1696     835      1020     1385     1666     1016     1858     1446     2080     1726     594      947      1974     1617     1755     2292     991      1055     0        
;



Table delta(i,j)                 Distance
         0        1        2        3        4        5        6        7        8        9        10       11       12       13       14       15       16       17       18       19       20       21       22       23       24       25       26       27       28       29       30       31       32       33       34       35       36       37       38       39       40       
0        0        3030     2970     2670     5460     5100     5130     3150     1230     270      750      3480     3690     4350     840      4470     3120     720      4680     2280     6480     3630     1050     4560     210      5280     1560     3690     990      3210     4470     2220     2640     2100     5820     3510     1950     2640     1320     1860     5100     
1        3030     0        50       14       172      127      158      153      61       101      96       29       119      105      81       160      139      97       166      60       123      21       87       68       94       81       61       22       71       33       49       171      84       109      100      84       113      79       88       57       150      
2        2970     50       0        56       122      82       108      113      74       104      82       79       70       58       93       111      96       84       116      96       121      63       104      55       92       86       85       63       83       82       72       155      40       73       100      34       80       118      65       36       101      
3        2670     14       56       0        178      137      165      151      49       88       87       30       124      114      68       164      138      89       170      46       137      32       74       82       83       95       47       34       58       28       62       161      86       106      114      91       109      66       82       53       158      
4        5460     172      122      178      0        62       13       102      180      191      157      200      59       71       193      42       88       158      37       214      176      181      205      137      178      168      196      181      186      205      178      194      100      113      169      87       120      236      138      137      24       
5        5100     127      82       137      62       0        52       126      154      177      147      153      60       25       171      82       107      149      83       179      114      131      183      78       164      107      167      130      162      160      121      205      82       113      106      53       122      201      127      111      39       
6        5130     158      108      165      13       52       0        96       167      179      145      187      47       58       181      38       80       147      36       201      166      168      193      125      166      156      183      168      173      191      165      186      87       102      158      74       110      223      126      124      13       
7        3150     153      113      151      102      126      96       0        124      114      82       180      66       111      127      60       20       83       66       166      223      172      137      161      104      196      142      173      124      178      185      93       73       45       206      97       44       184      73       97       103      
8        1230     61       74       49       180      154      167      124      0        39       46       75       120      129      21       155      117      47       161      41       182      81       30       120      35       140      18       83       10       67       110      114      80       81       159      101      80       60       51       43       163      
9        270      101      104      88       191      177      179      114      39       0        34       114      131      152      22       158      113      33       165      70       219      121      27       155      13       178      48       123      30       105      149      78       95       79       196      124      74       81       52       67       178      
10       750      96       82       87       157      147      145      82       46       34       0        116      98       122      44       124      79       2        131      87       203      117      55       137      22       165      63       119      43       110      141      75       64       45       181      95       40       104      20       46       145      
11       3480     29       79       30       200      153      187      180      75       114      116      0        149      132      92       190      167      118      195      55       129      23       95       85       110      87       67       24       83       12       51       189      113      135      106      113      139      68       112      83       178      
12       3690     119      70       124      59       60       47       66       120      131      98       149      0        45       133      41       46       100      46       155      160      133      145      104      118      138      137      133      126      151      137      146      40       57       146      40       65       177      79       78       47       
13       4350     105      58       114      71       25       58       111      129      152      122      132      45       0        146      78       91       125      81       155      115      112      158      66       139      99       142      111      137      138      106      183      58       91       103      28       100      177      102      86       47       
14       840      81       93       68       193      171      181      127      21       22       44       92       133      146      0        164      123      44       171      48       203      101      12       141      25       161      25       103      10       82       130      101      93       87       179      118      84       60       57       60       178      
15       4470     160      111      164      42       82       38       60       155      158      124      190      41       78       164      0        48       125      6        193      193      174      176      143      146      177      172      174      159      192      178      153      78       79       182      81       84       214      107      115      48       
16       3120     139      96       138      88       107      80       20       117      113      79       167      46       91       123      48       0        80       54       158      203      156      134      142      102      177      135      157      119      166      168      105      56       36       187      78       39       177      66       84       86       
17       720      97       84       89       158      149      147      83       47       33       2        118      100      125      44       125      80       0        132      88       205      119      54       140      21       167      63       120      43       112      143      73       66       46       183      97       41       104      22       48       147      
18       4680     166      116      170      37       83       36       66       161      165      131      195      46       81       171      6        54       132      0        199      195      179      183      146      153      180      179      179      165      197      182      159      84       85       184      85       91       220      114      121      47       
19       2280     60       96       46       214      179      201      166      41       70       87       55       155      155      48       193      158      88       199      0        181      72       45       128      72       138      24       74       44       43       103      149      115      122      158      129      122      21       92       77       195      
20       6480     123      121      137      176      114      166      223      182      219      203      129      160      115      203      193      203      205      195      181      0        109      210      65       209      42       184      106      192      141      78       277      154      191      23       125      199      197      187      156      153      
21       3630     21       63       32       181      131      168      172      81       121      117      23       133      112      101      174      156      119      179      72       109      0        106      62       114      66       78       2        91       34       31       192      101      128      85       95       132      88       108      77       159      
22       1050     87       104      74       205      183      193      137      30       27       55       95       145      158      12       176      134      54       183      45       210      106      0        149      34       168      27       108      21       84       136      105      105      98       187      130      95       54       68       71       190      
23       4560     68       55       82       137      78       125      161      120      155      137      85       104      66       141      143      142      140      146      128      65       62       149      0        145      34       125      60       130      95       43       211      90       127      45       65       134      147      121      91       113      
24       210      94       92       83       178      164      166      104      35       13       22       110      118      139      25       146      102      21       153      72       209      114      34       145      0        169      48       116      28       102      142      79       82       67       187      111      62       85       39       55       165      
25       5280     81       86       95       168      107      156      196      140      178      165      87       138      99       161      177      177      167      180      138      42       66       168      34       169      0        142      64       150      99       36       240      124      159      19       100      166      155      151      119      144      
26       1560     61       85       47       196      167      183      142      18       48       63       67       137      142      25       172      135      63       179      24       184      78       27       125      48       142      0        81       20       57       109      126      96       99       161      115      98       42       69       59       179      
27       3690     22       63       34       181      130      168      173      83       123      119      24       133      111      103      174      157      120      179      74       106      2        108      60       116      64       81       0        93       36       29       194      101      129      83       95       134      90       110      78       158      
28       990      71       83       58       186      162      173      124      10       30       43       83       126      137      10       159      119      43       165      44       192      91       21       130      28       150      20       93       0        74       120      107      86       82       169      109      81       60       52       50       170      
29       3210     33       82       28       205      160      191      178      67       105      110      12       151      138      82       192      166      112      197      43       141      34       84       95       102      99       57       36       74       0        63       181      114      133      118      117      136      55       108      81       183      
30       4470     49       72       62       178      121      165      185      110      149      141      51       137      106      130      178      168      143      182      103      78       31       136      43       142      36       109      29       120      63       0        217      112      144      55       97       150      119      130      97       154      
31       2220     171      155      161      194      205      186      93       114      78       75       189      146      183      101      153      105      73       159      149      277      192      105      211      79       240      126      194      107      181      217      0        127      92       256      160      83       159      89       121      190      
32       2640     84       40       86       100      82       87       73       80       95       64       113      40       58       93       78       56       66       84       115      154      101      105      90       82       124      96       101      86       114      112      127      0        36       136      33       45       136      44       37       84       
33       2100     109      73       106      113      113      102      45       81       79       45       135      57       91       87       79       36       46       85       122      191      128      98       127      67       159      99       129      82       133      144      92       36       0        172      68       8        141      30       52       104      
34       5820     100      100      114      169      106      158      206      159      196      181      106      146      103      179      182      187      183      184      158      23       85       187      45       187      19       161      83       169      118      55       256      136      172      0        109      180      174      166      135      145      
35       3510     84       34       91       87       53       74       97       101      124      95       113      40       28       118      81       78       97       85       129      125      95       130      65       111      100      115      95       109      117      97       160      33       68       109      0        77       151      75       58       66       
36       1950     113      80       109      120      122      110      44       80       74       40       139      65       100      84       84       39       41       91       122      199      132      95       134      62       166      98       134      81       136      150      83       45       8        180      77       0        140      29       56       112      
37       2640     79       118      66       236      201      223      184      60       81       104      68       177      177      60       214      177      104      220      21       197      88       54       147      85       155      42       90       60       55       119      159      136      141      174      151      140      0        111      99       217      
38       1320     88       65       82       138      127      126      73       51       52       20       112      79       102      57       107      66       22       114      92       187      108      68       121      39       151      69       110      52       108      130      89       44       30       166      75       29       111      0        32       125      
39       1860     57       36       53       137      111      124      97       43       67       46       83       78       86       60       115      84       48       121      77       156      77       71       91       55       119      59       78       50       81       97       121      37       52       135      58       56       99       32       0        120      
40       5100     150      101      158      24       39       13       103      163      178      145      178      47       47       178      48       86       147      47       195      153      159      190      113      165      144      179      158      170      183      154      190      84       104      145      66       112      217      125      120      0        
;

