

sets
i        orders          /0*10/
k        routes          /1*10/
p        positions       /0*10/
;

alias(i,j)
alias(i,h)
alias(i,hh)
alias(i,jj)
alias(k,kk)
                            Parameters

rho(i)	Processing time
/
0	0
1	15
2	38
3	50
4	77
5	81
6	59
7	61
8	45
9	74
10	50
/

gamma(i)	Duedate
/
0	0
1	1
2	71
3	2
4	19
5	11
6	18
7	32
8	99
9	96
10	55
/

sigma(i)	Size
/
0	0
1	2
2	5
3	8
4	4
5	3
6	5
7	5
8	2
9	8
10	6
/

epsilon(i)	Priority
/
0	0
1	1
2	2
3	9
4	1
5	3
6	8
7	5
8	2
9	9
10	6
/

psi	Vehicle Capacity
/ 34 /
;

Table kappa(i,j)                 Setup
         0        1        2        3        4        5        6        7        8        9        10       
0        0        48       78       38       28       58       12       34       29       50       55       
1        48       0        75       18       70       80       36       65       26       94       51       
2        78       75       0        87       69       38       77       53       86       83       25       
3        38       18       87       0        64       84       26       64       9        88       62       
4        28       70       69       64       0        38       38       15       57       24       54       
5        58       80       38       84       38       0        63       24       79       45       37       
6        12       36       77       26       38       63       0        41       18       62       53       
7        34       65       53       64       15       24       41       0        58       34       39       
8        29       26       86       9        57       79       18       58       0        80       61       
9        50       94       83       88       24       45       62       34       80       0        73       
10       55       51       25       62       54       37       53       39       61       73       0        
;



Table delta(i,j)                 Distance
         0        1        2        3        4        5        6        7        8        9        10       
0        0        410      340      320      270      180      60       240      170      290      50       
1        410      0        45       11       28       60       39       40       45       13       37       
2        340      45       0        43       51       45       28       55       19       33       36       
3        320      11       43       0        17       50       30       29       39       10       27       
4        270      28       51       17       0        42       29       13       41       24       22       
5        180      60       45       50       42       0        22       34       26       47       22       
6        60       39       28       30       29       22       0        28       12       26       8        
7        240      40       55       29       13       34       28       0        41       34       20       
8        170      45       19       39       41       26       12       41       0        32       21       
9        290      13       33       10       24       47       26       34       32       0        25       
10       50       37       36       27       22       22       8        20       21       25       0        
;

