

sets
i        orders          /0*40/
k        routes          /1*40/
p        positions       /0*40/
;

alias(i,j)
alias(i,h)
alias(i,hh)
alias(i,jj)
alias(k,kk)
                            Parameters

rho(i)	Processing time
/
0	0
1	19
2	34
3	23
4	18
5	79
6	20
7	65
8	99
9	71
10	33
11	28
12	14
13	62
14	30
15	56
16	60
17	49
18	85
19	33
20	69
21	59
22	75
23	20
24	10
25	26
26	64
27	49
28	86
29	44
30	47
31	47
32	37
33	19
34	54
35	16
36	81
37	68
38	77
39	79
40	64
/

gamma(i)	Duedate
/
0	0
1	92
2	27
3	6
4	51
5	27
6	96
7	54
8	91
9	83
10	50
11	40
12	61
13	78
14	18
15	47
16	70
17	42
18	77
19	46
20	84
21	26
22	78
23	93
24	25
25	92
26	36
27	90
28	56
29	18
30	81
31	88
32	14
33	10
34	50
35	36
36	43
37	47
38	49
39	2
40	35
/

sigma(i)	Size
/
0	0
1	6
2	1
3	5
4	5
5	2
6	2
7	4
8	3
9	4
10	4
11	3
12	5
13	8
14	5
15	6
16	2
17	5
18	5
19	3
20	2
21	8
22	9
23	7
24	1
25	8
26	9
27	4
28	5
29	5
30	3
31	2
32	3
33	1
34	9
35	1
36	4
37	1
38	5
39	9
40	6
/

epsilon(i)	Priority
/
0	0
1	5
2	7
3	9
4	4
5	1
6	7
7	9
8	9
9	5
10	6
11	5
12	2
13	4
14	4
15	4
16	5
17	8
18	2
19	1
20	4
21	4
22	6
23	9
24	7
25	2
26	7
27	4
28	1
29	9
30	3
31	1
32	9
33	2
34	5
35	9
36	4
37	7
38	3
39	7
40	5
/

psi	Vehicle Capacity
/ 26 /
;

Table kappa(i,j)                 Setup
         0        1        2        3        4        5        6        7        8        9        10       11       12       13       14       15       16       17       18       19       20       21       22       23       24       25       26       27       28       29       30       31       32       33       34       35       36       37       38       39       40       
0        0        2813     2481     1933     3875     1759     2850     3565     3479     175      4157     3004     2294     2566     2131     2582     2657     816      1413     926      1986     869      3647     2202     3351     2036     2879     2682     2333     1588     3436     1718     1560     3165     1671     3119     955      3984     2418     2110     1000     
1        2813     0        968      1708     2480     1456     354      2936     1926     2963     3068     3343     1264     2707     1409     1940     2311     1997     2475     3182     1514     2406     1111     680      823      2693     1763     1441     569      2020     1217     2452     2899     1845     1203     314      2671     2886     512      1837     3152     
2        2481     968      0        2142     1756     758      1294     2024     1220     2593     2275     2376     325      1744     512      972      1343     1731     2665     3105     1973     2389     2069     597      1790     1790     853      511      564      1236     955      1606     2101     1019     1325     1205     2682     2085     543      910      3109     
3        1933     1708     2142     0        3899     1926     1504     4050     3358     2108     4403     4012     2225     3391     2212     2900     3189     1376     883      1810     194      1133     2025     1551     1794     3081     2951     2619     1621     2308     2847     2727     2934     3156     866      1902     1274     4211     1683     2530     1742     
4        3875     2480     1756     3899     0        2204     2833     930      556      3933     619      1988     1728     1725     1822     1298     1344     3281     4376     4662     3728     4025     3355     2350     3165     2218     1018     1305     2296     2297     1360     2339     2803     758      3071     2552     4315     473      2249     1766     4687     
5        1759     1456     758      1926     2204     0        1682     2155     1750     1856     2601     2124     535      1485     386      1010     1265     1079     2210     2469     1804     1822     2542     792      2236     1296     1186     936      888      565      1702     1010     1443     1457     1066     1757     2111     2413     945      604      2488     
6        2850     354      1294     1504     2833     1682     0        3284     2280     3009     3423     3654     1570     3012     1695     2266     2634     2044     2330     3115     1312     2342     866      890      557      2957     2109     1782     812      2246     1550     2692     3111     2199     1184     404      2586     3241     784      2124     3074     
7        3565     2936     2024     4050     930      2155     3284     0        1205     3583     704      1109     1843     1064     1838     1152     925      3135     4351     4439     3907     3911     3951     2593     3714     1628     1177     1514     2585     2008     2043     1869     2230     1119     3184     3091     4185     614      2567     1572     4484     
8        3479     1926     1220     3358     556      1750     2280     1205     0        3554     1147     2078     1239     1651     1364     995      1190     2828     3870     4219     3185     3549     2832     1807     2629     2045     615      816      1746     1944     857      2082     2584     329      2545     2010     3842     973      1697     1410     4236     
9        175      2963     2593     2108     3933     1856     3009     3583     3554     0        4191     2972     2390     2564     2220     2635     2687     968      1568     993      2162     1034     3814     2340     3516     2020     2948     2767     2471     1636     3548     1720     1511     3236     1834     3271     1097     4022     2556     2167     1078     
10       4157     3068     2275     4403     619      2601     3423     704      1147     4191     0        1796     2186     1746     2239     1608     1505     3648     4809     4998     4241     4414     3971     2873     3775     2301     1454     1784     2833     2572     1978     2505     2905     1257     3554     3158     4698     191      2795     2077     5034     
11       3004     3343     2376     4012     1988     2124     3654     1109     2078     2972     1796     0        2084     647      1972     1420     1049     2821     4082     3929     3910     3564     4444     2812     4165     990      1723     1957     2855     1711     2785     1348     1469     1847     3176     3575     3801     1723     2872     1556     3995     
12       2294     1264     325      2225     1728     535      1570     1843     1239     2390     2186     2084     0        1443     198      722      1075     1596     2647     2987     2071     2310     2374     762      2087     1464     732      425      780      933      1191     1285     1785     970      1368     1519     2603     1994     789      586      3001     
13       2566     2707     1744     3391     1725     1485     3012     1064     1651     2564     1746     647      1443     0        1325     820      479      2263     3521     3470     3281     3027     3813     2165     3530     566      1179     1359     2210     1120     2248     848      1166     1366     2545     2949     3282     1612     2229     909      3526     
14       2131     1409     512      2212     1822     386      1695     1838     1364     2220     2239     1972     198      1325     0        688      1005     1465     2571     2855     2071     2202     2520     840      2227     1292     805      552      886      735      1384     1094     1590     1071     1346     1679     2493     2049     911      429      2874     
15       2582     1940     972      2900     1298     1010     2266     1152     995      2635     1608     1420     722      820      688      0        373      2039     3218     3396     2759     2806     3030     1484     2758     1076     405      540      1498     998      1442     1086     1590     668      2033     2159     3090     1424     1499     474      3429     
16       2657     2311     1343     3189     1344     1265     2634     925      1190     2687     1505     1049     1075     479      1005     373      0        2211     3436     3519     3059     2987     3403     1831     3130     877      700      908      1855     1085     1771     1010     1459     892      2324     2532     3260     1341     1861     664      3561     
17       816      1997     1731     1376     3281     1079     2044     3135     2828     968      3648     2821     1596     2263     1465     2039     2211     0        1261     1391     1363     775      2862     1393     2560     1838     2262     2012     1524     1149     2675     1476     1582     2536     882      2304     1052     3463     1610     1575     1408     
18       1413     2475     2665     883      4376     2210     2330     4351     3870     1568     4809     4082     2647     3521     2571     3218     3436     1261     0        976      1049     563      2907     2134     2670     3096     3371     3071     2238     2403     3503     2735     2783     3618     1360     2710     501      4620     2317     2778     893      
19       926      3182     3105     1810     4662     2469     3115     4439     4219     993      4998     3929     2987     3470     2855     3396     3519     1391     976      0        1945     775      3792     2688     3529     2953     3646     3403     2812     2433     4033     2624     2487     3923     1980     3457     541      4818     2898     2923     106      
20       1986     1514     1973     194      3728     1804     1312     3907     3185     2162     4241     3910     2071     3281     2071     2759     3059     1363     1049     1945     0        1232     1861     1378     1620     2997     2793     2457     1442     2218     2658     2648     2886     2990     737      1708     1404     4050     1501     2406     1882     
21       869      2406     2389     1133     4025     1822     2342     3911     3549     1034     4414     3564     2310     3027     2202     2806     2987     775      563      775      1232     0        3042     1933     2771     2574     3007     2735     2054     1921     3293     2216     2230     3272     1206     2682     293      4227     2138     2347     748      
22       3647     1111     2069     2025     3355     2542     866      3951     2832     3814     3971     4444     2374     3813     2520     3030     3403     2862     2907     3792     1861     3042     0        1749     310      3802     2807     2509     1659     3108     1995     3549     3977     2833     1981     872      3251     3803     1616     2949     3736     
23       2202     680      597      1551     2350     792      890      2593     1807     2340     2873     2812     762      2165     840      1484     1831     1393     2134     2688     1378     1933     1749     0        1443     2070     1439     1097     131      1358     1372     1802     2230     1617     774      991      2218     2682     217      1260     2676     
24       3351     823      1790     1794     3165     2236     557      3714     2629     3516     3775     4165     2087     3530     2227     2758     3130     2560     2670     3529     1620     2771     310      1443     0        3503     2556     2247     1357     2801     1816     3245     3668     2603     1681     624      2990     3602     1318     2656     3477     
25       2036     2693     1790     3081     2218     1296     2957     1628     2045     2020     2301     990      1464     566      1292     1076     877      1838     3096     2953     2997     2574     3802     2070     3503     0        1480     1543     2146     781      2491     362      604      1728     2281     2970     2810     2158     2186     880      3015     
26       2879     1763     853      2951     1018     1186     2109     1177     615      2948     1454     1723     732      1179     805      405      700      2262     3371     3646     2793     3007     2807     1439     2556     1480     0        342      1417     1329     1070     1479     1988     289      2099     1938     3297     1262     1394     795      3670     
27       2682     1441     511      2619     1305     936      1782     1514     816      2767     1784     1957     425      1359     552      540      908      2012     3071     3403     2457     2735     2509     1097     2247     1543     342      0        1075     1209     950      1459     1977     547      1775     1637     3027     1592     1053     718      3420     
28       2333     569      564      1621     2296     888      812      2585     1746     2471     2833     2855     780      2210     886      1498     1855     1524     2238     2812     1442     2054     1659     131      1357     2146     1417     1075     0        1453     1264     1890     2331     1575     879      875      2337     2643     86       1314     2798     
29       1588     2020     1236     2308     2297     565      2246     2008     1944     1636     2572     1711     933      1120     735      998      1085     1149     2403     2433     2218     1921     3108     1358     2801     781      1329     1209     1453     0        2112     455      882      1618     1499     2318     2186     2397     1508     536      2476     
30       3436     1217     955      2847     1360     1702     1550     2043     857      3548     1978     2785     1191     2248     1384     1442     1771     2675     3503     4033     2658     3293     1995     1372     1816     2491     1070     950      1264     2112     0        2404     2921     955      2143     1219     3582     1815     1187     1661     4028     
31       1718     2452     1606     2727     2339     1010     2692     1869     2082     1720     2505     1348     1285     848      1094     1086     1010     1476     2735     2624     2648     2216     3549     1802     3245     362      1479     1459     1890     455      2404     0        518      1753     1941     2743     2457     2347     1940     743      2681     
32       1560     2899     2101     2934     2803     1443     3111     2230     2584     1511     2905     1469     1785     1166     1590     1590     1459     1582     2783     2487     2886     2230     3977     2230     3668     604      1988     1977     2331     882      2921     518      0        2257     2230     3199     2429     2761     2388     1260     2560     
33       3165     1845     1019     3156     758      1457     2199     1119     329      3236     1257     1847     970      1366     1071     668      892      2536     3618     3923     2990     3272     2833     1617     2603     1728     289      547      1575     1618     955      1753     2257     0        2319     1979     3563     1067     1539     1083     3944     
34       1671     1203     1325     866      3071     1066     1184     3184     2545     1834     3554     3176     1368     2545     1346     2033     2324     882      1360     1980     737      1206     1981     774      1681     2281     2099     1775     879      1499     2143     1941     2230     2319     0        1489     1478     3362     959      1669     1954     
35       3119     314      1205     1902     2552     1757     404      3091     2010     3271     3158     3575     1519     2949     1679     2159     2532     2304     2710     3457     1708     2682     872      991      624      2970     1938     1637     875      2318     1219     2743     3199     1979     1489     0        2938     2983     811      2102     3423     
36       955      2671     2682     1274     4315     2111     2586     4185     3842     1097     4698     3801     2603     3282     2493     3090     3260     1052     501      541      1404     293      3251     2218     2990     2810     3297     3027     2337     2186     3582     2457     2429     3563     1478     2938     0        4513     2422     2627     489      
37       3984     2886     2085     4211     473      2413     3241     614      973      4022     191      1723     1994     1612     2049     1424     1341     3463     4620     4818     4050     4227     3803     2682     3602     2158     1262     1592     2643     2397     1815     2347     2761     1067     3362     2983     4513     0        2606     1895     4853     
38       2418     512      543      1683     2249     945      784      2567     1697     2556     2795     2872     789      2229     911      1499     1861     1610     2317     2898     1501     2138     1616     217      1318     2186     1394     1053     86       1508     1187     1940     2388     1539     959      811      2422     2606     0        1341     2884     
39       2110     1837     910      2530     1766     604      2124     1572     1410     2167     2077     1556     586      909      429      474      664      1575     2778     2923     2406     2347     2949     1260     2656     880      795      718      1314     536      1661     743      1260     1083     1669     2102     2627     1895     1341     0        2957     
40       1000     3152     3109     1742     4687     2488     3074     4484     4236     1078     5034     3995     3001     3526     2874     3429     3561     1408     893      106      1882     748      3736     2676     3477     3015     3670     3420     2798     2476     4028     2681     2560     3944     1954     3423     489      4853     2884     2957     0        
;



Table delta(i,j)                 Distance
         0        1        2        3        4        5        6        7        8        9        10       11       12       13       14       15       16       17       18       19       20       21       22       23       24       25       26       27       28       29       30       31       32       33       34       35       36       37       38       39       40       
0        0        5980     7060     10650    8980     5830     7050     6380     4910     1830     7700     12840    11390    8650     11410    7160     4010     8280     3690     6360     7240     7050     5520     8370     4930     4960     12760    7620     8720     7820     11140    5500     11350    6620     8200     5090     2630     4180     9110     6150     2980     
1        5980     0        561      556      449      376      309      475      187      758      172      687      599      509      543      134      486      480      379      259      240      110      468      308      292      567      679      166      574      218      582      95       578      282      655      472      627      186      356      642      482      
2        7060     561      0        556      1005     190      297      994      680      749      639      952      1094     260      897      541      306      1041     355      312      800      574      156      472      303      241      1020     650      1132     518      1087     628      1056     837      1192     196      508      501      868      1110     408      
3        10650    556      556      0        815      525      364      1004     743      1179     462      433      752      298      455      427      756      923      717      429      686      465      618      248      579      754      539      482      1021     340      762      650      699      782      1151     659      970      673      613      1189     825      
4        8980     449      1005     815      0        824      726      358      423      1080     388      672      283      901      496      475      920      147      807      694      211      437      917      627      740      1011     578      371      225      533      250      412      308      236      391      920      1020     587      206      556      893      
5        5830     376      190      525      824      0        175      804      490      667      475      862      936      283      777      377      230      853      214      149      616      404      110      361      117      244      909      483      943      375      926      438      904      648      1001     140      446      314      702      925      308      
6        7050     309      297      364      726      175      0        781      474      814      346      687      796      204      609      251      399      782      352      72       532      289      283      187      214      419      738      360      878      220      791      396      759      590      964      316      608      343      574      934      461      
7        6380     475      994      1004     358      804      781      0        314      818      543      984      641      984      807      582      805      229      695      722      331      541      864      767      692      914      912      524      240      667      609      384      664      225      203      849      830      495      499      206      742      
8        4910     187      680      743      423      490      474      314      0        668      323      837      648      678      677      317      518      395      404      411      234      285      556      495      379      620      807      309      472      404      624      93       644      192      511      545      597      187      421      461      476      
9        1830     758      749      1179     1080     667      814      818      668      0        930      1435     1317     948      1301     867      449      1011     462      751      902      861      608      967      600      513      1437     924      1054     924      1293     720      1310     844      996      562      242      572      1085     779      359      
10       7700     172      639      462      388      475      346      543      323      930      0        519      462      513      371      98       631      470      533      329      224      75       580      243      422      697      507      19       569      145      451      235      432      319      689      595      791      357      229      735      642      
11       12840    687      952      433      672      862      687      984      837      1435     519      0        469      712      178      568      1074     815      1000     723      662      578      970      500      866      1106     136      530      896      514      494      753      414      770      1062     1002     1267     865      486      1190     1115     
12       11390    599      1094     752      283      936      796      641      648      1317     462      469      0        928      322      559      1084     423      979      789      414      535      1042     643      880      1157     346      454      478      577      33       604      56       490      652      1056     1221     774      242      838      1080     
13       8650     509      260      298      901      283      204      984      678      948      513      712      928      0        685      429      502      972      497      270      720      471      348      285      378      476      796      530      1070     369      928      599      883      787      1164     394      719      541      729      1137     589      
14       11410    543      897      455      496      777      609      807      677      1301     371      178      322      685      0        439      972      638      886      630      488      439      888      425      760      1020     137      378      721      406      341      597      265      596      885      914      1151     728      308      1013     999      
15       7160     134      541      427      475      377      251      582      317      867      98       568      559      429      439      0        541      543      449      231      291      42       483      184      330      603      576      109      641      86       549      224      527      368      746      500      712      298      327      762      561      
16       4010     486      306      756      920      230      399      805      518      449      631      1074     1084     502      972      541      0        912      114      351      710      555      159      576      212      112      1108     634      990      567      1068     507      1060     707      1008     113      217      335      841      877      103      
17       8280     480      1041     923      147      853      782      229      395      1011     470      815      423      972      638      543      912      0        798      738      252      501      935      713      755      1012     725      451      99       614      390      417      453      207      247      930      982      578      336      415      870      
18       3690     379      355      717      807      214      352      695      404      462      533      1000     979      497      886      449      114      798      0        291      598      457      200      512      139      218      1023     534      877      487      962      394      957      593      898      167      267      221      736      778      114      
19       6360     259      312      429      694      149      72       722      411      751      329      723      789      270      630      231      351      738      291      0        492      262      259      225      151      389      763      340      833      226      780      339      755      541      910      284      553      272      558      868      403      
20       7240     240      800      686      211      616      532      331      234      902      224      662      414      720      488      291      710      252      598      492      0        249      707      465      529      800      607      205      350      364      390      203      412      109      465      709      820      380      197      533      688      
21       7050     110      574      465      437      404      289      541      285      861      75       578      535      471      439      42       555      501      457      262      249      0        508      225      347      623      576      80       599      125      523      192      506      326      704      521      717      289      297      724      567      
22       5520     468      156      618      917      110      283      864      556      608      580      970      1042     348      888      483      159      935      200      259      707      508      0        470      179      137      1019     588      1022     485      1031     518      1011     728      1066     46       372      370      805      967      256      
23       8370     308      472      248      627      361      187      767      495      967      243      500      643      285      425      184      576      713      512      225      465      225      470      0        374      606      552      262      813      101      642      403      599      551      927      501      777      431      445      946      626      
24       4930     292      303      579      740      117      214      692      379      600      422      866      880      378      760      330      212      755      139      151      529      347      179      374      0        277      896      426      842      355      867      338      853      548      891      180      403      198      639      808      252      
25       4960     567      241      754      1011     244      419      914      620      513      697      1106     1157     476      1020     603      112      1012     218      389      800      623      137      606      277      0        1152     703      1093     615      1144     601      1129     805      1117     105      270      434      917      990      205      
26       12760    679      1020     539      578      909      738      912      807      1437     507      136      346      796      137      576      1108     725      1023     763      607      576      1019     552      896      1152     0        514      799      540      374      730      294      711      969      1047     1288     864      415      1118     1136     
27       7620     166      650      482      371      483      360      524      309      924      19       530      454      530      378      109      634      451      534      340      205      80       588      262      426      703      514      0        550      163      443      222      426      300      670      601      790      353      218      717      642      
28       8720     574      1132     1021     225      943      878      240      472      1054     569      896      478      1070     721      641      990      99       877      833      350      599      1022     813      842      1093     799      550      0        713      444      505      516      295      174      1015     1046     659      427      389      942      
29       7820     218      518      340      533      375      220      667      404      924      145      514      577      369      406      86       567      614      487      226      364      125      485      101      355      615      540      163      713      0        572      310      538      450      826      509      753      365      361      849      601      
30       11140    582      1087     762      250      926      791      609      624      1293     451      494      33       928      341      549      1068     390      962      780      390      523      1031     642      867      1144     374      443      444      572      0        583      80       461      619      1044     1201     755      227      805      1062     
31       5500     95       628      650      412      438      396      384      93       720      235      753      604      599      597      224      507      417      394      339      203      192      518      403      338      601      730      222      505      310      583      0        592      210      571      514      619      176      366      547      484      
32       11350    578      1056     699      308      904      759      664      644      1310     432      414      56       883      265      527      1060     453      957      755      412      506      1011     599      853      1129     294      426      516      538      80       592      0        497      690      1027     1205     758      226      864      1061     
33       6620     282      837      782      236      648      590      225      192      844      319      770      490      787      596      368      707      207      593      541      109      326      728      551      548      805      711      300      295      450      461      210      497      0        378      723      789      372      297      425      669      
34       8200     655      1192     1151     391      1001     964      203      511      996      689      1062     652      1164     885      746      1008     247      898      910      465      704      1066     927      891      1117     969      670      174      826      619      571      690      378      0        1051     1027     695      583      251      944      
35       5090     472      196      659      920      140      316      849      545      562      595      1002     1056     394      914      500      113      930      167      284      709      521      46       501      180      105      1047     601      1015     509      1044     514      1027     723      1051     0        326      357      817      943      212      
36       2630     627      508      970      1020     446      608      830      597      242      791      1267     1221     719      1151     712      217      982      267      553      820      717      372      777      403      270      1288     790      1046     753      1201     619      1205     789      1027     326      0        446      979      850      152      
37       4180     186      501      673      587      314      343      495      187      572      357      865      774      541      728      298      335      578      221      272      380      289      370      431      198      434      864      353      659      365      755      176      758      372      695      357      446      0        533      612      308      
38       9110     356      868      613      206      702      574      499      421      1085     229      486      242      729      308      327      841      336      736      558      197      297      805      445      639      917      415      218      427      361      227      366      226      297      583      817      979      533      0        705      838      
39       6150     642      1110     1189     556      925      934      206      461      779      735      1190     838      1137     1013     762      877      415      778      868      533      724      967      946      808      990      1118     717      389      849      805      547      864      425      251      943      850      612      705      0        796      
40       2980     482      408      825      893      308      461      742      476      359      642      1115     1080     589      999      561      103      870      114      403      688      567      256      626      252      205      1136     642      942      601      1062     484      1061     669      944      212      152      308      838      796      0        
;

