
sets
i        orders          /0*10/
k        routes          /1*10/
p        positions       /0*10/
;

alias(i,j)
alias(i,h)
alias(i,hh)
alias(i,jj)
alias(k,kk)
                
                    Parameters

rho(i)	Processing time
/
0	0
1	90
2	61
3	49
4	74
5	11
6	5
7	89
8	88
9	15
10	87
/

gamma(i)	Duedate
/
0	0
1	15
2	83
3	67
4	65
5	87
6	18
7	52
8	43
9	72
10	61
/

sigma(i)	Size
/
0	0
1	7
2	2
3	1
4	5
5	8
6	5
7	7
8	2
9	3
10	1
/

epsilon(i)	Priority
/
0	0
1	5
2	8
3	3
4	8
5	9
6	3
7	3
8	6
9	4
10	3
/

psi	Vehicle Capacity
/ 37 /
;

Table kappa(i,j)                 Setup
         0        1        2        3        4        5        6        7        8        9        10       
0        0        99       49       36       118      43       107      105      50       108      101      
1        99       0        52       91       32       58       47       28       49       60       20       
2        49       52       0        41       68       6        61       64       5        65       58       
3        36       91       41       0        100      36       83       106      46       80       100      
4        118      32       68       100      0        74       24       59       68       39       52       
5        43       58       6        36       74       0        65       69       9        68       64       
6        107      47       61       83       24       65       0        75       63       14       67       
7        105      28       64       106      59       69       75       0        60       88       8        
8        50       49       5        46       68       9        63       60       0        68       54       
9        108      60       65       80       39       68       14       88       68       0        80       
10       101      20       58       100      52       64       67       8        54       80       0        
;



Table delta(i,j)                 Distance
         0        1        2        3        4        5        6        7        8        9        10       
0        0        4320     2070     3060     1650     3990     4290     4440     4110     1530     2040     
1        4320     0        191      44       158      189      270      54       239      118      199      
2        2070     191      0        157      118      196      165      208      181      120      105      
3        3060     44       157      0        113      151      225      54       196      74       154      
4        1650     158      118      113      0        78       111      141      88       39       46       
5        3990     189      196      151      78       0        126      151      71       96       103      
6        4290     270      165      225      111      126      0        250      57       151      74       
7        4440     54       208      54       141      151      250      0        211      106      187      
8        4110     239      181      196      88       71       57       211      0        125      76       
9        1530     118      120      74       39       96       151      106      125      0        81       
10       2040     199      105      154      46       103      74       187      76       81       0        
;

