

sets
i        orders          /0*20/
k        routes          /1*20/
p        positions       /0*20/
;

alias(i,j)
alias(i,h)
alias(i,hh)
alias(i,jj)
alias(k,kk)
                            Parameters

rho(i)	Processing time
/
0	0
1	87
2	91
3	72
4	70
5	64
6	20
7	43
8	17
9	19
10	75
11	44
12	25
13	99
14	90
15	44
16	63
17	83
18	42
19	34
20	87
/

gamma(i)	Duedate
/
0	0
1	25
2	13
3	61
4	91
5	32
6	57
7	46
8	34
9	52
10	4
11	64
12	36
13	15
14	23
15	67
16	91
17	90
18	63
19	39
20	75
/

sigma(i)	Size
/
0	0
1	7
2	8
3	9
4	1
5	8
6	4
7	8
8	1
9	7
10	8
11	2
12	5
13	3
14	5
15	6
16	5
17	7
18	2
19	2
20	6
/

epsilon(i)	Priority
/
0	0
1	1
2	7
3	2
4	3
5	3
6	2
7	9
8	8
9	5
10	9
11	7
12	3
13	2
14	3
15	2
16	2
17	8
18	1
19	2
20	5
/

psi	Vehicle Capacity
/ 67 /
;

Table kappa(i,j)                 Setup
         0        1        2        3        4        5        6        7        8        9        10       11       12       13       14       15       16       17       18       19       20       
0        0        550      810      540      1326     512      605      1330     1462     1741     159      260      478      399      1009     664      1311     394      1697     869      1469     
1        550      0        1355     1085     1823     578      1115     1819     1613     1937     591      776      980      942      1458     474      1433     797      1843     729      1908     
2        810      1355     0        361      872      1177     321      913      1721     1885     779      655      580      413      835      1407     1640     809      1922     1542     1176     
3        540      1085     361      0        832      825      408      850      1403     1602     574      322      219      243      623      1066     1306     449      1617     1184     1051     
4        1326     1823     872      832      0        1373     1150     61       1278     1294     1395     1067     851      1071     419      1632     1295     1033     1402     1629     353      
5        512      578      1177     825      1373     0        1064     1355     1050     1366     666      526      631      819      969      261      877      386      1284     372      1390     
6        605      1115     321      408      1150     1064     0        1183     1799     2009     523      553      594      251      1020     1259     1689     756      2018     1436     1420     
7        1330     1819     913      850      61       1355     1183     0        1223     1233     1406     1070     853      1091     390      1612     1244     1024     1343     1600     294      
8        1462     1613     1721     1403     1278     1050     1799     1223     0        336      1618     1303     1205     1566     958      1165     186      1094     236      960      1027     
9        1741     1937     1885     1602     1294     1366     2009     1233     336      0        1892     1556     1425     1792     1065     1496     522      1356     185      1297     981      
10       159      591      779      574      1395     666      523      1406     1618     1892     0        365      570      374      1111     796      1469     537      1853     1015     1569     
11       260      776      655      322      1067     526      553      1070     1303     1556     365      0        217      302      751      752      1172     213      1534     896      1211     
12       478      980      580      219      851      631      594      853      1205     1425     570      217      0        367      540      884      1097     245      1425     979      998      
13       399      942      413      243      1071     819      251      1091     1566     1792     374      302      367      0        859      1026     1448     506      1789     1192     1293     
14       1009     1458     835      623      419      969      1020     390      958      1065     1111     751      540      859      0        1224     934      661      1128     1210     460      
15       664      474      1407     1066     1632     261      1259     1612     1165     1496     796      752      884      1026     1224     0        980      642      1388     258      1634     
16       1311     1433     1640     1306     1295     877      1689     1244     186      522      1469     1172     1097     1448     934      980      0        959      410      774      1086     
17       394      797      809      449      1033     386      756      1024     1094     1356     537      213      245      506      661      642      959      0        1326     736      1115     
18       1697     1843     1922     1617     1402     1284     2018     1343     236      185      1853     1534     1425     1789     1128     1388     410      1326     0        1172     1111     
19       869      729      1542     1184     1629     372      1436     1600     960      1297     1015     896      979      1192     1210     258      774      736      1172     0        1575     
20       1469     1908     1176     1051     353      1390     1420     294      1027     981      1569     1211     998      1293     460      1634     1086     1115     1111     1575     0        
;



Table delta(i,j)                 Distance
         0        1        2        3        4        5        6        7        8        9        10       11       12       13       14       15       16       17       18       19       20       
0        0        5370     3640     3980     3320     940      5490     4420     3730     3130     5500     5300     5410     3830     5130     1930     3040     3840     3450     3780     2070     
1        5370     0        178      377      205      554      109      100      270      236      302      335      70       190      122      490      243      387      193      538      358      
2        3640     178      0        256      47       376      190      103      142      107      278      287      203      130      204      315      66       260      59       394      211      
3        3980     377      256      0        284      346      306      348      115      337      182      146      432      384      451      228      224      17       307      169      377      
4        3320     205      47       284      0        354      234      113      174      61       323      330      216      101      203      307      64       285      24       407      166      
5        940      554      376      346      354      0        548      468      348      351      514      488      570      425      551      120      311      330      372      295      267      
6        5490     109      190      306      234      548      0        171      217      284      198      235      180      263      229      463      244      319      233      474      400      
7        4420     100      103      348      113      468      171      0        233      135      325      347      103      94       103      416      166      354      96       494      258      
8        3730     270      142      115      174      348      217      233      0        231      180      171      319      271      335      250      122      121      195      268      294      
9        3130     236      107      337      61       351      284      135      231      0        384      391      228      73       200      326      112      336      51       447      122      
10       5500     302      278      182      323      514      198      325      180      384      0        45       371      399      411      403      290      199      337      339      469      
11       5300     335      287      146      330      488      235      347      171      391      45       0        402      414      438      373      289      164      346      296      466      
12       5410     70       203      432      216      570      180      103      319      228      371      402      0        166      58       519      268      440      197      587      348      
13       3830     190      130      384      101      425      263      94       271      73       399      414      166      0        130      397      166      386      77       509      183      
14       5130     122      204      451      203      551      229      103      335      200      411      438      58       130      0        511      263      457      181      597      312      
15       1930     490      315      228      307      120      463      416      250      326      403      373      519      397      511      0        250      212      330      185      282      
16       3040     243      66       224      64       311      244      166      122      112      290      289      268      166      263      250      0        224      89       342      179      
17       3840     387      260      17       285      330      319      354      121      336      199      164      440      386      457      212      224      0        308      155      370      
18       3450     193      59       307      24       372      233      96       195      51       337      346      197      77       181      330      89       308      0        432      169      
19       3780     538      394      169      407      295      474      494      268      447      339      296      587      509      597      185      342      155      432      0        443      
20       2070     358      211      377      166      267      400      258      294      122      469      466      348      183      312      282      179      370      169      443      0        
;

