

sets
i        orders          /0*20/
k        routes          /1*20/
p        positions       /0*20/
;

alias(i,j)
alias(i,h)
alias(i,hh)
alias(i,jj)
alias(k,kk)
                            Parameters

rho(i)	Processing time
/
0	0
1	15
2	27
3	89
4	37
5	25
6	16
7	8
8	72
9	15
10	49
11	78
12	86
13	29
14	41
15	3
16	20
17	23
18	91
19	61
20	29
/

gamma(i)	Duedate
/
0	0
1	18
2	70
3	21
4	21
5	4
6	50
7	4
8	78
9	56
10	19
11	9
12	82
13	38
14	77
15	93
16	90
17	70
18	81
19	97
20	96
/

sigma(i)	Size
/
0	0
1	1
2	7
3	4
4	7
5	9
6	9
7	2
8	4
9	8
10	4
11	4
12	7
13	8
14	1
15	6
16	5
17	9
18	4
19	2
20	6
/

epsilon(i)	Priority
/
0	0
1	6
2	5
3	6
4	4
5	8
6	4
7	6
8	5
9	7
10	6
11	1
12	8
13	2
14	5
15	6
16	9
17	2
18	6
19	6
20	1
/

psi	Vehicle Capacity
/ 23 /
;

Table kappa(i,j)                 Setup
         0        1        2        3        4        5        6        7        8        9        10       11       12       13       14       15       16       17       18       19       20       
0        0        1324     1346     938      1285     397      1360     1079     1092     737      677      974      916      787      999      1498     470      406      1747     1171     1112     
1        1324     0        819      386      1883     1646     1695     1557     794      1141     762      349      1836     543      558      792      1407     1300     922      153      1892     
2        1346     819      0        792      1250     1492     983      949      255      733      694      798      1390     782      1185     179      1140     1080     417      770      1351     
3        938      386      792      0        1615     1264     1480     1295     649      841      422      38       1502     163      396      850      1047     936      1055     233      1586     
4        1285     1883     1250     1615     0        1056     332      325      1121     778      1205     1647     481      1478     1934     1415     815      898      1592     1761     258      
5        397      1646     1492     1264     1056     0        1220     940      1241     774      918      1302     609      1103     1382     1662     367      412      1909     1492     835      
6        1360     1695     983      1480     332      1220     0        284      904      705      1104     1507     735      1363     1836     1134     905      954      1290     1589     554      
7        1079     1557     949      1295     325      940      284      0        800      468      891      1326     517      1162     1625     1120     621      673      1317     1435     409      
8        1092     794      255      649      1121     1241     904      800      0        499      454      665      1188     594      1043     420      896      829      667      701      1180     
9        737      1141     733      841      778      774      705      468      499      0        426      874      709      699      1157     911      412      374      1150     1006     752      
10       677      762      694      422      1205     918      1104     891      454      426      0        458      1082     273      735      831      646      542      1077     614      1164     
11       974      349      798      38       1647     1302     1507     1326     665      874      458      0        1539     202      387      848      1085     974      1047     198      1621     
12       916      1836     1390     1502     481      609      735      517      1188     709      1082     1539     0        1343     1747     1569     492      605      1788     1693     233      
13       787      543      782      163      1478     1103     1363     1162     594      699      273      202      1343     0        474      872      884      773      1098     389      1435     
14       999      558      1185     396      1934     1382     1836     1625     1043     1157     735      387      1747     474      0        1229     1260     1145     1414     477      1868     
15       1498     792      179      850      1415     1662     1134     1120     420      911      831      848      1569     872      1229     0        1315     1250     248      778      1525     
16       470      1407     1140     1047     815      367      905      621      896      412      646      1085     492      884      1260     1315     0        115      1558     1258     657      
17       406      1300     1080     936      898      412      954      673      829      374      542      974      605      773      1145     1250     115      0        1496     1149     758      
18       1747     922      417      1055     1592     1909     1290     1317     667      1150     1077     1047     1788     1098     1414     248      1558     1496     0        943      1726     
19       1171     153      770      233      1761     1492     1589     1435     701      1006     614      198      1693     389      477      778      1258     1149     943      0        1758     
20       1112     1892     1351     1586     258      835      554      409      1180     752      1164     1621     233      1435     1868     1525     657      758      1726     1758     0        
;



Table delta(i,j)                 Distance
         0        1        2        3        4        5        6        7        8        9        10       11       12       13       14       15       16       17       18       19       20       
0        0        4940     2990     4330     4520     5380     3180     5660     1270     4820     4760     2610     2160     4550     920      1430     2100     4090     3270     2890     4480     
1        4940     0        235      407      642      274      509      95       410      19       47       259      291      433      524      363      398      208      267      216      625      
2        2990     235      0        440      604      415      450      327      188      232      201      185      85       470      359      211      304      285      264      50       591      
3        4330     407      440      0        258      205      185      399      461      387      433      259      400      30       384      319      223      199      176      389      239      
4        4520     642      604      258      0        462      153      650      541      623      660      426      536      243      366      413      302      438      378      559      18       
5        5380     274      415      205      462      0        377      227      515      257      315      288      416      219      519      397      349      137      211      369      444      
6        3180     509      450      185      153      377      0        531      392      490      520      276      382      189      242      260      148      316      241      407      142      
7        5660     95       327      399      650      227      531      0        492      94       140      314      374      422      585      428      441      214      295      301      632      
8        1270     410      188      461      541      515      392      492      0        401      383      228      118      487      211      142      253      378      313      194      533      
9        4820     19       232      387      623      257      490      94       401      0        59       243      283      414      510      349      380      188      248      208      606      
10       4760     47       201      433      660      315      520      140      383      59       0        258      265      461      514      352      400      234      281      189      643      
11       2610     259      185      259      426      288      276      314      228      243      258      0        143      288      270      117      142      152      89       136      412      
12       2160     291      85       400      536      416      382      374      118      283      265      143      0        429      273      130      233      279      232      76       524      
13       4550     433      470      30       243      219      189      422      487      414      461      288      429      0        402      345      245      226      206      419      225      
14       920      524      359      384      366      519      242      585      211      510      514      270      273      402      0        161      171      403      314      337      363      
15       1430     363      211      319      413      397      260      428      142      349      352      117      130      345      161      0        113      266      187      180      402      
16       2100     398      304      223      302      349      148      441      253      380      400      142      233      245      171      113      0        241      151      263      291      
17       4090     208      285      199      438      137      316      214      378      188      234      152      279      226      403      266      241      0        90       236      421      
18       3270     267      264      176      378      211      241      295      313      248      281      89       232      206      314      187      151      90       0        213      362      
19       2890     216      50       389      559      369      407      301      194      208      189      136      76       419      337      180      263      236      213      0        545      
20       4480     625      591      239      18       444      142      632      533      606      643      412      524      225      363      402      291      421      362      545      0        
;

