

sets
i        orders          /0*20/
k        routes          /1*20/
p        positions       /0*20/
;

alias(i,j)
alias(i,h)
alias(i,hh)
alias(i,jj)
alias(k,kk)
                            Parameters

rho(i)	Processing time
/
0	0
1	61
2	76
3	57
4	36
5	37
6	61
7	15
8	52
9	21
10	10
11	3
12	24
13	60
14	82
15	69
16	70
17	70
18	7
19	91
20	25
/

gamma(i)	Duedate
/
0	0
1	41
2	62
3	14
4	81
5	95
6	6
7	87
8	52
9	10
10	41
11	10
12	2
13	33
14	69
15	13
16	37
17	34
18	65
19	76
20	25
/

sigma(i)	Size
/
0	0
1	2
2	8
3	3
4	9
5	5
6	1
7	1
8	8
9	8
10	1
11	4
12	4
13	1
14	3
15	1
16	8
17	4
18	6
19	4
20	6
/

epsilon(i)	Priority
/
0	0
1	1
2	9
3	6
4	3
5	6
6	8
7	6
8	3
9	7
10	3
11	4
12	2
13	3
14	1
15	7
16	8
17	7
18	6
19	7
20	3
/

psi	Vehicle Capacity
/ 38 /
;

Table kappa(i,j)                 Setup
         0        1        2        3        4        5        6        7        8        9        10       11       12       13       14       15       16       17       18       19       20       
0        0        1055     1577     1013     2152     98       1147     750      1268     1416     1911     510      1159     869      508      1686     149      1037     931      1398     813      
1        1055     0        798      1087     1349     1031     718      804      609      1575     964      1250     240      650      783      775      1083     426      1233     421      734      
2        1577     798      0        968      583      1511     497      928      311      1287     431      1929     559      742      1501     242      1532     546      1202     437      833      
3        1013     1087     968      0        1416     917      496      337      723      500      1399     1510     963      436      1269     1186     893      699      237      1107     366      
4        2152     1349     583      1416     0        2081     1026     1464     885      1586     493      2513     1120     1296     2081     586      2097     1128     1652     939      1375     
5        98       1031     1511     917      2081     0        1069     662      1200     1318     1857     608      1117     791      561      1630     70       977      833      1354     729      
6        1147     718      497      496      1026     1069     0        439      227      910      917      1563     528      278      1194     697      1078     292      719      624      349      
7        750      804      928      337      1464     662      439      0        626      833      1330     1218     735      200      939      1102     659      489      430      927      98       
8        1268     609      311      723      885      1200     227      626      0        1123     704      1636     381      434      1225     478      1221     252      944      413      529      
9        1416     1575     1287     500      1586     1318     910      833      1123     0        1709     1926     1426     930      1743     1527     1276     1166     485      1533     866      
10       1911     964      431      1399     493      1857     917      1330     704      1709     0        2198     772      1134     1741     229      1888     884      1631     545      1232     
11       510      1250     1929     1510     2513     608      1563     1218     1636     1926     2198     0        1427     1294     470      1988     654      1386     1441     1656     1262     
12       1159     240      559      963      1120     1117     528      735      381      1426     772      1427     0        547      974      563      1158     264      1143     238      646      
13       869      650      742      436      1296     791      278      200      434      930      1134     1294     547      0        951      905      802      292      596      729      103      
14       508      783      1501     1269     2081     561      1194     939      1225     1743     1741     470      974      951      0        1537     632      973      1272     1196     951      
15       1686     775      242      1186     586      1630     697      1102     478      1527     229      1988     563      905      1537     0        1660     655      1415     356      1003     
16       149      1083     1532     893      2097     70       1078     659      1221     1276     1888     654      1158     802      632      1660     0        1005     792      1393     733      
17       1037     426      546      699      1128     977      292      489      252      1166     884      1386     264      292      973      655      1005     0        883      438      395      
18       931      1233     1202     237      1652     833      719      430      944      485      1631     1441     1143     596      1272     1415     792      883      0        1309     502      
19       1398     421      437      1107     939      1354     624      927      413      1533     545      1656     238      729      1196     356      1393     438      1309     0        832      
20       813      734      833      366      1375     729      349      98       529      866      1232     1262     646      103      951      1003     733      395      502      832      0        
;



Table delta(i,j)                 Distance
         0        1        2        3        4        5        6        7        8        9        10       11       12       13       14       15       16       17       18       19       20       
0        0        4220     5160     3350     1840     5100     4220     4990     3480     1240     2440     5800     6090     5830     3720     3550     4280     3600     3770     1730     3220     
1        4220     0        426      545      524      93       94       112      123      334      527      489      479      434      414      201      88       231      120      306      516      
2        5160     426      0        328      455      426      515      369      322      534      397      70       94       82       161      243      511      609      311      350      305      
3        3350     545      328      0        178      598      600      556      423      426      103      364      412      410      180      361      601      616      436      268      30       
4        1840     524      455      178      0        598      552      570      418      300      75       506      547      534      294      386      556      525      441      217      179      
5        5100     93       426      598      598      0        160      58       181      427      594      482      463      417      449      238      151      310      162      381      568      
6        4220     94       515      600      552      160      0        199      198      315      568      580      572      527      487      280      9        151      204      342      572      
7        4990     112      369      556      570      58       199      0        154      428      559      424      404      358      399      195      191      343      129      356      526      
8        3480     123      322      423      418      181      198      154      0        292      412      390      390      347      291      82       196      289      30       202      393      
9        1240     334      534      426      300      427      315      428      292      0        349      603      623      589      415      327      322      237      322      190      407      
10       2440     527      397      103      75       594      568      559      412      349      0        444      488      478      237      367      570      559      432      225      106      
11       5800     489      70       364      506      482      580      424      390      603      444      0        52       79       214      311      575      677      377      417      344      
12       6090     479      94       412      547      463      572      404      390      623      488      52       0        45       253      316      567      679      373      442      391      
13       5830     434      82       410      534      417      527      358      347      589      478      79       45       0        241      276      522      637      330      413      387      
14       3720     414      161      180      294      449      487      399      291      415      237      214      253      241      0        214      486      543      295      224      153      
15       3550     201      243      361      386      238      280      195      82       327      367      311      316      276      214      0        278      366      81       187      331      
16       4280     88       511      601      556      151      9        191      196      322      570      575      567      522      486      278      0        160      200      345      573      
17       3600     231      609      616      525      310      151      343      289      237      559      677      679      637      543      366      160      0        307      348      591      
18       3770     120      311      436      441      162      204      129      30       322      432      377      373      330      295      81       200      307      0        227      406      
19       1730     306      350      268      217      381      342      356      202      190      225      417      442      413      224      187      345      348      227      0        243      
20       3220     516      305      30       179      568      572      526      393      407      106      344      391      387      153      331      573      591      406      243      0        
;

