

sets
i        orders          /0*80/
k        routes          /1*80/
p        positions       /0*80/
;

alias(i,j)
alias(i,h)
alias(i,hh)
alias(i,jj)
alias(k,kk)
                            Parameters

rho(i)	Processing time
/
0	0
1	14
2	39
3	12
4	98
5	6
6	72
7	64
8	59
9	35
10	80
11	62
12	15
13	19
14	47
15	27
16	33
17	32
18	52
19	63
20	23
21	35
22	17
23	51
24	90
25	99
26	93
27	49
28	76
29	12
30	15
31	91
32	86
33	34
34	81
35	90
36	67
37	93
38	10
39	40
40	36
41	36
42	10
43	17
44	42
45	17
46	31
47	51
48	52
49	96
50	81
51	80
52	86
53	61
54	5
55	29
56	8
57	99
58	10
59	74
60	66
61	69
62	79
63	49
64	89
65	49
66	69
67	72
68	96
69	93
70	31
71	7
72	23
73	12
74	87
75	45
76	35
77	51
78	87
79	30
80	37
/

gamma(i)	Duedate
/
0	0
1	21
2	2
3	57
4	59
5	75
6	54
7	44
8	32
9	64
10	57
11	46
12	83
13	87
14	98
15	96
16	55
17	13
18	94
19	57
20	11
21	2
22	95
23	6
24	71
25	87
26	83
27	89
28	23
29	98
30	30
31	64
32	60
33	50
34	46
35	28
36	34
37	24
38	67
39	10
40	95
41	52
42	66
43	25
44	83
45	23
46	89
47	67
48	85
49	41
50	2
51	78
52	72
53	81
54	38
55	48
56	42
57	97
58	66
59	94
60	82
61	17
62	84
63	49
64	96
65	25
66	39
67	85
68	75
69	93
70	54
71	56
72	78
73	34
74	80
75	37
76	74
77	61
78	34
79	59
80	11
/

sigma(i)	Size
/
0	0
1	8
2	6
3	5
4	3
5	7
6	6
7	2
8	7
9	5
10	4
11	7
12	3
13	8
14	4
15	3
16	4
17	2
18	6
19	6
20	6
21	1
22	7
23	3
24	9
25	6
26	8
27	7
28	6
29	6
30	5
31	6
32	6
33	1
34	5
35	1
36	3
37	7
38	5
39	3
40	7
41	4
42	6
43	8
44	4
45	7
46	8
47	5
48	5
49	4
50	4
51	2
52	3
53	7
54	5
55	6
56	8
57	9
58	9
59	4
60	2
61	3
62	7
63	4
64	8
65	3
66	4
67	4
68	7
69	9
70	8
71	5
72	3
73	9
74	4
75	6
76	9
77	9
78	4
79	9
80	1
/

epsilon(i)	Priority
/
0	0
1	5
2	7
3	5
4	9
5	7
6	9
7	6
8	1
9	5
10	1
11	3
12	7
13	7
14	2
15	9
16	7
17	4
18	4
19	3
20	1
21	9
22	4
23	6
24	5
25	5
26	1
27	9
28	8
29	5
30	4
31	7
32	1
33	6
34	1
35	1
36	7
37	8
38	6
39	9
40	8
41	8
42	8
43	2
44	8
45	4
46	6
47	7
48	9
49	4
50	6
51	8
52	4
53	8
54	3
55	1
56	6
57	9
58	5
59	7
60	4
61	9
62	9
63	9
64	3
65	3
66	1
67	3
68	8
69	7
70	2
71	3
72	2
73	8
74	9
75	1
76	2
77	1
78	6
79	4
80	4
/

psi	Vehicle Capacity
/ 9 /
;

Table kappa(i,j)                 Setup
         0        1        2        3        4        5        6        7        8        9        10       11       12       13       14       15       16       17       18       19       20       21       22       23       24       25       26       27       28       29       30       31       32       33       34       35       36       37       38       39       40       41       42       43       44       45       46       47       48       49       50       51       52       53       54       55       56       57       58       59       60       61       62       63       64       65       66       67       68       69       70       71       72       73       74       75       76       77       78       79       80       
0        0        302      311      392      245      317      672      327      443      103      443      695      304      295      384      496      659      674      532      115      200      72       343      723      537      368      274      178      107      425      334      274      487      422      411      579      530      431      395      531      652      189      147      703      438      467      270      611      334      143      603      709      407      466      123      612      439      162      304      209      148      462      640      258      355      368      335      215      593      508      353      190      246      14       409      672      100      101      475      575      197      
1        302      0        334      358      373      321      458      250      584      241      458      433      258      140      131      196      407      442      340      412      279      285      165      470      263      312      472      137      256      274      511      466      196      495      367      403      310      566      304      393      427      314      436      479      252      201      505      322      299      173      431      496      463      173      180      364      229      250      31       309      411      343      338      414      215      386      150      440      353      365      240      426      293      291      232      403      386      402      387      275      352      
2        311      334      0        88       113      566      793      108      750      362      709      757      85       202      466      490      468      457      672      400      466      238      211      797      407      591      221      334      206      200      645      212      508      710      108      734      645      737      131      258      430      128      329      473      241      533      283      495      62       332      342      467      688      487      272      696      561      421      362      487      275      654      583      562      523      60       469      526      401      244      539      502      65       315      556      506      303      380      182      557      495      
3        392      358      88       0        198      625      810      108      825      433      769      758      107      218      487      485      405      386      698      486      532      321      206      801      369      641      298      388      285      149      723      289      510      777      20       762      665      812      74       175      358      215      418      398      196      545      363      455      64       393      260      389      753      490      336      705      588      487      388      555      363      695      556      637      563      65       504      607      341      166      583      583      146      395      589      449      391      466      95       544      569      
4        245      373      113      198      0        541      823      204      687      322      677      806      174      265      498      553      576      568      693      312      430      176      291      843      500      578      114      328      161      307      577      105      563      665      218      751      674      676      242      371      541      66       225      585      344      574      172      588      170      314      455      580      648      541      253      737      585      385      394      446      170      655      663      504      529      147      484      452      508      357      539      427      92       253      571      610      208      291      294      625      441      
5        317      321      566      625      541      0        417      525      280      220      144      494      518      432      276      424      721      760      284      350      116      370      472      505      572      70       590      236      379      582      246      589      391      174      639      307      311      261      592      704      747      475      449      799      568      329      587      610      560      234      750      817      142      380      295      404      245      157      295      115      464      174      573      170      152      626      201      255      672      676      122      262      504      304      199      707      410      357      680      486      160      
6        672      458      793      810      823      417      0        703      642      570      425      145      714      594      327      350      670      729      140      743      505      694      604      122      544      347      910      507      681      695      651      906      313      512      815      113      149      624      746      796      731      760      819      770      656      265      929      517      755      535      798      800      480      328      584      118      239      523      432      520      815      244      405      587      317      844      343      672      657      770      325      676      750      658      262      625      772      745      818      337      572      
7        327      250      108      108      204      525      703      0        741      347      669      657      30       109      379      387      373      370      590      433      439      261      105      699      299      537      318      289      221      107      644      309      408      683      118      653      557      726      70       204      345      186      388      392      140      439      375      387      53       299      278      393      657      387      247      601      479      396      280      465      339      588      474      553      456      144      396      536      305      181      477      513      116      326      481      405      351      415      157      451      485      
8        443      584      750      825      687      280      642      741      0        394      217      747      726      669      557      705      991      1026     532      394      310      515      715      750      844      332      692      467      544      819      114      694      672      130      843      530      571      19       812      938      1010     632      510      1062     816      608      662      888      763      447      996      1078     163      660      494      661      520      349      562      281      550      408      854      188      432      809      481      240      937      912      401      265      684      436      474      982      495      412      898      766      257      
9        103      241      362      433      322      220      570      347      394      0        354      601      331      282      297      424      633      657      430      183      107      150      330      627      497      266      371      103      163      429      299      369      408      347      450      476      431      380      417      546      638      259      249      690      431      378      373      562      369      68       608      701      327      389      99       515      340      63       234      125      252      359      574      206      253      422      240      204      571      520      249      187      297      89       308      637      203      179      504      501      137      
10       443      458      709      769      677      144      425      669      217      354      0        535      662      575      392      532      848      891      320      450      247      503      614      534      698      151      717      380      517      725      247      717      494      87       783      313      364      199      736      846      880      613      560      930      709      424      706      726      704      377      890      951      61       487      437      451      330      292      430      233      584      198      672      224      261      769      323      320      803      818      229      336      646      431      287      829      528      462      824      583      256      
11       695      433      757      758      806      494      145      657      747      601      535      0        674      554      315      274      557      618      215      783      559      702      553      45       447      427      904      519      681      628      739      899      249      618      760      229      182      728      689      715      623      748      842      657      584      234      934      404      710      552      705      689      584      270      590      89       263      566      414      579      829      338      281      662      361      801      361      738      554      692      380      737      724      682      304      506      793      781      750      232      635      
12       304      258      85       107      174      518      714      30       726      331      662      674      0        120      388      406      403      400      597      408      427      237      126      714      327      534      289      281      197      136      626      280      425      672      121      660      567      711      90       228      374      156      360      421      170      452      345      415      43       288      304      421      647      404      233      615      487      383      286      452      310      589      499      537      457      129      399      516      335      206      476      493      86       305      486      435      324      390      173      472      469      
13       295      140      202      218      265      432      594      109      669      282      575      554      120      0        270      290      364      379      480      409      359      246      49       595      252      437      376      202      206      151      580      369      306      597      226      544      448      652      166      272      358      221      394      410      149      332      422      334      160      222      327      420      569      284      186      494      370      319      170      387      355      481      398      484      350      249      288      484      298      245      372      464      175      289      372      381      349      394      251      360      416      
14       384      131      466      487      498      276      327      379      557      297      392      315      388      270      0        148      458      504      210      480      286      387      287      348      308      240      591      205      366      389      507      586      119      447      495      275      179      538      429      502      496      437      529      545      358      82       618      335      430      240      526      568      412      104      275      239      102      277      104      313      514      236      300      414      130      517      76       467      418      475      162      460      422      371      119      436      479      475      508      216      366      
15       496      196      490      485      553      424      350      387      705      424      532      274      406      290      148      0        337      391      284      603      430      481      281      317      197      383      659      322      451      354      655      652      42       593      487      345      233      686      415      447      389      500      633      432      311      115      697      197      440      359      448      460      558      45       376      234      209      415      192      458      607      357      153      561      275      531      225      608      312      422      306      599      465      485      246      305      583      594      477      78       510      
16       659      407      468      405      576      721      670      373      991      633      848      557      403      364      458      337      0        61       621      774      686      609      316      602      150      696      688      536      567      269      918      679      380      896      393      682      569      973      339      254      75       557      752      100      233      452      748      153      406      566      193      132      862      377      544      552      542      655      429      716      707      689      277      821      587      470      525      838      68       248      619      820      489      653      574      60       710      758      333      332      757      
17       674      442      457      386      568      760      729      370      1026     657      891      618      400      379      504      391      61       0        676      787      718      619      331      663      197      740      678      563      577      263      948      669      434      935      371      737      624      1008     326      221      27       556      757      41       237      504      740      214      397      592      147      71       902      429      564      611      592      684      466      747      709      738      339      850      632      451      568      861      88       221      662      843      485      669      622      120      717      771      304      392      785      
18       532      340      672      698      693      284      140      590      532      430      320      215      597      480      210      284      621      676      0        603      366      557      497      221      480      215      776      372      546      597      526      772      241      403      706      65       54       513      640      707      673      629      680      717      563      173      792      476      639      397      722      744      369      248      449      130      110      383      311      382      677      123      387      455      177      726      209      537      595      680      185      539      624      518      124      585      633      605      717      303      436      
19       115      412      400      486      312      350      743      433      394      183      450      783      408      409      480      603      774      787      603      0        241      171      457      807      652      413      298      280      213      535      280      302      590      407      506      643      610      387      499      637      765      272      116      816      551      562      268      725      434      243      711      821      402      570      236      696      520      220      410      234      157      516      750      233      428      452      422      154      708      615      418      129      340      122      485      787      105      20       575      681      195      
20       200      279      466      532      430      116      505      439      310      107      247      559      427      359      286      430      686      718      366      241      0        256      405      578      542      173      474      157      270      511      232      473      405      244      548      402      379      293      509      631      701      366      334      754      505      358      470      595      467      140      686      768      222      389      195      470      296      45       260      30       347      274      583      135      197      526      213      183      630      604      181      179      401      187      255      682      294      246      597      502      80       
21       72       285      238      321      176      370      694      261      515      150      503      702      237      246      387      481      609      619      557      171      256      0        292      734      496      413      223      186      41       363      407      221      479      488      340      609      548      503      327      465      596      117      153      646      382      469      235      575      264      160      539      650      472      457      112      623      456      213      294      270      127      500      618      329      383      295      351      287      542      443      386      263      174      78       432      627      105      153      406      560      265      
22       343      165      211      206      291      472      604      105      715      330      614      553      126      49       287      281      316      331      497      457      405      292      0        594      212      473      405      247      251      110      627      397      303      640      211      562      461      698      142      231      309      255      438      361      101      339      455      298      158      269      281      371      611      283      235      499      389      366      196      434      396      509      373      532      380      249      316      533      250      203      404      513      199      338      397      336      394      441      222      345      464      
23       723      470      797      801      843      505      122      699      750      627      534      45       714      595      348      317      602      663      221      807      578      734      594      0        492      437      939      549      714      672      748      934      291      620      803      222      199      731      732      760      669      784      871      702      628      269      967      449      752      581      750      734      587      311      622      111      286      588      449      597      860      343      325      675      381      842      387      755      600      737      397      755      762      710      323      550      822      806      794      278      652      
24       537      263      407      369      500      572      544      299      844      497      698      447      327      252      308      197      150      197      480      652      542      496      212      492      0        546      615      397      456      220      775      606      238      746      363      542      429      826      294      275      193      467      646      238      172      307      667      87       346      429      258      264      713      232      417      426      394      513      282      572      607      541      194      677      437      428      375      701      115      255      468      685      408      529      424      140      600      638      328      214      615      
25       368      312      591      641      578      70       347      537      332      266      151      427      534      437      240      383      696      740      215      413      173      413      473      437      546      0        637      256      417      583      312      635      346      211      654      237      245      312      602      704      729      511      507      779      564      278      639      575      577      264      743      800      176      338      325      338      188      206      282      179      517      104      526      240      109      650      171      325      652      676      77       331      531      354      142      677      465      419      688      438      228      
26       274      472      221      298      114      590      910      318      692      371      717      904      289      376      591      659      688      678      776      298      474      223      405      939      615      637      0        404      229      419      578      9        666      691      317      830      762      684      352      474      651      158      186      694      458      670      66       702      282      381      559      687      679      644      326      830      671      433      490      483      141      724      774      520      604      237      567      451      621      463      609      426      206      286      651      724      197      279      392      733      466      
27       178      137      334      388      328      236      507      289      467      103      380      519      281      202      205      322      536      563      372      280      157      186      247      549      397      256      404      0        174      354      384      400      310      396      403      426      361      451      357      474      546      262      323      598      348      288      422      459      323      37       529      612      369      289      77       437      269      120      131      186      311      327      471      287      201      394      164      304      477      447      210      289      274      166      247      537      274      273      445      400      221      
28       107      256      206      285      161      379      681      221      544      163      517      681      197      206      366      451      567      577      546      213      270      41       251      714      456      417      229      174      0        322      438      225      452      509      304      601      533      531      288      425      554      96       190      604      340      447      252      537      226      154      498      608      490      429      97       604      441      225      269      287      156      498      584      356      375      265      337      322      500      402      382      298      140      110      422      587      143      195      367      529      290      
29       425      274      200      149      307      582      695      107      819      429      725      628      136      151      389      354      269      263      597      535      511      363      110      672      220      583      419      354      322      0        728      410      384      749      143      662      557      803      75       121      238      293      495      285      48       432      479      306      137      372      179      287      721      367      330      584      491      470      304      539      446      616      410      634      489      210      424      627      201      93       514      606      222      422      502      306      457      517      123      405      566      
30       334      511      645      723      577      246      651      644      114      299      247      739      626      580      507      655      918      948      526      280      232      407      627      748      775      312      578      384      438      728      0        581      626      169      741      538      557      108      714      845      930      524      396      983      729      570      548      827      662      358      907      996      186      612      398      650      491      264      493      202      437      407      808      97       394      702      431      126      860      819      367      152      579      329      445      914      382      298      799      723      163      
31       274      466      212      289      105      589      906      309      694      369      717      899      280      369      586      652      679      669      772      302      473      221      397      934      606      635      9        400      225      410      581      0        660      692      307      826      757      686      343      465      642      152      191      685      449      665      75       693      273      378      550      677      680      637      323      825      666      432      485      483      144      721      767      522      601      228      563      454      612      454      606      429      198      286      648      715      199      282      383      726      467      
32       487      196      508      510      563      391      313      408      672      408      494      249      425      306      119      42       380      434      241      590      405      479      303      291      238      346      666      310      452      384      626      660      0        557      512      303      191      652      441      482      431      508      628      475      343      73       701      239      461      347      487      502      522      22       370      200      168      394      185      433      606      315      182      534      240      552      195      586      354      456      271      578      478      475      207      347      578      583      507      96       486      
33       422      495      710      777      665      174      512      683      130      347      87       618      672      597      447      593      896      935      403      407      244      488      640      620      746      211      691      396      509      749      169      692      557      0        793      400      444      112      752      870      922      603      522      973      739      490      672      783      712      384      920      991      35       548      440      533      399      289      469      222      552      280      738      173      318      770      374      262      846      843      286      283      645      412      354      881      496      422      840      650      225      
34       411      367      108      20       218      639      815      118      843      450      783      760      121      226      495      487      393      371      706      506      548      340      211      803      363      654      317      403      304      143      741      307      512      793      0        770      671      829      72       158      344      235      438      382      191      550      382      448      80       409      242      372      769      493      353      710      596      503      397      572      383      706      553      654      574      81       514      626      329      150      595      602      166      414      599      438      411      486      76       543      586      
35       579      403      734      762      751      307      113      653      530      476      313      229      660      544      275      345      682      737      65       643      402      609      562      222      542      237      830      426      601      662      538      826      303      400      770      0        112      512      704      772      735      686      725      778      628      237      844      534      703      449      786      806      368      312      503      159      173      425      374      414      726      133      439      476      226      788      267      563      658      745      227      568      685      565      179      644      680      646      782      358      465      
36       530      310      645      665      674      311      149      557      571      431      364      182      567      448      179      233      569      624      54       610      379      548      461      199      429      245      762      361      533      557      557      757      191      444      671      112      0        552      604      664      622      611      678      665      521      127      783      422      608      390      675      693      409      200      437      93       92       390      283      398      671      166      333      479      182      696      196      556      545      637      198      556      601      516      125      532      630      609      679      249      453      
37       431      566      737      812      676      261      624      726      19       380      199      728      711      652      538      686      973      1008     513      387      293      503      698      731      826      312      684      451      531      803      108      686      652      112      829      512      552      0        797      923      992      620      503      1045     799      589      655      869      749      431      980      1060     144      641      479      642      501      333      544      264      542      390      834      175      413      796      462      233      919      896      382      258      671      424      455      963      487      405      884      747      242      
38       395      304      131      74       242      592      746      70       812      417      736      689      90       166      429      415      339      326      640      499      509      327      142      732      294      602      352      357      288      75       714      343      441      752      72       704      604      797      0        138      299      240      445      343      122      481      414      381      72       368      217      339      726      422      318      639      531      466      335      535      394      647      482      624      516      135      454      606      272      118      538      583      167      395      537      379      412      480      87       471      555      
39       531      393      258      175      371      704      796      204      938      546      846      715      228      272      502      447      254      221      707      637      631      465      231      760      275      704      474      474      425      121      845      465      482      870      158      772      664      923      138      0        193      377      582      226      144      537      539      348      207      491      84       214      842      467      446      681      603      589      424      658      530      734      469      752      608      239      543      740      201      27       634      717      303      531      618      308      550      618      85       484      683      
40       652      427      430      358      541      747      731      345      1010     638      880      623      374      358      496      389      75       27       673      765      701      596      309      669      193      729      651      546      554      238      930      642      431      922      344      735      622      992      299      193      0        531      732      52       214      500      713      220      370      573      122      72       889      425      544      613      586      666      452      731      684      731      348      833      622      424      557      842      78       194      652      823      460      647      614      136      693      748      277      395      767      
41       189      314      128      215      66       475      760      186      632      259      613      748      156      221      437      500      557      556      629      272      366      117      255      784      467      511      158      262      96       293      524      152      508      603      235      686      611      620      240      377      531      0        205      578      323      514      201      553      169      247      457      577      585      485      187      676      521      321      334      383      154      589      618      446      463      180      419      402      489      358      472      377      73       196      506      586      175      251      307      575      382      
42       147      436      329      418      225      449      819      388      510      249      560      842      360      394      529      633      752      757      680      116      334      153      438      871      646      507      186      323      190      495      396      191      628      522      438      725      678      503      445      582      732      205      0        781      520      612      152      727      375      290      662      781      515      606      257      759      586      302      443      334      55       605      771      348      502      372      483      270      684      564      498      245      279      161      557      774      49       100      511      711      304      
43       703      479      473      398      585      799      770      392      1062     690      930      657      421      410      545      432      100      41       717      816      754      646      361      702      238      779      694      598      604      285      983      685      475      973      382      778      665      1045     343      226      52       578      781      0        264      545      756      253      415      626      145      33       941      470      596      651      633      719      504      783      732      779      377      886      672      463      607      894      127      232      702      875      506      699      662      154      742      799      311      432      820      
44       438      252      241      196      344      568      656      140      816      431      709      584      170      149      358      311      233      237      563      551      505      382      101      628      172      564      458      348      340      48       729      449      343      739      191      628      521      799      122      144      214      323      520      264      0        394      515      258      179      370      181      271      709      327      334      543      459      467      282      534      474      590      362      633      465      257      400      633      165      117      492      613      256      434      474      265      480      534      166      359      565      
45       467      201      533      545      574      329      265      439      608      378      424      234      452      332      82       115      452      504      173      562      358      469      339      269      307      278      670      288      447      432      570      665      73       490      550      237      127      589      481      537      500      514      612      545      394      0        699      312      491      323      549      572      455      75       357      163      95       354      180      383      596      242      247      480      176      581      145      541      422      510      206      535      494      454      137      420      562      557      554      159      438      
46       270      505      283      363      172      587      929      375      662      373      706      934      345      422      618      697      748      740      792      268      470      235      455      967      667      639      66       422      252      479      548      75       701      672      382      844      783      655      414      539      713      201      152      756      515      699      0        753      342      395      623      750      664      679      346      856      691      433      520      475      123      731      820      499      617      303      586      422      680      527      619      397      260      284      668      781      178      251      458      773      451      
47       611      322      495      455      588      610      517      387      888      562      726      404      415      334      335      197      153      214      476      725      595      575      298      449      87       575      702      459      537      306      827      693      239      783      448      534      422      869      381      348      220      553      727      253      258      312      753      0        434      494      314      285      748      240      489      400      406      571      335      625      689      554      128      730      466      515      409      763      157      331      498      749      495      602      443      109      680      712      408      180      672      
48       334      299      62       64       170      560      755      53       763      369      704      710      43       160      430      440      406      397      639      434      467      264      158      752      346      577      282      323      226      137      662      273      461      712      80       703      608      749      72       207      370      169      375      415      179      491      342      434      0        328      288      411      688      440      272      653      529      423      328      491      323      632      525      574      500      90       442      548      339      189      519      525      96       336      528      444      343      414      141      504      506      
49       143      173      332      393      314      234      535      299      447      68       377      552      288      222      240      359      566      592      397      243      140      160      269      581      429      264      381      37       154      372      358      378      347      384      409      449      390      431      368      491      573      247      290      626      370      323      395      494      328      0        550      638      359      326      61       469      298      97       168      167      280      343      508      262      223      392      194      271      505      465      227      255      270      130      273      569      241      236      456      437      195      
