
sets
i        orders          /0*5/
k        routes          /1*5/
p        positions       /0*5/
;

alias(i,j)
alias(i,h)
alias(i,hh)
alias(i,jj)
alias(k,kk)
                
                    Parameters

rho(i)	Processing time
/
0	0
1	16
2	73
3	56
4	15
5	38
/

gamma(i)	Duedate
/
0	0
1	6
2	25
3	2
4	93
5	87
/

sigma(i)	Size
/
0	0
1	1
2	9
3	3
4	6
5	1
/

epsilon(i)	Priority
/
0	0
1	4
2	7
3	5
4	2
5	2
/

psi	Vehicle Capacity
/ 31 /
;

Table kappa(i,j)                 Setup
         0        1        2        3        4        5        
0        0        30       69       64       41       41       
1        30       0        84       39       13       18       
2        69       84       0        89       97       102      
3        64       39       89       0        40       48       
4        41       13       97       40       0        7        
5        41       18       102      48       7        0        
;



Table delta(i,j)                 Distance
         0        1        2        3        4        5        
0        0        2460     2860     860      2540     2680     
1        2460     0        24       118      27       63       
2        2860     24       0        132      21       82       
3        860      118      132      0        113      148      
4        2540     27       21       113      0        90       
5        2680     63       82       148      90       0        
;

