
sets
i        orders          /0*5/
k        routes          /1*5/
p        positions       /0*5/
;

alias(i,j)
alias(i,h)
alias(i,hh)
alias(i,jj)
alias(k,kk)
                
                    Parameters

rho(i)	Processing time
/
0	0
1	59
2	23
3	50
4	47
5	15
/

gamma(i)	Duedate
/
0	0
1	30
2	37
3	78
4	82
5	2
/

sigma(i)	Size
/
0	0
1	6
2	1
3	2
4	5
5	1
/

epsilon(i)	Priority
/
0	0
1	2
2	2
3	1
4	7
5	6
/

psi	Vehicle Capacity
/ 10 /
;

Table kappa(i,j)                 Setup
         0        1        2        3        4        5        
0        0        38       77       21       107      65       
1        38       0        67       43       114      87       
2        77       67       0        59       56       62       
3        21       43       59       0        86       47       
4        107      114      56       86       0        51       
5        65       87       62       47       51       0        
;



Table delta(i,j)                 Distance
         0        1        2        3        4        5        
0        0        960      2360     1700     400      1900     
1        960      0        158      133      33       130      
2        2360     158      0        55       125      33       
3        1700     133      55       0        100      60       
4        400      33       125      100      0        98       
5        1900     130      33       60       98       0        
;

