
sets
i        orders          /0*5/
k        routes          /1*5/
p        positions       /0*5/
;

alias(i,j)
alias(i,h)
alias(i,hh)
alias(i,jj)
alias(k,kk)
                
                    Parameters

rho(i)	Processing time
/
0	0
1	95
2	56
3	95
4	89
5	77
/

gamma(i)	Duedate
/
0	0
1	98
2	17
3	42
4	96
5	77
/

sigma(i)	Size
/
0	0
1	7
2	6
3	4
4	3
5	3
/

epsilon(i)	Priority
/
0	0
1	6
2	6
3	9
4	1
5	9
/

psi	Vehicle Capacity
/ 17 /
;

Table kappa(i,j)                 Setup
         0        1        2        3        4        5        
0        0        10       40       65       51       33       
1        10       0        41       61       41       23       
2        40       41       0        32       65       59       
3        65       61       32       0        63       70       
4        51       41       65       63       0        22       
5        33       23       59       70       22       0        
;



Table delta(i,j)                 Distance
         0        1        2        3        4        5        
0        0        2600     540      320      1880     2760     
1        2600     0        108      131      50       150      
2        540      108      0        39       67       116      
3        320      131      39       0        100      153      
4        1880     50       67       100      0        106      
5        2760     150      116      153      106      0        
;

