

sets
i        orders          /0*20/
k        routes          /1*20/
p        positions       /0*20/
;

alias(i,j)
alias(i,h)
alias(i,hh)
alias(i,jj)
alias(k,kk)
                            Parameters

rho(i)	Processing time
/
0	0
1	74
2	73
3	59
4	15
5	2
6	87
7	20
8	57
9	34
10	96
11	20
12	3
13	82
14	20
15	29
16	41
17	49
18	64
19	8
20	24
/

gamma(i)	Duedate
/
0	0
1	42
2	8
3	33
4	31
5	99
6	43
7	44
8	13
9	50
10	12
11	7
12	83
13	52
14	37
15	45
16	39
17	19
18	67
19	71
20	69
/

sigma(i)	Size
/
0	0
1	7
2	6
3	4
4	3
5	3
6	9
7	1
8	4
9	7
10	6
11	1
12	9
13	1
14	6
15	8
16	2
17	8
18	9
19	8
20	5
/

epsilon(i)	Priority
/
0	0
1	3
2	4
3	8
4	1
5	1
6	7
7	1
8	1
9	5
10	2
11	8
12	2
13	7
14	4
15	3
16	6
17	4
18	8
19	3
20	9
/

psi	Vehicle Capacity
/ 33 /
;

Table kappa(i,j)                 Setup
         0        1        2        3        4        5        6        7        8        9        10       11       12       13       14       15       16       17       18       19       20       
0        0        704      356      1176     1172     1211     686      1416     970      746      1009     695      1257     778      610      591      350      586      376      768      1128     
1        704      0        403      1678     978      1790     1391     1967     470      1390     317      1351     1265     157      834      760      687      534      421      173      1808     
2        356      403      0        1292     894      1391     1021     1573     793      988      676      1050     1069     523      500      714      294      580      44       523      1485     
3        1176     1678     1292     0        1312     258      960      311      2081     563      1876     1325     1030     1814     871      1753     998      1759     1264     1815     1410     
4        1172     978      894      1312     0        1536     1646     1618     1435     1392     936      1823     388      1129     647      1603     842      1434     853      1148     2184     
5        1211     1790     1391     258      1536     0        842      219      2160     493      2017     1216     1276     1914     1031     1756     1103     1796     1369     1912     1226     
6        686      1391     1021     960      1646     842      0        1059     1615     403      1692     373      1577     1459     999      1046     853      1168     1027     1447     544      
7        1416     1967     1573     311      1618     219      1059     0        2353     711      2177     1432     1319     2096     1175     1970     1280     2002     1548     2096     1417     
8        970      470      793      2081     1435     2160     1615     2353     0        1714     569      1467     1734     312      1277     683      1086     470      826      297      1927     
9        746      1390     988      563      1392     493      403      711      1714     0        1654     762      1251     1496     770      1266     732      1322     976      1490     904      
10       1009     317      676      1876     936      2017     1692     2177     569      1654     0        1668     1286     349      1006     1053     926      817      680      374      2123     
11       695      1351     1050     1325     1823     1216     373      1432     1467     762      1668     0        1822     1380     1194     817      983      997      1071     1363     463      
12       1257     1265     1069     1030     388      1276     1577     1319     1734     1251     1286     1822     0        1422     649      1777     907      1646     1025     1438     2120     
13       778      157      523      1814     1129     1914     1459     2096     312      1496     349      1380     1422     0        982      708      816      470      549      25       1842     
14       610      834      500      871      647      1031     999      1175     1277     770      1006     1194     649      982      0        1160     265      1067     459      989      1538     
15       591      760      714      1753     1603     1756     1046     1970     683      1266     1053     817      1777     708      1160     0        898      238      758      684      1265     
16       350      687      294      998      842      1103     853      1280     1086     732      926      983      907      816      265      898      0        821      267      817      1368     
17       586      534      580      1759     1434     1796     1168     2002     470      1322     817      997      1646     470      1067     238      821      0        624      446      1457     
18       376      421      44       1264     853      1369     1027     1548     826      976      680      1071     1025     549      459      758      267      624      0        551      1500     
19       768      173      523      1815     1148     1912     1447     2096     297      1490     374      1363     1438     25       989      684      817      446      551      0        1825     
20       1128     1808     1485     1410     2184     1226     544      1417     1927     904      2123     463      2120     1842     1538     1265     1368     1457     1500     1825     0        
;



Table delta(i,j)                 Distance
         0        1        2        3        4        5        6        7        8        9        10       11       12       13       14       15       16       17       18       19       20       
0        0        810      1830     1500     720      3060     180      2820     2250     1560     1080     2760     2400     960      2340     2310     1740     1230     300      1530     2610     
1        810      0        38       23       3        87       27       80       48       28       22       82       70       47       62       75       68       48       35       60       83       
2        1830     38       0        30       39       54       59       49       37       9        27       55       45       64       32       60       74       55       70       66       65       
3        1500     23       30       0        26       84       51       80       24       22       34       84       74       68       62       84       87       66       57       78       91       
4        720      3        39       26       0        87       24       80       51       30       21       81       69       44       63       73       65       45       32       57       82       
5        3060     87       54       84       87       0        98       10       86       63       67       19       26       88       24       46       80       73       112      76       41       
6        180      27       59       51       24       98       0        89       75       51       33       87       75       26       73       71       52       35       15       45       81       
7        2820     80       49       80       80       10       89       0        84       57       59       10       16       78       18       36       70       63       103      66       32       
8        2250     48       37       24       51       86       75       84       0        35       54       91       82       91       68       98       107      87       81       99       103      
9        1560     28       9        22       30       63       51       57       35       0        21       62       52       60       40       64       73       53       62       64       70       
10       1080     22       27       34       21       67       33       59       54       21       0        59       47       38       42       53       53       32       46       44       61       
11       2760     82       55       84       81       19       87       10       91       62       59       0        12       73       23       27       62       57       102      59       22       
12       2400     70       45       74       69       26       75       16       82       52       47       12       0        62       16       21       54       46       90       50       22       
13       960      47       64       68       44       88       26       78       91       60       38       73       62       0        67       52       26       15       38       19       62       
14       2340     62       32       62       63       24       73       18       68       40       42       23       16       67       0        37       64       52       88       59       38       
15       2310     75       60       84       73       46       71       36       98       64       53       27       21       52       37       0        36       37       86       35       10       
16       1740     68       74       87       65       80       52       70       107      73       53       62       54       26       64       36       0        20       64       8        45       
17       1230     48       55       66       45       73       35       63       87       53       32       57       46       15       52       37       20       0        49       12       47       
18       300      35       70       57       32       112      15       103      81       62       46       102      90       38       88       86       64       49       0        57       96       
19       1530     60       66       78       57       76       45       66       99       64       44       59       50       19       59       35       8        12       57       0        44       
20       2610     83       65       91       82       41       81       32       103      70       61       22       22       62       38       10       45       47       96       44       0        
;

