

sets
i        orders          /0*20/
k        routes          /1*20/
p        positions       /0*20/
;

alias(i,j)
alias(i,h)
alias(i,hh)
alias(i,jj)
alias(k,kk)
                            Parameters

rho(i)	Processing time
/
0	0
1	71
2	71
3	99
4	26
5	57
6	93
7	30
8	15
9	10
10	28
11	49
12	31
13	88
14	48
15	53
16	29
17	73
18	78
19	18
20	51
/

gamma(i)	Duedate
/
0	0
1	56
2	47
3	38
4	71
5	99
6	52
7	57
8	91
9	92
10	65
11	17
12	80
13	85
14	21
15	62
16	98
17	48
18	16
19	73
20	64
/

sigma(i)	Size
/
0	0
1	1
2	2
3	7
4	1
5	6
6	7
7	4
8	9
9	3
10	1
11	7
12	4
13	4
14	3
15	8
16	3
17	9
18	4
19	1
20	9
/

epsilon(i)	Priority
/
0	0
1	2
2	2
3	1
4	2
5	1
6	2
7	7
8	3
9	2
10	6
11	1
12	8
13	7
14	5
15	9
16	9
17	8
18	3
19	9
20	5
/

psi	Vehicle Capacity
/ 36 /
;

Table kappa(i,j)                 Setup
         0        1        2        3        4        5        6        7        8        9        10       11       12       13       14       15       16       17       18       19       20       
0        0        521      583      883      867      1068     1797     984      1317     1882     1109     397      1307     1502     654      953      1833     1366     1129     931      817      
1        521      0        998      1364     1381     1562     2095     1479     1717     2124     1544     910      1532     1398     385      1012     1853     1810     1180     781      941      
2        583      998      0        411      556      617      1229     544      736      1342     546      345      807      1319     900      712      1481     812      844      934      555      
3        883      1364     411      0        255      206      1166     135      554      1347     307      502      944      1652     1307     1065     1708     510      1162     1335     920      
4        867      1381     556      255      0        277      1409     215      786      1599     545      471      1195     1861     1395     1261     1952     692      1375     1486     1107     
5        1068     1562     617      206      277      0        1174     84       548      1383     333      676      1056     1824     1514     1251     1836     420      1334     1535     1111     
6        1797     2095     1229     1166     1409     1174     0        1203     627      258      864      1548     597      1417     1828     1189     1073     797      1102     1578     1185     
7        984      1479     544      135      215      84       1203     0        576      1401     343      592      1040     1779     1437     1197     1815     477      1289     1470     1053     
8        1317     1717     736      554      786      548      627      576      0        838      246      998      631      1522     1544     1055     1398     231      1065     1422     966      
9        1882     2124     1342     1347     1599     1383     258      1401     838      0        1058     1678     592      1271     1822     1156     861      1031     1036     1528     1186     
10       1109     1544     546      307      545      333      864      343      246      1058     0        766      733      1554     1414     1020     1517     266      1072     1354     902      
11       397      910      345      502      471      676      1548     592      998      1678     766      0        1153     1593     954      990      1811     1006     1144     1116     831      
12       1307     1532     807      944      1195     1056     597      1040     631      592      733      1153     0        913      1240     592      783      861      517      981      598      
13       1502     1398     1319     1652     1861     1824     1417     1779     1522     1271     1554     1593     913      0        1012     607      557      1741     490      617      767      
14       654      385      900      1307     1395     1514     1828     1437     1544     1822     1414     954      1240     1012     0        673      1477     1678     827      396      643      
15       953      1012     712      1065     1261     1251     1189     1197     1055     1156     1020     990      592      607      673      0        882      1247     178      391      160      
16       1833     1853     1481     1708     1952     1836     1073     1815     1398     861      1517     1811     783      557      1477     882      0        1629     705      1088     1017     
17       1366     1810     812      510      692      420      797      477      231      1031     266      1006     861      1741     1678     1247     1629     0        1275     1599     1143     
18       1129     1180     844      1162     1375     1334     1102     1289     1065     1036     1072     1144     517      490      827      178      705      1275     0        493      319      
19       931      781      934      1335     1486     1535     1578     1470     1422     1528     1354     1116     981      617      396      391      1088     1599     493      0        456      
20       817      941      555      920      1107     1111     1185     1053     966      1186     902      831      598      767      643      160      1017     1143     319      456      0        
;



Table delta(i,j)                 Distance
         0        1        2        3        4        5        6        7        8        9        10       11       12       13       14       15       16       17       18       19       20       
0        0        1170     570      2490     2160     1650     2580     1680     1380     870      2220     1680     1710     1800     1830     2160     2490     1410     720      420      1290     
1        1170     0        56       117      84       94       97       85       83       65       109      93       79       94       96       109      117      86       61       47       57       
2        570      56       0        80       84       39       97       60       27       30       71       50       65       58       57       64       78       33       5        9        57       
3        2490     117      80       0        67       58       70       35       74       54       8        29       47       23       22       21       2        55       79       87       68       
4        2160     84       84       67       0        94       13       37       99       58       63       66       24       54       61       76       69       86       88       85       29       
5        1650     94       39       58       94       0        104      58       18       40       51       32       70       46       41       37       55       9        35       48       75       
6        2580     97       97       70       13       104      0        46       111      69       67       74       34       62       68       82       72       96       101      98       43       
7        1680     85       60       35       37       58       46       0        67       30       28       28       14       17       23       39       36       50       62       65       33       
8        1380     83       27       74       99       18       111      67       0        41       66       46       76       58       54       54       72       19       22       35       76       
9        870      65       30       54       58       40       69       30       41       0        45       28       35       30       32       44       53       31       32       35       35       
10       2220     109      71       8        63       51       67       28       66       45       0        21       41       14       13       16       8        47       71       78       61       
11       1680     93       50       29       66       32       74       28       46       28       21       0        42       13       8        15       27       27       50       58       55       
12       1710     79       65       47       24       70       34       14       76       35       41       42       0        31       37       53       49       61       68       67       23       
13       1800     94       58       23       54       46       62       17       58       30       14       13       31       0        6        22       23       39       59       65       48       
14       1830     96       57       22       61       41       68       23       54       32       13       8        37       6        0        16       21       35       57       64       53       
15       2160     109      64       21       76       37       82       39       54       44       16       15       53       22       16       0        18       35       63       72       69       
16       2490     117      78       2        69       55       72       36       72       53       8        27       49       23       21       18       0        53       78       86       69       
17       1410     86       33       55       86       9        96       50       19       31       47       27       61       39       35       35       53       0        30       42       66       
18       720      61       5        79       88       35       101      62       22       32       71       50       68       59       57       63       78       30       0        13       61       
19       420      47       9        87       85       48       98       65       35       35       78       58       67       65       64       72       86       42       13       0        56       
20       1290     57       57       68       29       75       43       33       76       35       61       55       23       48       53       69       69       66       61       56       0        
;

