

sets
i        orders          /0*20/
k        routes          /1*20/
p        positions       /0*20/
;

alias(i,j)
alias(i,h)
alias(i,hh)
alias(i,jj)
alias(k,kk)
                            Parameters

rho(i)	Processing time
/
0	0
1	73
2	99
3	62
4	13
5	74
6	73
7	20
8	53
9	47
10	40
11	55
12	79
13	62
14	5
15	23
16	64
17	73
18	67
19	52
20	21
/

gamma(i)	Duedate
/
0	0
1	6
2	23
3	37
4	67
5	55
6	78
7	56
8	18
9	23
10	42
11	56
12	1
13	78
14	34
15	32
16	15
17	66
18	89
19	3
20	81
/

sigma(i)	Size
/
0	0
1	8
2	5
3	3
4	8
5	9
6	9
7	7
8	7
9	1
10	5
11	2
12	1
13	9
14	5
15	1
16	6
17	1
18	2
19	8
20	2
/

epsilon(i)	Priority
/
0	0
1	5
2	2
3	6
4	9
5	1
6	8
7	2
8	4
9	1
10	6
11	8
12	8
13	1
14	4
15	8
16	6
17	8
18	8
19	6
20	7
/

psi	Vehicle Capacity
/ 19 /
;

Table kappa(i,j)                 Setup
         0        1        2        3        4        5        6        7        8        9        10       11       12       13       14       15       16       17       18       19       20       
0        0        1276     745      927      1143     1316     1028     1420     1244     987      327      738      787      1039     1413     1646     1095     1051     1903     1532     1720     
1        1276     0        540      387      1506     177      892      990      116      721      1449     1120     523      406      402      1131     892      1086     744      715      447      
2        745      540      0        186      1141     571      635      1083     498      483      959      816      225      334      692      1146     831      790      1172     1000     977      
3        927      387      186      0        1170     389      597      1112     324      424      1146     963      321      171      507      1025     902      777      985      960      806      
4        1143     1506     1141     1170     0        1403     624      2218     1400     787      1464     1760     1358     1100     1310     937      1940     432      1698     2128     1796     
5        1316     177      571      389      1403     0        779      1166     92       618      1521     1250     619      330      225      959      1057     973      619      887      429      
6        1028     892      635      597      624      779      0        1703     782      175      1340     1410     859      490      694      618      1466     194      1122     1552     1174     
7        1420     990      1083     1112     2218     1166     1703     0        1090     1534     1362     754      861      1257     1392     2097     326      1870     1653     401      1228     
8        1244     116      498      324      1400     92       782      1090     0        613      1440     1158     530      304      307      1019     969      976      709      829      482      
9        987      721      483      424      787      618      175      1534     613      0        1281     1283     701      316      564      689      1307     365      1025     1376     1028     
10       327      1449     959      1146     1464     1521     1340     1362     1440     1281     0        612      928      1282     1650     1956     1043     1376     2131     1556     1896     
11       738      1120     816      963      1760     1250     1410     754      1158     1283     612      0        648      1134     1439     1961     448      1522     1862     998      1532     
12       787      523      225      321      1358     619      859      861      530      701      928      648      0        492      794      1343     607      1015     1239     812      968      
13       1039     406      334      171      1100     330      490      1257     304      316      1282     1134     492      0        374      858      1065     682      865      1068     759      
14       1413     402      692      507      1310     225      694      1392     307      564      1650     1439     794      374      0        751      1276     878      491      1105     490      
15       1646     1131     1146     1025     937      959      618      2097     1019     689      1956     1961     1343     858      751      0        1923     648      907      1846     1185     
16       1095     892      831      902      1940     1057     1466     326      969      1307     1043     448      607      1065     1276     1923     0        1619     1620     562      1232     
17       1051     1086     790      777      432      973      194      1870     976      365      1376     1522     1015     682      878      648      1619     0        1284     1737     1364     
18       1903     744      1172     985      1698     619      1122     1653     709      1025     2131     1862     1239     865      491      907      1620     1284     0        1291     440      
19       1532     715      1000     960      2128     887      1552     401      829      1376     1556     998      812      1068     1105     1846     562      1737     1291     0        855      
20       1720     447      977      806      1796     429      1174     1228     482      1028     1896     1532     968      759      490      1185     1232     1364     440      855      0        
;



Table delta(i,j)                 Distance
         0        1        2        3        4        5        6        7        8        9        10       11       12       13       14       15       16       17       18       19       20       
0        0        570      1500     2310     1530     1590     810      1350     2730     1050     1770     1440     1560     390      960      870      870      2790     480      2520     1170     
1        570      0        46       60       38       34       20       47       73       39       41       38       44       25       29       33       14       74       33       65       33       
2        1500     46       0        94       26       61       26       15       99       20       49       16       9        63       75       77       35       100      65       85       79       
3        2310     60       94       0        71       33       74       102      19       97       50       79       87       76       56       67       63       21       85       27       48       
4        1530     38       26       71       0        38       24       38       74       39       23       10       17       62       66       71       24       74       68       60       67       
5        1590     34       61       33       38       0        42       70       40       65       20       46       54       57       46       56       31       41       66       30       42       
6        810      20       26       74       24       42       0        29       82       23       38       20       25       39       49       51       10       83       44       71       53       
7        1350     47       15       102      38       70       29       0        109      9        61       29       24       58       75       74       39       110      58       96       80       
8        2730     73       99       19       74       40       82       109      0        106      51       83       91       92       74       85       72       2        101      16       67       
9        1050     39       20       97       39       65       23       9        106      0        59       30       28       48       66       64       34       106      48       94       71       
10       1770     41       49       50       23       20       38       61       51       59       0        33       40       66       62       70       31       51       74       36       60       
11       1440     38       16       79       10       46       20       29       83       30       33       0        8        60       68       71       24       84       64       69       70       
12       1560     44       9        87       17       54       25       24       91       28       40       8        0        64       74       77       31       91       68       77       77       
13       390      25       63       76       62       57       39       58       92       48       66       60       64       0        23       17       38       93       9        86       31       
14       960      29       75       56       66       46       49       75       74       66       62       68       74       23       0        11       43       76       31       72       8        
15       870      33       77       67       71       56       51       74       85       64       70       71       77       17       11       0        47       87       23       83       19       
16       870      14       35       63       24       31       10       39       72       34       31       24       31       38       43       47       0        73       45       61       45       
17       2790     74       100      21       74       41       83       110      2        106      51       84       91       93       76       87       73       0        103      15       69       
18       480      33       65       85       68       66       44       58       101      48       74       64       68       9        31       23       45       103      0        96       40       
19       2520     65       85       27       60       30       71       96       16       94       36       69       77       86       72       83       61       15       96       0        66       
20       1170     33       79       48       67       42       53       80       67       71       60       70       77       31       8        19       45       69       40       66       0        
;

