
sets
i        orders          /0*80/
k        routes          /1*80/
p        positions       /0*80/
;

alias(i,j)
alias(i,h)
alias(i,hh)
alias(i,jj)
alias(k,kk)
                
                    Parameters

rho(i)	Processing time
/
0	0
1	62
2	81
3	80
4	76
5	89
6	12
7	53
8	84
9	24
10	52
11	3
12	50
13	2
14	87
15	5
16	94
17	94
18	3
19	76
20	95
21	21
22	49
23	28
24	41
25	20
26	57
27	71
28	15
29	50
30	59
31	6
32	53
33	9
34	32
35	97
36	25
37	74
38	87
39	39
40	84
41	6
42	99
43	78
44	49
45	57
46	25
47	69
48	17
49	61
50	27
51	64
52	6
53	84
54	3
55	39
56	19
57	30
58	25
59	68
60	74
61	42
62	85
63	24
64	8
65	44
66	28
67	54
68	37
69	33
70	70
71	48
72	97
73	80
74	44
75	51
76	39
77	72
78	53
79	20
80	88
/

gamma(i)	Duedate
/
0	0
1	91
2	36
3	56
4	79
5	44
6	31
7	4
8	43
9	27
10	47
11	28
12	61
13	64
14	80
15	88
16	35
17	36
18	74
19	27
20	98
21	84
22	90
23	10
24	55
25	31
26	48
27	77
28	66
29	5
30	82
31	57
32	49
33	63
34	99
35	46
36	60
37	38
38	80
39	86
40	41
41	56
42	94
43	54
44	49
45	45
46	20
47	96
48	15
49	82
50	86
51	99
52	45
53	23
54	50
55	55
56	76
57	32
58	25
59	32
60	51
61	30
62	23
63	45
64	99
65	17
66	99
67	54
68	88
69	11
70	59
71	70
72	38
73	25
74	39
75	11
76	82
77	98
78	75
79	38
80	84
/

sigma(i)	Size
/
0	0
1	1
2	6
3	4
4	4
5	5
6	6
7	7
8	1
9	2
10	2
11	2
12	7
13	6
14	9
15	6
16	4
17	9
18	6
19	3
20	2
21	7
22	5
23	3
24	4
25	2
26	5
27	2
28	5
29	2
30	5
31	5
32	2
33	3
34	7
35	1
36	3
37	1
38	8
39	9
40	9
41	4
42	9
43	4
44	5
45	9
46	4
47	4
48	6
49	7
50	1
51	4
52	6
53	2
54	2
55	4
56	5
57	5
58	5
59	1
60	1
61	3
62	7
63	1
64	7
65	7
66	7
67	4
68	7
69	7
70	6
71	6
72	8
73	7
74	1
75	9
76	4
77	2
78	1
79	9
80	8
/

epsilon(i)	Priority
/
0	0
1	6
2	6
3	9
4	5
5	1
6	6
7	7
8	7
9	4
10	5
11	1
12	4
13	6
14	7
15	3
16	9
17	8
18	5
19	1
20	7
21	7
22	8
23	6
24	5
25	3
26	1
27	2
28	4
29	1
30	4
31	9
32	4
33	4
34	3
35	1
36	8
37	3
38	7
39	6
40	6
41	5
42	7
43	2
44	8
45	2
46	4
47	5
48	1
49	3
50	9
51	3
52	8
53	5
54	3
55	2
56	8
57	6
58	2
59	2
60	8
61	3
62	2
63	4
64	5
65	2
66	8
67	1
68	1
69	1
70	2
71	8
72	6
73	8
74	8
75	4
76	8
77	7
78	6
79	1
80	7
/

psi	Vehicle Capacity
/ 19 /
;

Table kappa(i,j)                 Setup
         0        1        2        3        4        5        6        7        8        9        10       11       12       13       14       15       16       17       18       19       20       21       22       23       24       25       26       27       28       29       30       31       32       33       34       35       36       37       38       39       40       41       42       43       44       45       46       47       48       49       50       51       52       53       54       55       56       57       58       59       60       61       62       63       64       65       66       67       68       69       70       71       72       73       74       75       76       77       78       79       80       
0        0        994      367      1383     1643     154      1098     1305     834      659      1265     964      1218     960      545      1197     392      994      893      774      1551     1172     1535     1432     1343     1496     802      1361     743      1550     861      1568     1256     1112     1647     136      739      928      1945     457      1366     1027     457      812      1433     1404     1762     1399     433      995      521      1769     1214     722      576      860      1130     1382     979      366      1929     77       1595     1040     1110     1762     1663     894      530      289      1484     1554     1594     563      1438     1125     1760     868      1216     1211     1004     
1        994      0        818      425      976      916      886      1110     871      1002     304      577      1585     293      509      1367     642      1482     1056     440      1275     1303     542      579      1440     505      955      369      509      653      186      1437     277      1339     1126     957      255      1389     1497     548      1327     525      589      410      835      806      1286     535      717      752      1018     1400     1120     342      1084     134      1162     969      1069     993      1418     978      1373     419      532      1420     1321     740      652      954      673      898      1245     1230     853      1252     1346     1384     228      1539     1151     
2        367      818      0        1241     1650     213      1224     1457     1008     912      1119     1006     1526     895      544      1452     203      1319     1120     776      1693     1415     1328     1351     1586     1315     1012     1181     779      1450     746      1756     1095     1378     1709     455      594      1244     2045     308      1571     1039     235      801      1455     1425     1846     1311     105      1096     805      1890     1391     485      873      692      1340     1467     1192     666      2006     298      1756     1010     1108     1892     1789     1008     636      584      1424     1562     1714     904      1466     1363     1865     1194     1013     1509     1238     
3        1383     425      1241     0        696      1323     917      1082     1026     1232     122      664      1720     457      852      1453     1058     1674     1204     678      1170     1384     302      246      1484     187      1129     152      742      253      522      1378     152      1454     911      1324     656      1583     1271     958      1329     571      1009     635      639      621      1071     210      1141     821      1292     1227     1140     768      1347     548      1229     856      1185     1308     1168     1378     1279     468      512      1258     1174     863      950      1288     350      642      1107     1514     661      1341     1157     1598     303      1663     1269     
4        1643     976      1650     696      0        1647     669      667      932      1196     752      679      1431     767      1123     1128     1447     1488     1039     883      611      1064     962      450      1088     843      1029     849      901      489      937      847      805      1173     253      1536     1088     1415     580      1342     897      619      1423     852      213      239      394      490      1572     693      1321     576      783      1270     1343     1040     924      396      970      1413     472      1670     716      640      543      616      557      795      1114     1435     346      89       514      1520     213      1043     496      1462     971      1366     1037     
5        154      916      213      1323     1647     0        1149     1369     903      762      1202     976      1349     926      525      1305     279      1133     987      765      1612     1275     1449     1398     1447     1421     887      1285     747      1509     804      1649     1187     1225     1674     260      667      1063     1990     368      1453     1027     342      798      1442     1412     1799     1361     288      1034     637      1822     1288     615      699      783      1218     1417     1067     487      1964     86       1665     1022     1106     1819     1718     936      558      405      1459     1558     1646     707      1449     1226     1806     1007     1130     1338     1102     
6        1098     886      1224     917      669      1149     0        241      283      541      874      309      821      594      691      539      1035     831      370      510      468      469      1213     760      571      1104     366      1023     472      886      732      566      915      551      579      971      824      752      848      949      441      371      1040     515      472      457      671      761      1178     142      680      673      235      1016     689      858      314      306      308      798      839      1145     537      487      407      670      569      215      593      841      728      598      497      861      464      429      662      795      1031     760      384      
7        1305     1110     1457     1082     667      1369     241      0        470      692      1060     540      766      817      930      462      1272     848      468      751      247      401      1384     889      429      1269     519      1205     714      1002     965      328      1105     516      491      1173     1064     787      667      1188     251      586      1278     754      519      518      527      901      1415     383      842      474      129      1256     833      1092     277      275      378      979      688      1357     299      697      598      460      368      452      821      1032     832      620      310      989      503      386      484      847      1236     701      416      
8        834      871      1008     1026     932      903      283      470      0        264      954      363      716      610      520      507      837      647      185      433      717      450      1301     927      610      1206     105      1100     368      1060     689      749      982      469      861      703      730      557      1121     767      564      459      855      461      724      703      952      916      979      245      397      938      385      900      411      801      339      588      208      517      1120     888      762      558      533      928      832      165      377      565      922      854      765      587      720      396      935      578      1061     667      283      
9        659      1002     912      1232     1196     762      541      692      264      0        1144     592      636      785      544      543      779      484      239      573      937      514      1486     1163     685      1401     177      1285     503      1296     816      919      1164     466      1120     522      807      392      1359     740      711      688      816      612      987      966      1201     1147     911      506      151      1166     582      939      148      905      477      848      330      300      1367     725      963      770      770      1151     1061     413      374      369      1169     1117     1000     323      984      466      1174     381      1215     608      345      
10       1265     304      1119     122      752      1202     874      1060     954      1144     0        599      1659     360      739      1403     936      1598     1136     579      1172     1335     347      310      1446     257      1053     149      646      356      404      1368     53       1396     946      1210     534      1507     1314     836      1302     511      887      537      661      639      1108     267      1019     766      1195     1252     1105     647      1253     426      1182     856      1124     1203     1219     1258     1279     399      468      1280     1190     795      846      1179     415      687      1119     1416     682      1289     1186     1517     219      1605     1209     
11       964      577      1006     664      679      976      309      540      363      592      599      0        1060     286      462      809      806      1010     539      234      733      742      946      571      868      846      467      748      229      704      425      868      632      798      703      857      530      920      1043     707      750      97       796      223      469      440      840      556      942      176      684      901      543      725      725      551      594      466      525      750      1000     993      820      199      178      910      807      199      434      762      581      591      730      901      475      694      867      940      732      1006     610      
12       1218     1585     1526     1720     1431     1349     821      766      716      636      1659     1060     0        1324     1173     303      1411     246      530      1146     912      367      2006     1581     389      1905     631      1808     1077     1708     1402     740      1691     269      1250     1090     1422     290      1319     1376     571      1150     1451     1175     1266     1258     1249     1580     1537     898      721      1120     649      1570     653      1507     515      1036     535      862      1385     1293     862      1260     1209     1084     1037     865      1004     945      1548     1379     1016     670      1253     395      1170     359      1776     65       450      
13       960      293      895      457      767      926      594      817      610      785      360      286      1324     0        416      1088     694      1246     795      220      988      1023     700      472      1153     617      704      499      286      590      174      1144     379      1069     874      886      321      1154     1239     588      1035     233      662      178      591      561      1029     438      810      462      836      1126     829      508      893      294      877      689      796      852      1173     968      1083     138      255      1143     1042     463      494      836      533      681      965      1058     606      973      1078     1160     452      1274     880      
14       545      509      544      852      1123     525      691      930      520      544      739      462      1173     416      0        1017     347      1026     676      240      1157     966      1042     887      1129     985      562      852      234      1006     340      1243     739      963      1166     473      274      936      1501     258      1076     504      348      273      921      891      1301     854      488      557      523      1348     881      396      595      388      859      922      726      484      1462     557      1228     499      581      1351     1248     478      169      446      941      1034     1173     727      929      912      1321     916      736      1138     791      
15       1197     1367     1452     1453     1128     1305     539      462      507      543      1403     809      303      1088     1017     0        1306     426      342      937      621      69       1747     1297     153      1640     456      1552     874      1421     1190     481      1440     95       947      1060     1238     395      1042     1251     284      892      1334     959      967      960      954      1300     1443     637      675      839      347      1405     627      1306     224      733      299      830      1098     1266     585      1006     941      807      749      627      859      907      1258     1077     721      721      953      115      882      472      1540     238      226      
16       392      642      203      1058     1447     279      1035     1272     837      779      936      806      1411     694      347      1306     0        1223     966      574      1503     1263     1171     1154     1432     1147     854      1011     580      1257     551      1579     917      1239     1508     418      403      1141     1847     106      1401     837      65       598      1252     1222     1646     1115     143      904      696      1695     1214     335      768      511      1174     1269     1031     581      1806     353      1571     807      905      1699     1596     820      460      505      1225     1358     1520     837      1263     1210     1668     1100     852      1387     1085     
17       994      1482     1319     1674     1488     1133     831      848      647      484      1598     1010     246      1246     1026     426      1223     0        476      1046     1039     465      1945     1566     561      1852     545      1744     975      1698     1295     907      1624     343      1339     873      1291     92       1466     1202     710      1106     1269     1081     1301     1288     1366     1559     1341     871      528      1263     720      1419     455      1389     572      1096     523      653      1516     1071     1011     1206     1177     1232     1170     811      857      735      1550     1424     1135     435      1291     464      1301     126      1689     270      450      
18       893      1056     1120     1204     1039     987      370      468      185      239      1136     539      530      795      676      342      966      476      0        617      707      296      1483     1090     466      1386     114      1283     550      1222     873      679      1166     290      927      757      906      390      1135     909      473      634      993      646      841      825      991      1083     1105     395      389      939      350      1067     368      983      238      662      92       539      1154     957      726      738      702      921      834      341      517      606      1075     968      779      521      834      243      953      426      1246     482      118      
19       774      440      776      678      883      765      510      751      433      573      579      234      1146     220      240      937      574      1046     617      0        961      876      914      670      1023     836      515      714      70       795      256      1077     594      903      933      685      315      953      1277     474      935      264      562      43       681      651      1074     641      709      368      615      1135     729      505      674      369      744      701      637      633      1231     793      1042     266      340      1143     1040     322      277      622      712      793      963      837      690      823      1102     953      642      1100     716      
20       1551     1275     1693     1170     611      1612     468      247      717      937      1172     733      912      988      1157     621      1503     1039     707      961      0        574      1469     947      529      1349     765      1307     932      1038     1150     236      1222     696      374      1420     1264     990      433      1415     340      756      1505     956      540      553      337      969      1646     601      1087     232      357      1459     1075     1276     491      316      615      1226     477      1603     110      855      743      214      131      684      1060     1280     868      597      108      1226     519      579      262      1057     1368     847      639      
21       1172     1303     1415     1384     1064     1275     469      401      450      514      1335     742      367      1023     966      69       1263     465      296      876      574      0        1678     1228     171      1571     408      1484     814      1352     1128     457      1372     121      889      1035     1180     422      1001     1204     249      824      1289     897      900      893      904      1231     1402     569      653      798      281      1351     611      1245     155      669      241      808      1051     1239     549      938      872      769      705      563      811      882      1189     1012     672      720      886      54       836      494      1474     302      177      
22       1535     542      1328     302      962      1449     1213     1384     1301     1486     347      946      2006     700      1042     1747     1171     1945     1483     914      1469     1678     0        527      1783     120      1399     201      983      475      703      1680     321      1742     1192     1500     797      1853     1542     1083     1631     856      1113     874      933      917      1349     500      1223     1111     1527     1515     1439     844      1588     675      1524     1157     1471     1521     1432     1516     1579     746      806      1548     1467     1143     1169     1489     622      920      1402     1747     955      1633     1441     1861     319      1951     1556     
23       1432     579      1351     246      450      1398     760      889      927      1163     310      571      1581     472      887      1297     1154     1566     1090     670      947      1228     527      0        1308     407      1033     398      720      133      604      1165     362      1311     667      1353     757      1480     1025     1049     1140     475      1115     628      407      393      827      44       1259     695      1249     987      965      909      1294     675      1073     641      1054     1294     922      1440     1057     409      394      1020     939      761      945      1290     105      397      876      1469     429      1190     915      1506     528      1520     1136     
24       1343     1440     1586     1484     1088     1447     571      429      610      685      1446     868      389      1153     1129     153      1432     561      466      1023     529      171      1783     1308     0        1672     577      1594     965      1426     1271     352      1486     248      883      1206     1333     542      930      1371     193      941      1457     1041     948      947      866      1316     1572     691      822      731      345      1508     777      1391     279      703      403      978      998      1410     473      1056     978      695      650      703      977      1053     1257     1047     636      874      932      222      783      620      1599     327      348      
25       1496     505      1315     187      843      1421     1104     1269     1206     1401     257      846      1905     617      985      1640     1147     1852     1386     836      1349     1571     120      407      1672     0        1306     136      903      359      645      1561     246      1639     1072     1451     757      1761     1423     1053     1517     754      1092     794      813      797      1229     380      1212     1007     1452     1394     1327     831      1510     638      1417     1038     1369     1456     1314     1483     1459     647      699      1427     1346     1045     1100     1430     502      800      1282     1673     834      1527     1321     1772     306      1849     1454     
26       802      955      1012     1129     1029     887      366      519      105      177      1053     467      631      704      562      456      854      545      114      515      765      408      1399     1033     577      1306     0        1199     446      1166     770      765      1079     402      944      667      795      454      1183     796      566      564      880      546      822      803      1024     1021     994      349      323      992      415      954      324      876      330      672      181      461      1190     862      797      661      639      979      887      271      403      520      1028     952      825      495      818      355      998      473      1151     588      231      
27       1361     369      1181     152      849      1285     1023     1205     1100     1285     149      748      1808     499      852      1552     1011     1744     1283     714      1307     1484     201      398      1594     136      1199     0        783      396      512      1509     120      1545     1060     1317     621      1652     1422     917      1448     660      956      673      784      764      1221     360      1078     915      1328     1374     1252     697      1389     502      1331     992      1273     1327     1321     1347     1416     548      616      1404     1318     943      972      1298     503      793      1249     1549     806      1438     1306     1660     181      1754     1358     
28       743      509      779      742      901      747      472      714      368      503      646      229      1077     286      234      874      580      975      550      70       932      814      983      720      965      903      446      783      0        848      324      1036     663      838      933      646      367      882      1267     485      885      283      575      109      694      665      1067     693      719      332      549      1117     682      550      606      433      686      688      574      576      1228     768      1009     311      367      1122     1018     270      226      571      755      812      942      771      702      761      1088     882      713      1032     652      
29       1550     653      1450     253      489      1509     886      1002     1060     1296     356      704      1708     590      1006     1421     1257     1698     1222     795      1038     1352     475      133      1426     359      1166     396      848      0        707      1264     400      1438     729      1475     856      1612     1068     1153     1253     608      1215     753      499      491      881      154      1354     826      1381     1055     1084     993      1426     763      1197     744      1183     1424     957      1555     1149     539      527      1091     1017     894      1072     1417     172      457      960      1601     519      1315     978      1638     556      1647     1265     
30       861      186      746      522      937      804      732      965      689      816      404      425      1402     174      340      1190     551      1295     873      256      1150     1128     703      604      1271     645      770      512      324      707      0        1294     399      1159     1048     807      155      1202     1413     446      1169     395      511      230      766      736      1203     564      655      592      835      1297     962      334      900      126      991      858      891      819      1348     856      1242     312      428      1312     1210     567      470      786      680      852      1133     1050     781      1076     1251     1197     404      1356     972      
31       1568     1437     1756     1378     847      1649     566      328      749      919      1368     868      740      1144     1243     481      1579     907      679      1077     236      457      1680     1165     352      1561     765      1509     1036     1264     1294     0        1416     572      609      1432     1391     876      582      1500     212      912      1590     1081     764      773      550      1184     1722     709      1068     389      365      1582     1041     1420     441      524      590      1218     662      1628     140      1021     917      349      327      768      1121     1283     1092     831      340      1169     744      483      453      951      1554     679      581      
32       1256     277      1095     152      805      1187     915      1105     982      1164     53       632      1691     379      739      1440     917      1624     1166     594      1222     1372     321      362      1486     246      1079     120      663      400      399      1416     0        1430     999      1206     520      1532     1367     820      1345     548      866      553      714      691      1161     318      995      802      1209     1304     1146     618      1269     406      1220     906      1157     1210     1272     1246     1328     434      510      1332     1241     826      854      1183     467      740      1170     1429     735      1325     1239     1539     166      1638     1242     
33       1112     1339     1378     1454     1173     1225     551      516      469      466      1396     798      269      1069     963      95       1239     343      290      903      696      121      1742     1311     248      1639     402      1545     838      1438     1159     572      1430     0        1006     977      1196     304      1123     1189     368      885      1271     930      1001     992      1025     1311     1374     632      591      920      391      1356     539      1271     250      777      273      746      1173     1183     669      997      941      890      826      606      800      824      1279     1117     793      627      988      130      958      379      1522     210      189      
34       1647     1126     1709     911      253      1674     579      491      861      1120     946      703      1250     874      1166     947      1508     1339     927      933      374      889      1192     667      883      1072     944      1060     933      729      1048     609      999      1006     0        1528     1190     1275     371      1408     690      676      1494     912      291      319      162      701      1643     653      1259     326      619      1382     1268     1165     767      272      846      1372     300      1684     473      736      622      364      305      757      1119     1408     570      272      269      1437     273      878      249      1332     1161     1184     899      
35       136      957      455      1324     1536     260      971      1173     703      522      1210     857      1090     886      473      1060     418      873      757      685      1420     1035     1500     1353     1206     1451     667      1317     646      1475     807      1432     1206     977      1528     0        703      803      1819     454      1229     928      480      726      1324     1297     1639     1322     498      875      386      1639     1079     722      443      826      993      1260     843      232      1806     205      1461     951      1013     1631     1534     771      423      153      1398     1448     1466     449      1329     988      1633     747      1184     1081     868      
36       739      255      594      656      1088     667      824      1064     730      807      534      530      1422     321      274      1238     403      1291     906      315      1264     1180     797      757      1333     757      795      621      367      856      155      1391     520      1196     1190     703      0        1199     1550     301      1250     521      359      310      912      881      1341     717      501      682      797      1424     1044     195      868      122      1054     985      938      754      1490     726      1350     455      567      1436     1334     636      436      708      834      1002     1256     1001     926      1126     1383     1184     481      1382     1013     
37       928      1389     1244     1583     1415     1063     752      787      557      392      1507     920      290      1154     936      395      1141     92       390      953      990      422      1853     1480     542      1761     454      1652     882      1612     1202     876      1532     304      1275     803      1199     0        1421     1116     671      1017     1186     989      1224     1210     1310     1471     1262     785      445      1218     658      1329     373      1296     510      1025     445      578      1464     1004     971      1115     1089     1190     1121     722      766      661      1466     1348     1082     380      1215     411      1251     79       1596     294      378      
38       1945     1497     2045     1271     580      1990     848      667      1121     1359     1314     1043     1319     1239     1501     1042     1847     1466     1135     1277     433      1001     1542     1025     930      1423     1183     1422     1267     1068     1413     582      1367     1123     371      1819     1550     1421     0        1751     757      1030     1839     1261     663      690      210      1061     1986     956      1507     203      788      1744     1500     1532     924      578      1044     1638     128      1991     458      1101     985      235      302      1054     1432     1686     923      629      358      1656     644      1010     186      1489     1530     1257     1072     
39       457      548      308      958      1342     368      949      1188     767      740      836      707      1376     588      258      1251     106      1202     909      474      1415     1204     1083     1049     1371     1053     796      917      485      1153     446      1500     820      1189     1408     454      301      1116     1751     0        1329     734      90       496      1149     1119     1548     1010     235      814      675      1603     1137     268      749      415      1107     1173     968      579      1706     432      1486     702      801      1607     1504     736      393      511      1119     1254     1428     839      1160     1151     1573     1082     763      1348     1027     
40       1366     1327     1571     1329     897      1453     441      251      564      711      1302     750      571      1035     1076     284      1401     710      473      935      340      249      1631     1140     193      1517     566      1448     885      1253     1169     212      1345     368      690      1229     1250     671      757      1329     0        811      1418     945      766      767      677      1152     1544     577      860      554      207      1435     830      1293     236      518      386      1012     816      1428     301      925      835      522      467      614      941      1079     1083     860      445      956      749      271      600      744      1469     506      370      
41       1027     525      1039     571      619      1027     371      586      459      688      511      97       1150     233      504      892      837      1106     634      264      756      824      856      475      941      754      564      660      283      608      395      912      548      885      676      928      521      1017     1030     734      811      0        819      238      416      386      822      460      968      254      776      904      606      716      819      520      672      464      614      835      975      1051     850      115      87       917      815      294      504      842      489      530      738      995      426      777      861      1037     659      1095     699      
42       457      589      235      1009     1423     342      1040     1278     855      816      887      796      1451     662      348      1334     65       1269     993      562      1505     1289     1113     1115     1457     1092     880      956      575      1215     511      1590     866      1271     1494     480      359      1186     1839     90       1418     819      0        581      1232     1202     1636     1075     149      904      741      1692     1227     273      815      460      1194     1261     1054     633      1793     418      1577     782      884      1697     1594     826      480      559      1189     1335     1518     891      1244     1236     1662     1148     794      1425     1111     
43       812      410      801      635      852      798      515      754      461      612      537      223      1175     178      273      959      598      1081     646      43       956      897      874      628      1041     794      546      673      109      753      230      1081     553      930      912      726      310      989      1261     496      945      238      581      0        654      624      1056     599      730      373      657      1124     739      504      716      350      762      687      661      676      1212     829      1041     227      309      1134     1031     337      320      664      672      763      953      879      664      845      1088     990      607      1128     741      
44       1433     835      1455     639      213      1442     472      519      724      987      661      469      1266     591      921      967      1252     1301     841      681      540      900      933      407      948      813      822      784      694      499      766      764      714      1001     291      1324     912      1224     663      1149     766      416      1232     654      0        30       453      433      1381     482      1109     591      619      1100     1133     879      751      248      779      1199     584      1462     651      456      348      619      534      582      903      1221     327      130      469      1310     21       872      525      1267     873      1202     851      
45       1404     806      1425     621      239      1412     457      518      703      966      639      440      1258     561      891      960      1222     1288     825      651      553      893      917      393      947      797      803      764      665      491      736      773      691      992      319      1297     881      1210     690      1119     767      386      1202     624      30       0        480      417      1351     460      1085     613      614      1070     1111     849      743      252      765      1174     614      1433     663      426      318      641      553      559      875      1195     319      153      486      1289     46       863      549      1251     849      1194     838      
46       1762     1286     1846     1071     394      1799     671      527      952      1201     1108     840      1249     1029     1301     954      1646     1366     991      1074     337      904      1349     827      866      1229     1024     1221     1067     881      1203     550      1161     1025     162      1639     1341     1310     210      1548     677      822      1636     1056     453      480      0        861      1783     767      1346     194      656      1535     1347     1322     801      381      903      1469     167      1804     410      890      775      239      223      868      1241     1512     727      430      232      1510     434      902      111      1373     1323     1184     944      
47       1399     535      1311     210      490      1361     761      901      916      1147     267      556      1580     438      854      1300     1115     1559     1083     641      969      1231     500      44       1316     380      1021     360      693      154      564      1184     318      1311     701      1322     717      1471     1061     1010     1152     460      1075     599      433      417      861      0        1218     688      1228     1018     972      866      1275     633      1075     660      1050     1269     961      1405     1079     385      382      1050     967      750      917      1263     148      432      902      1449     454      1191     947      1495     485      1520     1133     
48       433      717      105      1141     1572     288      1178     1415     979      911      1019     942      1537     810      488      1443     143      1341     1105     709      1646     1402     1223     1259     1572     1212     994      1078     719      1354     655      1722     995      1374     1643     498      501      1262     1986     235      1544     968      149      730      1381     1351     1783     1218     0        1045     817      1836     1357     381      888      593      1316     1408     1172     690      1941     374      1714     931      1033     1840     1737     963      603      610      1335     1484     1661     939      1393     1349     1808     1217     908      1516     1224     
49       995      752      1096     821      693      1034     142      383      245      506      766      176      898      462      557      637      904      871      395      368      601      569      1111     695      691      1007     349      915      332      826      592      709      802      632      653      875      682      785      956      814      577      254      904      373      482      460      767      688      1045     0        627      793      369      873      651      717      419      386      363      725      933      1037     676      368      311      795      692      104      475      756      681      612      618      829      480      522      773      815      908      841      448      
