
sets
i        orders          /0*80/
k        routes          /1*80/
p        positions       /0*80/
;

alias(i,j)
alias(i,h)
alias(i,hh)
alias(i,jj)
alias(k,kk)
                
                    Parameters

rho(i)	Processing time
/
0	0
1	46
2	60
3	34
4	57
5	76
6	5
7	84
8	26
9	7
10	96
11	52
12	81
13	31
14	21
15	6
16	18
17	35
18	66
19	23
20	36
21	6
22	26
23	96
24	25
25	72
26	95
27	18
28	59
29	50
30	51
31	61
32	91
33	65
34	27
35	71
36	85
37	35
38	74
39	14
40	53
41	53
42	19
43	34
44	56
45	6
46	66
47	47
48	11
49	72
50	6
51	91
52	38
53	97
54	78
55	70
56	21
57	29
58	78
59	46
60	33
61	92
62	54
63	43
64	84
65	25
66	9
67	96
68	7
69	85
70	90
71	9
72	74
73	92
74	39
75	92
76	4
77	72
78	70
79	35
80	1
/

gamma(i)	Duedate
/
0	0
1	93
2	20
3	81
4	22
5	31
6	42
7	64
8	43
9	94
10	24
11	48
12	13
13	44
14	51
15	52
16	8
17	21
18	87
19	48
20	88
21	56
22	53
23	51
24	45
25	57
26	19
27	31
28	94
29	68
30	33
31	10
32	41
33	83
34	64
35	2
36	26
37	98
38	98
39	50
40	14
41	34
42	28
43	55
44	26
45	47
46	57
47	14
48	54
49	18
50	43
51	27
52	83
53	75
54	27
55	52
56	74
57	66
58	66
59	55
60	90
61	76
62	28
63	72
64	28
65	87
66	93
67	56
68	62
69	91
70	64
71	35
72	24
73	46
74	39
75	81
76	38
77	91
78	83
79	89
80	44
/

sigma(i)	Size
/
0	0
1	1
2	2
3	6
4	8
5	3
6	9
7	7
8	9
9	7
10	4
11	8
12	1
13	9
14	8
15	1
16	6
17	7
18	7
19	9
20	5
21	2
22	4
23	1
24	9
25	4
26	5
27	3
28	5
29	3
30	6
31	2
32	4
33	1
34	1
35	8
36	5
37	4
38	1
39	7
40	2
41	2
42	7
43	3
44	4
45	1
46	8
47	6
48	5
49	1
50	6
51	4
52	2
53	7
54	6
55	7
56	6
57	5
58	1
59	4
60	7
61	2
62	8
63	9
64	2
65	2
66	5
67	5
68	1
69	2
70	2
71	5
72	3
73	3
74	5
75	4
76	2
77	4
78	6
79	8
80	6
/

epsilon(i)	Priority
/
0	0
1	9
2	1
3	1
4	3
5	6
6	9
7	8
8	2
9	1
10	8
11	1
12	6
13	4
14	8
15	1
16	7
17	5
18	9
19	3
20	5
21	1
22	1
23	5
24	2
25	5
26	7
27	6
28	2
29	3
30	7
31	3
32	6
33	2
34	3
35	3
36	7
37	3
38	9
39	2
40	2
41	2
42	7
43	1
44	8
45	4
46	1
47	5
48	3
49	4
50	4
51	4
52	1
53	8
54	6
55	6
56	1
57	3
58	8
59	4
60	7
61	2
62	2
63	4
64	3
65	2
66	3
67	1
68	7
69	3
70	4
71	3
72	4
73	1
74	2
75	3
76	1
77	7
78	6
79	2
80	6
/

psi	Vehicle Capacity
/ 37 /
;

Table kappa(i,j)                 Setup
         0        1        2        3        4        5        6        7        8        9        10       11       12       13       14       15       16       17       18       19       20       21       22       23       24       25       26       27       28       29       30       31       32       33       34       35       36       37       38       39       40       41       42       43       44       45       46       47       48       49       50       51       52       53       54       55       56       57       58       59       60       61       62       63       64       65       66       67       68       69       70       71       72       73       74       75       76       77       78       79       80       
0        0        930      965      488      205      1072     758      591      863      109      299      926      698      187      670      602      987      660      250      1227     587      628      700      844      646      409      631      785      608      832      729      424      896      173      264      928      791      1054     764      528      1103     530      237      383      715      407      395      913      231      348      671      1226     1061     979      785      318      147      709      439      1188     1051     1015     1044     741      564      455      595      1029     1000     673      500      837      462      532      605      947      305      871      832      208      314      
1        930      0        848      1397     1126     501      439      1445     433      1003     882      435      1025     886      416      1376     1489     337      833      410      356      435      557      759      318      1247     1558     375      676      391      202      1158     860      806      981      874      147      768      268      1193     474      531      1046     1255     1612     1226     1318     1480     1160     1275     1212     531      590      679      786      1237     783      573      534      315      743      700      577      328      1307     628      587      411      1493     848      871      901      1158     751      662      538      626      1331     934      1064     987      
2        965      848      0        1402     1043     1325     1130     1542     1187     944      687      1219     1510     1080     502      1567     1906     606      716      1251     848      520      354      1423     893      981      1382     1092     367      458      811      1380     84       796      1194     60       755      1527     975      1472     1311     1034     870      1030     1326     1372     1293     1849     1094     1237     1583     1379     356      197      1410     1110     892      1209     929      1142     1507     1461     353      1017     1527     543      1142     513      1916     313      1293     177      1410     432      375      1310     844      1767     212      1173     1233     
3        488      1397     1402     0        359      1442     1140     184      1241     465      717      1304     798      517      1159     324      831      1147     701      1646     1043     1116     1177     1101     1092     505      315      1185     1070     1320     1194     369      1326     654      450      1357     1266     1329     1197     452      1484     924      535      439      502      249      110      725      307      166      616      1609     1541     1447     1028     312      625      1047     872      1626     1336     1312     1525     1160     359      934      945      1517     847      1092     708      1251     411      979      1069     1294     775      789      1236     335      472      
4        205      1126     1043     359      0        1277     962      510      1067     124      358      1130     830      355      831      578      1037     837      351      1432     789      790      830      1026     849      244      432      990      715      988      927      466      966      328      379      998      984      1243     969      579      1308     733      179      198      510      395      250      948      51       194      745      1431     1194     1092     963      113      349      907      645      1391     1242     1208     1178     947      566      593      793      1186     1051     732      657      892      513      621      715      1148     507      945      878      252      428      
5        1072     501      1325     1442     1277     0        314      1425     209      1174     1159     147      805      944      841      1307     1242     737      1091     294      561      840      996      437      493      1466     1681     296      1081     872      524      1112     1324     1021     991      1343     570      318      374      1098     58       543      1266     1452     1787     1215     1395     1268     1293     1368     1044     172      1091     1170     501      1387     940      395      642      370      291      261      1078     360      1230     969      497      912      1240     1258     758      1347     1091     1126     1067     158      800      1091     1375     1118     971      
6        758      439      1130     1140     962      314      0        1140     105      859      858      168      602      633      627      1036     1066     523      789      514      292      613      779      324      237      1153     1369     66       835      709      334      829      1112     712      690      1135     419      398      179      833      347      228      954      1138     1473     923      1088     1068     979      1058     815      472      966      1006     346      1073     626      138      331      522      381      334      950      121      961      698      200      812      1068     1007     490      1118     815      861      821      205      491      908      1141     811      676      
7        591      1445     1542     184      510      1425     1140     0        1235     597      855      1295     709      562      1253     167      663      1227     828      1653     1089     1210     1291     1049     1130     684      476      1191     1196     1414     1244     313      1468     764      465      1500     1324     1274     1222     353      1472     939      689      618      671      220      281      555      459      331      494      1596     1651     1569     974      485      709      1031     911      1647     1284     1266     1634     1178     228      1046     940      1609     680      1237     669      1398     338      1112     1193     1272     842      642      1386     396      466      
8        863      433      1187     1241     1067     209      105      1235     0        964      957      63       663      737      688      1126     1121     583      888      426      372      679      843      337      309      1257     1474     99       911      750      377      923      1176     814      791      1197     448      345      212      920      243      333      1058     1243     1578     1020     1191     1131     1084     1162     888      368      996      1051     379      1178     731      209      434      450      323      277      981      175      1050     783      296      831      1121     1086     576      1189     906      945      896      122      593      964      1214     914      774      
9        109      1003     944      465      124      1174     859      597      964      0        258      1027     798      292      708      637      1059     712      235      1317     671      666      713      953      733      300      555      883      604      866      805      487      871      203      352      903      860      1162     855      597      1202     632      136      278      620      444      361      978      168      307      750      1324     1077     981      894      234      235      816      535      1273     1159     1123     1061     836      611      472      702      1064     1072     640      605      803      529      516      603      1052     390      952      793      260      404      
10       299      882      687      717      358      1159     858      855      957      258      0        1014     965      461      518      891      1285     555      73       1246     605      481      485      1033     673      376      745      863      360      663      705      723      613      175      558      645      734      1217     800      827      1176     653      199      400      751      697      608      1212     409      553      966      1288     844      735      988      439      297      856      533      1181     1208     1166     829      800      859      269      749      857      1297     382      751      545      761      263      361      1063     373      1165     537      502      606      
11       926      435      1219     1304     1130     147      168      1295     63       1027     1014     0        709      801      724      1184     1162     619      946      372      422      718      880      366      357      1319     1537     151      954      774      408      983      1211     874      853      1232     470      333      247      977      180      396      1119     1305     1641     1082     1254     1178     1148     1225     939      305      1012     1075     417      1241     793      266      495      408      308      264      998      221      1108     833      358      841      1162     1130     634      1228     965      993      940      103      653      1007     1254     977      836      
12       698      1025     1510     798      830      805      602      709      663      798      965      709      0        512      1051     556      465      971      896      1081     735      1018     1167     376      732      1073     1102     668      1150     1187     865      429      1463     792      451      1493     960      585      757      356      861      520      933      1027     1266     549      804      468      813      806      246      975      1457     1446     305      905      670      464      592      1113     600      592      1440     697      483      973      439      1340     468      1280     219      1432     386      1119     1139     648      668      306      1440     582      401      
13       187      886      1080     517      355      944      633      562      737      292      461      801      512      0        710      520      833      671      398      1131     530      669      776      671      576      585      737      672      714      870      684      309      1019     297      116      1051     762      889      679      392      981      410      424      550      854      345      455      770      358      424      510      1106     1122     1064     609      456      188      560      355      1109     888      856      1104     643      464      541      449      1059     844      810      313      971      332      657      707      807      285      706      972      182      153      
14       670      416      502      1159     831      841      627      1253     688      708      518      724      1051     710      0        1230     1482     105      490      823      347      42       156      924      390      895      1251     591      259      161      317      1019     487      507      825      509      285      1025     477      1089     834      546      708      916      1270     1049     1062     1442     875      1011     1167     919      416      397      916      933      543      709      458      732      1006     959      398      515      1174     249      651      358      1490     432      845      506      1037     339      245      811      428      1333     535      856      851      
15       602      1376     1567     324      578      1307     1036     167      1126     637      891      1184     556      520      1230     0        507      1191     852      1550     1025     1189     1288     911      1058     786      633      1093     1208     1391     1180     219      1498     772      408      1530     1265     1133     1138     210      1357     854      751      722      825      194      394      402      533      431      330      1479     1640     1574     836      583      693      918      845      1554     1145     1131     1623     1089     76       1046     837      1579     523      1272     550      1436     221      1135     1204     1151     806      475      1428     393      392      
16       987      1489     1906     831      1037     1242     1066     663      1121     1059     1285     1162     465      833      1482     507      0        1412     1228     1528     1187     1446     1581     805      1191     1267     1138     1133     1539     1628     1325     574      1849     1130     727      1881     1419     973      1222     462      1300     975      1190     1207     1332     648      895      109      1000     925      323      1405     1896     1868     746      1068     1019     927      1029     1570     994      1001     1879     1163     484      1363     902      1792     16       1644     640      1804     530      1489     1531     1090     1068     158      1805     800      681      
17       660      337      606      1147     837      737      523      1227     583      712      555      619      971      671      105      1191     1412     0        514      734      250      104      261      824      287      928      1265     486      350      215      213      975      593      509      783      614      194      920      372      1037     732      458      733      943      1299     1016     1055     1378     878      1007     1103     821      486      490      820      944      522      610      383      649      901      854      468      410      1131     293      559      389      1419     527      772      610      989      416      336      705      386      1260     638      831      804      
18       250      833      716      701      351      1091     789      828      888      235      73       946      896      398      490      852      1228     514      0        1187     542      451      479      960      610      414      761      795      369      643      649      674      646      104      500      678      685      1144     737      774      1110     581      218      428      785      657      596      1159     399      541      907      1224     843      745      915      445      226      784      461      1126     1135     1094     827      734      815      244      676      840      1240     422      682      586      709      284      367      993      301      1104     582      459      547      
19       1227     410      1251     1646     1432     294      514      1653     426      1317     1246     372      1081     1131     823      1550     1528     734      1187     0        650      837      967      723      585      1591     1855     462      1082     797      543      1344     1268     1138     1199     1281     540      609      462      1345     235      722      1387     1588     1938     1436     1586     1548     1457     1551     1312     183      960      1072     782      1545     1083     635      789      119      582      555      951      488      1475     1013     714      773      1527     1256     1001     1312     1330     1150     1068     438      928      1375     1345     1313     1188     
20       587      356      848      1043     789      561      292      1089     372      671      605      422      735      530      347      1025     1187     250      542      650      0        327      494      576      68       941      1219     273      543      458      155      806      824      488      626      849      241      689      194      849      572      215      737      938      1290     870      968      1163     819      927      889      683      728      741      570      902      440      361      180      601      672      626      712      201      958      411      310      605      1193     715      549      827      810      572      529      491      282      1032     849      709      634      
21       628      435      520      1116     790      840      613      1210     679      666      481      718      1018     669      42       1189     1446     104      451      837      327      0        166      902      375      857      1211     581      246      204      316      978      498      465      783      522      296      1011     471      1049     836      519      669      878      1232     1007     1020     1404     834      969      1129     925      455      428      892      892      501      688      426      749      993      947      438      505      1133     212      625      400      1454     423      810      510      996      316      232      801      388      1297     536      814      811      
22       700      557      354      1177     830      996      779      1291     843      713      485      880      1167     776      156      1288     1581     261      479      967      494      166      0        1068     542      850      1230     746      144      205      473      1085     332      527      892      355      435      1178     633      1166     989      680      684      882      1224     1099     1074     1533     879      1020     1261     1071     363      288      1055     922      594      854      579      870      1159     1112     347      669      1238     244      788      381      1590     295      954      351      1109     247      136      966      512      1436     381      900      926      
23       844      759      1423     1101     1026     437      324      1049     337      953      1033     366      376      671      924      911      805      824      960      723      576      902      1068     0        539      1253     1379     385      1098     1023     654      742      1395     864      674      1421     741      227      503      702      494      401      1074     1221     1517     856      1079     831      1027     1065     620      603      1285     1314     74       1125     751      214      521      773      235      219      1269     444      835      939      293      1136     804      1260     394      1389     710      1103     1085     285      666      654      1407     814      638      
24       646      318      893      1092     849      493      237      1130     309      733      673      357      732      576      390      1058     1191     287      610      585      68       375      542      539      0        1006     1277     210      601      484      133      840      874      553      665      898      227      635      126      875      504      218      802      1002     1353     910      1020     1173     877      981      902      614      749      775      541      963      500      326      221      542      618      571      733      135      988      476      295      613      1196     776      560      882      840      636      587      430      343      1034     906      757      669      
25       409      1247     981      505      244      1466     1153     684      1257     300      376      1319     1073     585      895      786      1267     928      414      1591     941      857      850      1253     1006     0        401      1172     714      1037     1060     703      898      452      622      927      1100     1463     1132     816      1492     928      204      65       375      619      402      1173     270      356      984      1611     1199     1073     1193     202      527      1116     824      1536     1460     1424     1185     1120     787      645      1002     1229     1282     670      895      811      751      609      718      1349     669      1184     788      496      672      
26       631      1558     1382     315      432      1681     1369     476      1474     555      745      1537     1102     737      1251     633      1138     1265     761      1855     1219     1211     1230     1379     1277     401      0        1404     1101     1404     1359     673      1300     757      706      1329     1416     1605     1394     764      1717     1143     547      353      197      554      300      1031     399      315      931      1842     1588     1468     1308     321      778      1295     1066     1819     1608     1580     1573     1367     674      1005     1186     1600     1155     1071     986      1213     718      998      1104     1543     937      1104     1189     568      741      
27       785      375      1092     1185     990      296      66       1191     99       883      863      151      668      672      591      1093     1133     486      795      462      273      581      746      385      210      1172     1404     0        811      661      286      883      1079     725      737      1101     364      435      123      892      319      262      971      1160     1501     974      1128     1134     1010     1096     878      440      913      961      411      1102     648      205      348      461      415      368      898      76       1018     684      256      755      1135     986      550      1090     871      845      797      221      504      974      1115     853      726      
28       608      676      367      1070     715      1081     835      1196     911      604      360      954      1150     714      259      1208     1539     350      369      1082     543      246      144      1098     601      714      1101     811      0        348      560      1016     313      436      828      343      542      1231     708      1106     1080     698      558      749      1086     1015     964      1482     766      909      1216     1171     487      376      1076     800      526      889      585      991      1215     1169     472      736      1165     177      808      525      1549     177      932      290      1044     105      14       1032     481      1401     308      816      867      
29       832      391      458      1320     988      872      709      1414     750      866      663      774      1187     870      161      1391     1628     215      643      797      458      204      205      1023     484      1037     1404     661      348      0        375      1178     471      666      984      483      304      1095     539      1245     854      671      858      1063     1412     1210     1222     1592     1034     1170     1316     921      270      301      1025     1088     705      810      598      692      1073     1027     253      588      1333     398      769      198      1634     495      988      518      1194     448      338      870      586      1476     554      1018     1009     
30       729      202      811      1194     927      524      334      1244     377      805      705      408      865      684      317      1180     1325     213      649      543      155      316      473      654      133      1060     1359     286      560      375      0        961      803      612      781      823      94       721      165      1002     519      351      857      1064     1419     1025     1116     1306     960      1073     1034     613      632      674      663      1039     582      445      335      476      700      653      616      213      1112     471      427      485      1329     738      692      823      964      616      546      499      424      1167     851      861      789      
31       424      1158     1380     369      466      1112     829      313      923      487      723      983      429      309      1019     219      574      975      674      1344     806      978      1085     742      840      703      673      883      1016     1178     961      0        1315     584      194      1347     1046     969      922      113      1159     638      616      647      843      119      379      491      433      388      282      1283     1432     1373     667      512      492      718      626      1342     977      957      1414     875      155      847      629      1364     587      1096     356      1260     49       950      1010     958      591      480      1256     226      173      
32       896      860      84       1326     966      1324     1112     1468     1176     871      613      1211     1463     1019     487      1498     1849     593      646      1268     824      498      332      1395     874      898      1300     1079     313      471      803      1315     0        731      1132     32       756      1510     965      1410     1313     1000     792      949      1242     1303     1216     1790     1018     1160     1526     1388     414      252      1378     1031     831      1183     891      1162     1492     1445     409      1002     1460     490      1110     555      1860     234      1245     94       1346     365      323      1298     795      1713     131      1105     1173     
33       173      806      796      654      328      1021     712      764      814      203      175      874      792      297      507      772      1130     509      104      1138     488      465      527      864      553      452      757      725      436      666      612      584      731      0        404      763      661      1054     679      680      1043     495      248      451      807      579      555      1063     370      504      807      1161     889      806      816      435      122      695      381      1085     1047     1006     872      669      730      282      585      864      1141     515      577      677      616      366      432      914      221      1003     676      379      448      
34       264      981      1194     450      379      991      690      465      791      352      558      853      451      116      825      408      727      783      500      1199     626      783      892      674      665      622      706      737      828      984      781      194      1132     404      0        1163     862      899      758      278      1033     478      489      577      845      244      409      659      366      391      408      1158     1237     1180     605      462      302      598      446      1186     902      874      1220     717      349      657      495      1171     739      919      285      1081     217      768      821      846      398      607      1080     141      51       
35       928      874      60       1357     998      1343     1135     1500     1197     903      645      1232     1493     1051     509      1530     1881     614      678      1281     849      522      355      1421     898      927      1329     1101     343      483      823      1347     32       763      1163     0        773      1533     986      1442     1330     1027     823      978      1270     1336     1248     1821     1050     1192     1557     1403     408      247      1405     1062     863      1208     919      1173     1515     1468     404      1025     1492     521      1137     557      1891     265      1275     119      1378     397      353      1320     825      1744     151      1137     1205     
36       791      147      755      1266     984      570      419      1324     448      860      734      470      960      762      285      1265     1419     194      685      540      241      296      435      741      227      1100     1416     364      542      304      94       1046     756      661      862      773      0        794      242      1091     557      444      900      1109     1466     1106     1183     1400     1019     1139     1127     636      548      605      754      1094     645      536      420      455      772      725      534      297      1199     482      521      394      1424     717      786      786      1051     611      528      567      491      1262     817      936      873      
37       1054     768      1527     1329     1243     318      398      1274     345      1162     1217     333      585      889      1025     1133     973      920      1144     609      689      1011     1178     227      635      1463     1605     435      1231     1095     721      969      1510     1054     899      1533     794      0        556      925      375      565      1277     1435     1740     1084     1306     1016     1247     1290     831      451      1341     1395     301      1345     948      360      686      688      27       68       1326     510      1058     1087     469      1173     968      1402     621      1516     937      1252     1217     230      843      832      1539     1038     864      
38       764      268      975      1197     969      374      179      1222     212      855      800      247      757      679      477      1138     1222     372      737      462      194      471      633      503      126      1132     1394     123      708      539      165      922      965      679      758      986      242      556      0        945      380      284      928      1126     1475     1002     1130     1215     995      1093     951      488      790      839      522      1082     620      307      328      430      535      488      775      60       1065     596      322      634      1225     885      612      981      916      752      694      334      465      1064     1007     861      756      
39       528      1193     1472     452      579      1098     833      353      920      597      827      977      356      392      1089     210      462      1037     774      1345     849      1049     1166     702      875      816      764      892      1106     1245     1002     113      1410     680      278      1442     1091     925      945      0        1148     663      728      759      941      213      478      384      546      494      172      1270     1505     1455     627      623      579      711      672      1354     936      921      1488     894      133      934      635      1427     475      1195     344      1358     67       1045     1099     941      661      368      1356     337      240      
40       1103     474      1311     1484     1308     58       347      1472     243      1202     1176     180      861      981      834      1357     1300     732      1110     235      572      836      989      494      504      1492     1717     319      1080     854      519      1159     1313     1043     1033     1330     557      375      380      1148     0        575      1290     1480     1819     1260     1434     1325     1326     1405     1098     125      1064     1150     558      1419     967      441      668      315      347      319      1052     376      1280     976      538      882      1298     1257     806      1340     1140     1130     1065     212      823      1148     1369     1157     1015     
41       530      531      1034     924      733      543      228      939      333      632      653      396      520      410      546      854      975      458      581      722      215      519      680      401      218      928      1143     262      698      671      351      638      1000     495      478      1027     444      565      284      663      575      0        731      910      1244     720      865      955      751      833      684      699      941      944      378      844      401      204      122      707      555      513      924      239      782      537      109      820      980      858      342      989      633      701      686      421      279      819      1006     590      473      
42       237      1046     870      535      179      1266     954      689      1058     136      199      1119     933      424      708      751      1190     733      218      1387     737      669      684      1074     802      204      547      971      558      858      857      616      792      248      489      823      900      1277     928      728      1290     731      0        210      567      562      425      1106     230      369      885      1409     1043     931      1018     242      331      924      624      1332     1272     1234     1028     917      732      460      811      1054     1204     558      738      715      660      458      560      1153     467      1087     700      390      540      
43       383      1255     1030     439      198      1452     1138     618      1243     278      400      1305     1027     550      916      722      1207     943      428      1588     938      878      882      1221     1002     65       353      1160     749      1063     1064     647      949      451      577      978      1109     1435     1126     759      1480     910      210      0        357      559      337      1112     216      292      929      1600     1236     1114     1160     139      512      1093     811      1537     1433     1398     1222     1111     726      667      979      1257     1222     718      855      864      695      646      753      1330     661      1127     842      446      626      
44       715      1612     1326     502      510      1787     1473     671      1578     620      751      1641     1266     854      1270     825      1332     1299     785      1938     1290     1232     1224     1517     1353     375      197      1501     1086     1412     1419     843      1242     807      845      1270     1466     1740     1475     941      1819     1244     567      357      0        728      463      1226     496      460      1111     1941     1568     1436     1450     400      855      1413     1154     1891     1741     1709     1555     1456     861      1020     1301     1604     1348     1025     1130     1151     890      980      1091     1657     1010     1291     1122     704      886      
45       407      1226     1372     249      395      1215     923      220      1020     444      697      1082     549      345      1049     194      648      1016     657      1436     870      1007     1099     856      910      619      554      974      1015     1210     1025     119      1303     579      244      1336     1106     1084     1002     213      1260     720      562      559      728      0        265      554      354      283      385      1385     1454     1383     783      420      506      819      691      1428     1092     1070     1437     959      171      856      724      1402     663      1077     466      1241     163      940      1011     1063     630      575      1234     199      247      
46       395      1318     1293     110      250      1395     1088     281      1191     361      608      1254     804      455      1062     394      895      1055     596      1586     968      1020     1074     1079     1020     402      300      1128     964      1222     1116     379      1216     555      409      1248     1183     1306     1130     478      1434     865      425      337      463      265      0        794      198      55       650      1560     1438     1341     1008     204      538      1005     802      1560     1310     1283     1422     1097     411      833      898      1420     910      982      686      1141     426      871      963      1253     693      836      1125     276      441      
47       913      1480     1849     725      948      1268     1068     555      1131     978      1212     1178     468      770      1442     402      109      1378     1159     1548     1163     1404     1533     831      1173     1173     1031     1134     1482     1592     1306     491      1790     1063     659      1821     1400     1016     1215     384      1325     955      1106     1112     1226     554      794      0        908      826      275      1435     1858     1821     767      972      958      931      998      1582     1035     1037     1841     1157     386      1308     893      1763     125      1578     614      1740     451      1427     1475     1113     1021     184      1739     718      616      
48       231      1160     1094     307      51       1293     979      459      1084     168      409      1148     813      358      875      533      1000     878      399      1457     819      834      879      1027     877      270      399      1010     766      1034     960      433      1018     370      366      1050     1019     1247     995      546      1326     751      230      216      496      354      198      908      0        143      714      1450     1243     1143     962      97       378      917      668      1419     1247     1215     1227     970      525      640      805      1232     1014     784      650      944      481      672      765      1161     537      914      930      231      414      
49       348      1275     1237     166      194      1368     1058     331      1162     307      553      1225     806      424      1011     431      925      1007     541      1551     927      969      1020     1065     981      356      315      1096     909      1170     1073     388      1160     504      391      1192     1139     1290     1093     494      1405     833      369      292      460      283      55       826      143      0        667      1530     1384     1286     996      155      493      981      764      1522     1294     1265     1368     1063     441      779      872      1368     940      926      674      1085     437      816      908      1228     649      858      1070     253      428      
