

sets
i        orders          /0*40/
k        routes          /1*40/
p        positions       /0*40/
;

alias(i,j)
alias(i,h)
alias(i,hh)
alias(i,jj)
alias(k,kk)
                            Parameters

rho(i)	Processing time
/
0	0
1	27
2	26
3	21
4	27
5	62
6	52
7	67
8	5
9	15
10	42
11	56
12	48
13	9
14	90
15	55
16	91
17	92
18	86
19	81
20	44
21	13
22	55
23	84
24	35
25	24
26	15
27	2
28	2
29	78
30	87
31	76
32	8
33	90
34	36
35	24
36	71
37	21
38	78
39	87
40	26
/

gamma(i)	Duedate
/
0	0
1	51
2	29
3	61
4	36
5	73
6	9
7	52
8	70
9	44
10	97
11	36
12	20
13	55
14	73
15	19
16	74
17	23
18	68
19	9
20	56
21	22
22	50
23	6
24	19
25	32
26	73
27	66
28	4
29	39
30	23
31	99
32	29
33	97
34	35
35	83
36	12
37	8
38	80
39	30
40	96
/

sigma(i)	Size
/
0	0
1	8
2	9
3	8
4	2
5	6
6	4
7	6
8	9
9	3
10	5
11	1
12	7
13	8
14	3
15	6
16	9
17	5
18	8
19	4
20	8
21	6
22	5
23	3
24	9
25	1
26	6
27	3
28	5
29	2
30	4
31	4
32	6
33	3
34	9
35	5
36	4
37	8
38	5
39	8
40	4
/

epsilon(i)	Priority
/
0	0
1	7
2	8
3	4
4	5
5	8
6	2
7	7
8	5
9	4
10	1
11	9
12	4
13	5
14	3
15	9
16	4
17	2
18	5
19	8
20	8
21	8
22	2
23	6
24	1
25	1
26	1
27	9
28	7
29	2
30	2
31	8
32	8
33	3
34	4
35	8
36	9
37	6
38	3
39	8
40	5
/

psi	Vehicle Capacity
/ 175 /
;

Table kappa(i,j)                 Setup
         0        1        2        3        4        5        6        7        8        9        10       11       12       13       14       15       16       17       18       19       20       21       22       23       24       25       26       27       28       29       30       31       32       33       34       35       36       37       38       39       40       
0        0        245      247      217      135      103      407      278      125      183      305      89       312      283      111      233      331      58       122      323      326      386      238      271      294      396      192      330      24       230      418      69       264      143      122      243      297      119      274      432      194      
1        245      0        158      158      122      184      190      118      184      280      277      172      136      260      220      226      140      249      159      188      312      210      145      197      132      155      60       329      268      111      178      176      150      106      134      11       117      144      95       196      147      
2        247      158      0        290      129      253      191      274      267      168      119      159      89       102      156      80       112      214      125      75       154      145      14       341      70       226      176      171      270      47       235      201      300      183      137      168      86       134      252      238      53       
3        217      158      290      0        182      114      345      86       94       347      401      203      293      380      266      335      298      256      218      340      434      369      276      58       286      289      114      447      232      245      316      166      52       117      185      148      274      196      100      337      255      
4        135      122      129      182      0        123      272      200      139      171      224      51       179      202      100      154      197      127      40       199      255      256      117      239      162      265      90       266      159      100      285      74       208      65       12       124      163      21       185      298      81       
5        103      184      253      114      123      0        370      182      23       256      343      115      290      321      173      271      304      148      143      320      372      369      240      168      277      338      124      381      118      219      363      67       163      81       118      178      272      125      183      381      204      
6        407      190      191      345      272      370      0        280      373      359      267      320      103      264      338      266      80       390      291      138      297      80       191      372      123      87       249      317      431      182      73       344      323      288      284      199      113      288      257      60       231      
7        278      118      274      86       200      182      280      0        168      371      392      237      251      374      297      335      250      305      240      306      427      319      260      93       249      213      110      443      297      227      240      215      44       145      208      107      233      219      24       263      254      
8        125      184      267      94       139      23       373      168      0        278      361      136      298      339      195      290      310      172      162      331      391      377      253      146      286      336      124      400      139      230      361      89       145      88       135      177      279      143      172      380      220      
9        183      280      168      347      171      256      359      371      278      0        148      144      257      132      83       99       280      125      131      231      157      305      170      405      237      389      261      156      194      190      401      189      379      232      164      285      252      153      356      406      139      
10       305      277      119      401      224      343      267      392      361      148      0        231      183      22       194      73       203      255      200      130      35       194      132      455      170      326      290      54       322      166      328      280      415      287      226      287      190      218      371      324      145      
11       89       172      159      203      51       115      320      237      136      144      231      0        223      209      62       158      242      76       34       234      258      296      149      262      205      316      132      266      113      141      336      49       239      93       38       173      208      31       227      348      106      
12       312      136      89       293      179      290      103      251      298      257      183      223      0        175      236      167      23       290      192      61       217      79       88       334      20       143      182      237      336      82       147      254      286      210      190      147      19       192      227      149      129      
13       283      260      102      380      202      321      264      374      339      132      22       209      175      0        173      50       196      234      178      126      53       195      115      434      159      318      270      69       301      149      321      258      396      266      204      269      179      196      353      319      124      
14       111      220      156      266      100      173      338      297      195      83       194      62       236      173      0        124      258      61       60       231      215      301      151      324      217      350      189      219      128      156      366      106      301      154      90       223      225      79       285      376      107      
15       233      226      80       335      154      271      266      335      290      99       73       158      167      50       124      0        190      185      128      133      101      207      88       390      148      306      228      112      252      118      314      207      354      219      155      234      166      146      316      316      81       
16       331      140      112      298      197      304      80       250      310      280      203      242      23       196      258      190      0        311      213      76       237      70       111      336      43       122      191      256      355      102      125      271      287      223      208      150      34       211      225      126      151      
17       58       249      214      256      127      148      390      305      172      125      255      76       290      234      61       185      311      0        99       290      273      358      207      314      271      392      205      275      69       208      410      91       299      161      115      249      277      107      297      422      163      
18       122      159      125      218      40       143      291      240      162      131      200      34       192      178      60       128      213      99       0        200      229      264      115      276      174      294      130      238      145      110      312      80       247      101      33       162      179      21       226      323      72       
19       323      188      75       340      199      320      138      306      331      231      130      234      61       126      231      133      76       290      200      0        162      73       84       385      56       198      225      182      345      101      198      273      339      244      208      200      75       206      282      194      128      
20       326      312      154      434      255      372      297      427      391      157      35       258      217      53       215      101      237      273      229      162      0        222      167      488      204      359      324      20       342      201      360      307      450      319      256      322      225      247      406      356      178      
21       386      210      145      369      256      369      80       319      377      305      194      296      79       195      301      207      70       358      264      73       222      0        150      406      93       160      260      242      409      156      151      330      358      289      266      221      98       267      295      140      195      
22       238      145      14       276      117      240      191      260      253      170      132      149      88       115      151      88       111      207      115      84       167      150      0        327      68       221      162      184      261      33       231      189      285      169      125      154      82       122      239      235      44       
23       271      197      341      58       239      168      372      93       146      405      455      262      334      434      324      390      336      314      276      385      488      406      327      0        329      306      164      502      285      295      333      224      49       174      243      186      315      254      115      356      310      
24       294      132      70       286      162      277      123      249      286      237      170      205      20       159      217      148      43       271      174      56       204      93       68       329      0        159      173      224      318      63       165      237      283      198      173      143      20       175      226      168      109      
25       396      155      226      289      265      338      87       213      336      389      326      316      143      318      350      306      122      392      294      198      359      160      221      306      159      0        214      379      420      199      27       328      257      261      278      160      140      285      192      50       251      
26       192      60       176      114      90       124      249      110      124      261      290      132      182      270      189      228      191      205      130      225      324      260      162      164      173      214      0        338      214      131      239      123      125      49       99       54       163      110      95       257      147      
27       330      329      171      447      266      381      317      443      400      156      54       266      237      69       219      112      256      275      238      182      20       242      184      502      224      379      338      0        345      218      380      315      464      331      266      338      244      257      422      376      191      
28       24       268      270      232      159      118      431      297      139      194      322      113      336      301      128      252      355      69       145      345      342      409      261      285      318      420      214      345      0        254      442      92       281      165      146      266      321      143      294      456      216      
29       230      111      47       245      100      219      182      227      230      190      166      141      82       149      156      118      102      208      110      101      201      156      33       295      63       199      131      218      254      0        212      174      253      143      110      120      69       111      205      220      52       
30       418      178      235      316      285      363      73       240      361      401      328      336      147      321      366      314      125      410      312      198      360      151      231      333      165      27       239      380      442      212      0        350      285      285      298      184      149      304      219      23       264      
31       69       176      201      166      74       67       344      215      89       189      280      49       254      258      106      207      271      91       80       273      307      330      189      224      237      328      123      315      92       174      350      0        208      74       64       174      237      67       208      365      149      
32       264      150      300      52       208      163      323      44       145      379      415      239      286      396      301      354      287      299      247      339      450      358      285      49       283      257      125      464      281      253      285      208      0        146      214      139      268      225      66       307      273      
33       143      106      183      117      65       81       288      145      88       232      287      93       210      266      154      219      223      161      101      244      319      289      169      174      198      261      49       331      165      143      285      74       146      0        68       102      192      79       135      302      142      
34       122      134      137      185      12       118      284      208      135      164      226      38       190      204      90       155      208      115      33       208      256      266      125      243      173      278      99       266      146      110      298      64       214      68       0        136      174      11       194      311      86       
35       243      11       168      148      124      178      199      107      177      285      287      173      147      269      223      234      150      249      162      200      322      221      154      186      143      160      54       338      266      120      184      174      139      102      136      0        128      146      84       203      155      
36       297      117      86       274      163      272      113      233      279      252      190      208      19       179      225      166      34       277      179      75       225      98       82       315      20       140      163      244      321      69       149      237      268      192      174      128      0        177      209      153      119      
37       119      144      134      196      21       125      288      219      143      153      218      31       192      196      79       146      211      107      21       206      247      267      122      254      175      285      110      257      143      111      304      67       225      79       11       146      177      0        206      316      82       
38       274      95       252      100      185      183      257      24       172      356      371      227      227      353      285      316      225      297      226      282      406      295      239      115      226      192      95       422      294      205      219      208      66       135      194      84       209      206      0        242      235      
39       432      196      238      337      298      381      60       263      380      406      324      348      149      319      376      316      126      422      323      194      356      140      235      356      168      50       257      376      456      220      23       365      307      302      311      203      153      316      242      0        272      
40       194      147      53       255      81       204      231      254      220      139      145      106      129      124      107      81       151      163      72       128      178      195      44       310      109      251      147      191      216      52       264      149      273      142      86       155      119      82       235      272      0        
;



Table delta(i,j)                 Distance
         0        1        2        3        4        5        6        7        8        9        10       11       12       13       14       15       16       17       18       19       20       21       22       23       24       25       26       27       28       29       30       31       32       33       34       35       36       37       38       39       40       
0        0        5930     3970     3220     7040     5190     5360     8500     4130     4520     8220     8990     5870     7960     4880     3270     3240     4720     7210     5210     9520     10690    3370     7820     6760     3570     3130     8800     4560     8390     6760     3660     7350     3510     3130     8540     7530     7100     7900     6790     8680     
1        5930     0        457      529      933      912      354      511      250      400      355      331      97       216      563      774      475      927      386      109      620      601      792      883      251      735      368      690      219      335      904      723      297      617      492      791      946      555      1101     258      485      
2        3970     457      0        601      1046     904      648      917      211      81       800      650      518      580      737      372      75       866      365      465      1029     1054     390      1077     670      727      474      1038     238      543      1016     290      425      178      90       1077     1084     871      1162     379      908      
3        3220     529      601      0        450      383      286      580      492      619      612      860      471      743      166      648      546      406      815      422      668      829      659      481      482      211      166      568      518      851      420      675      779      631      546      532      484      403      591      725      612      
4        7040     933      1046     450      0        267      595      733      940      1069     872      1248     853      1132     369      1014     986      370      1258     823      762      998      1019     184      792      351      607      568      964      1268     29       1069     1210     1050     983      407      62       507      189      1158     790      
5        5190     912      904      383      267      0        634      864      848      944      954      1244     853      1127     412      795      835      102      1176     806      921      1132     797      433      841      184      546      753      881      1232     254      866      1154     869      827      625      329      641      277      1098     912      
6        5360     354      648      286      595      634      0        313      462      629      327      654      264      539      233      831      623      679      724      252      417      546      846      529      207      486      224      389      465      687      568      825      649      748      632      448      601      224      774      605      334      
7        8500     511      917      580      733      864      313      0        712      881      203      689      420      599      461      1140     906      930      892      458      112      269      1155     593      260      752      538      231      699      778      714      1126     788      1040     918      398      711      227      922      761      61       
8        4130     250      211      492      940      848      462      712      0        169      589      498      307      407      596      532      224      835      328      255      824      843      550      940      460      664      334      848      44       425      910      473      322      367      243      906      969      687      1081     266      699      
9        4520     400      81       619      1069     944      629      881      169      0        750      571      470      506      743      453      146      914      286      423      993      1001     471      1087     627      763      477      1016     184      462      1039     370      344      258      165      1069     1103     854      1195     298      866      
10       8220     355      800      612      872      954      327      203      589      750      0        486      282      401      543      1075     804      1004     715      339      290      256      1091     757      146      813      516      431      566      582      849      1042     604      945      819      586      861      375      1059     584      153      
11       8990     331      650      860      1248     1244     654      689      498      571      486      0        397      117      880      1015     698      1258     359      437      774      641      1034     1178     479      1067     700      910      454      144      1221     940      244      828      718      1047     1255     815      1423     275      639      
12       5870     97       518      471      853      853      264      420      307      470      282      397      0        280      483      805      523      876      483      66       530      537      823      794      160      681      322      593      286      423      825      765      394      665      539      694      862      458      1025     356      398      
13       7960     216      580      743      1132     1127     539      599      407      506      401      117      280      0        763      936      620      1143     349      320      692      591      954      1065     373      951      584      813      364      181      1104     868      228      756      640      942      1140     708      1306     234      554      
14       4880     563      737      166      369      412      233      461      596      743      543      880      483      763      0        814      691      470      900      454      534      725      825      344      438      292      265      409      613      898      341      838      844      787      693      365      384      255      543      794      504      
15       3270     774      372      648      1014     795      831      1140     532      453      1075     1015     805      936      814      0        317      721      733      741      1247     1330     18       1106     930      662      609      1197     572      914      988      106      797      201      297      1180     1066     1025     1073     749      1148     
16       3240     475      75       546      986      835      623      906      224      146      804      698      523      620      691      317      0        795      433      465      1018     1060     335      1026     668      660      432      1011     261      600      957      249      484      142      20       1039     1026     842      1097     434      902      
17       4720     927      866      406      370      102      679      930      835      914      1004     1258     876      1143     470      721      795      0        1161     824      996      1196     722      533      883      195      558      837      871      1235     356      799      1149     813      785      718      432      713      361      1093     975      
18       7210     386      365      815      1258     1176     724      892      328      286      715      359      483      349      900      733      433      1161     0        472      997      933      750      1239     635      992      652      1076     296      219      1228     641      121      532      452      1170     1282     937      1406     130      859      
19       5210     109      465      422      823      806      252      458      255      423      339      437      66       320      454      741      465      824      472      0        569      596      758      778      205      631      266      612      241      444      795      703      397      606      480      697      837      465      991      352      443      
20       9520     620      1029     668      762      921      417      112      824      993      290      774      530      692      534      1247     1018     996      997      569      0        249      1262     605      370      826      642      206      811      873      747      1235     890      1151     1030     387      732      282      948      866      139      
21       10690    601      1054     829      998      1132     546      269      843      1001     256      641      537      591      725      1330     1060     1196     933      596      249      0        1347     849      400      1014     757      455      818      766      981      1299     814      1202     1076     636      973      496      1187     806      221      
22       3370     792      390      659      1019     797      846      1155     550      471      1091     1034     823      954      825      18       335      722      750      758      1262     1347     0        1114     947      667      623      1210     591      932      993      120      815      218      315      1191     1072     1038     1075     768      1164     
23       7820     883      1077     481      184      433      529      593      940      1087     757      1178     794      1065     344      1106     1026     533      1239     778      605      849      1114     0        702      461      609      402      956      1217     184      1147     1175     1111     1027     230      135      381      352      1128     653      
24       6760     251      670      482      792      841      207      260      460      627      146      479      160      373      438      930      668      883      635      205      370      400      947      702      0        688      373      447      443      543      766      901      536      807      682      569      790      336      975      505      239      
25       3570     735      727      211      351      184      486      752      664      763      813      1067     681      951      292      662      660      195      992      631      826      1014     667      461      688      0        367      687      697      1050     325      719      970      708      654      597      405      545      436      914      793      
26       3130     368      474      166      607      546      224      538      334      477      516      700      322      584      265      609      432      558      652      266      642      757      623      609      373      367      0        593      357      686      577      609      613      542      437      606      634      420      756      559      554      
27       8800     690      1038     568      568      753      389      231      848      1016     431      910      593      813      409      1197     1011     837      1076     612      206      455      1210     402      447      687      593      0        845      988      555      1203     982      1133     1020     180      532      172      750      948      291      
28       4560     219      238      518      964      881      465      699      44       184      566      454      286      364      613      572      261      871      296      241      811      818      591      956      443      697      357      845      0        382      934      511      281      402      280      912      991      689      1110     224      683      
29       8390     335      543      851      1268     1232     687      778      425      462      582      144      423      181      898      914      600      1235     219      444      873      766      932      1217     543      1050     686      988      382      0        1239     831      117      719      620      1109     1282     874      1433     166      735      
30       6760     904      1016     420      29       254      568      714      910      1039     849      1221     825      1104     341      988      957      356      1228     795      747      981      993      184      766      325      577      555      934      1239     0        1042     1181     1022     954      400      80       487      210      1129     770      
31       3660     723      290      675      1069     866      825      1126     473      370      1042     940      765      868      838      106      249      799      641      703      1235     1299     120      1147     901      719      609      1203     511      831      1042     0        713      112      230      1201     1119     1030     1142     669      1128     
32       7350     297      425      779      1210     1154     649      788      322      344      604      244      394      228      844      797      484      1149     121      397      890      814      815      1175     536      970      613      982      281      117      1181     713      0        602      504      1088     1229     853      1368     56       751      
33       3510     617      178      631      1050     869      748      1040     367      258      945      828      665      756      787      201      142      813      532      606      1151     1202     218      1111     807      708      542      1133     402      719      1022     112      602      0        125      1146     1096     961      1141     556      1038     
34       3130     492      90       546      983      827      632      918      243      165      819      718      539      640      693      297      20       785      452      480      1030     1076     315      1027     682      654      437      1020     280      620      954      230      504      125      0        1044     1024     850      1091     454      915      
35       8540     791      1077     532      407      625      448      398      906      1069     586      1047     694      942      365      1180     1039     718      1170     697      387      636      1191     230      569      597      606      180      912      1109     400      1201     1088     1146     1044     0        364      235      582      1048     459      
36       7530     946      1084     484      62       329      601      711      969      1103     861      1255     862      1140     384      1066     1026     432      1282     837      732      973      1072     135      790      405      634      532      991      1282     80       1119     1229     1096     1024     364      0        490      218      1179     770      
37       7100     555      871      403      507      641      224      227      687      854      375      815      458      708      255      1025     842      713      937      465      282      496      1038     381      336      545      420      172      689      874      487      1030     853      961      850      235      490      0        696      813      282      
38       7900     1101     1162     591      189      277      774      922      1081     1195     1059     1423     1025     1306     543      1073     1097     361      1406     991      948      1187     1075     352      975      436      756      750      1110     1433     210      1142     1368     1141     1091     582      218      696      0        1314     979      
39       6790     258      379      725      1158     1098     605      761      266      298      584      275      356      234      794      749      434      1093     130      352      866      806      768      1128     505      914      559      948      224      166      1129     669      56       556      454      1048     1179     813      1314     0        728      
40       8680     485      908      612      790      912      334      61       699      866      153      639      398      554      504      1148     902      975      859      443      139      221      1164     653      239      793      554      291      683      735      770      1128     751      1038     915      459      770      282      979      728      0        
;

