

sets
i        orders          /0*40/
k        routes          /1*40/
p        positions       /0*40/
;

alias(i,j)
alias(i,h)
alias(i,hh)
alias(i,jj)
alias(k,kk)
                            Parameters

rho(i)	Processing time
/
0	0
1	49
2	95
3	77
4	85
5	37
6	9
7	81
8	20
9	16
10	63
11	80
12	26
13	56
14	8
15	36
16	71
17	38
18	91
19	66
20	70
21	16
22	70
23	35
24	88
25	77
26	5
27	26
28	2
29	28
30	46
31	27
32	72
33	89
34	80
35	61
36	6
37	42
38	66
39	7
40	11
/

gamma(i)	Duedate
/
0	0
1	31
2	76
3	85
4	86
5	54
6	69
7	11
8	44
9	86
10	33
11	26
12	95
13	6
14	59
15	86
16	89
17	11
18	85
19	95
20	73
21	45
22	11
23	14
24	70
25	53
26	62
27	59
28	4
29	18
30	83
31	17
32	7
33	14
34	39
35	73
36	16
37	67
38	2
39	97
40	38
/

sigma(i)	Size
/
0	0
1	4
2	7
3	1
4	6
5	2
6	9
7	3
8	4
9	7
10	4
11	9
12	3
13	5
14	5
15	8
16	2
17	2
18	8
19	8
20	3
21	4
22	9
23	7
24	5
25	6
26	8
27	1
28	1
29	4
30	9
31	4
32	7
33	2
34	2
35	7
36	5
37	6
38	9
39	9
40	2
/

epsilon(i)	Priority
/
0	0
1	1
2	5
3	4
4	7
5	5
6	2
7	5
8	7
9	7
10	5
11	2
12	1
13	9
14	6
15	4
16	1
17	4
18	4
19	4
20	6
21	4
22	9
23	4
24	7
25	4
26	5
27	5
28	6
29	2
30	5
31	6
32	6
33	5
34	3
35	9
36	7
37	3
38	7
39	6
40	8
/

psi	Vehicle Capacity
/ 122 /
;

Table kappa(i,j)                 Setup
         0        1        2        3        4        5        6        7        8        9        10       11       12       13       14       15       16       17       18       19       20       21       22       23       24       25       26       27       28       29       30       31       32       33       34       35       36       37       38       39       40       
0        0        311      375      153      372      125      237      154      381      378      84       335      238      310      67       345      344      11       242      133      218      230      375      311      118      235      155      91       64       246      368      383      297      86       188      345      374      136      310      261      312      
1        311      0        89       194      75       363      366      223      72       84       226      73       300      77       243      286      169      307      158      213      163      343      67       257      295      94       305      293      283      128      82       277      275      280      172      288      218      203      331      129      245      
2        375      89       0        276      19       403      376      308      46       126      292      41       304      160      309      252      122      373      166      257      252      353      93       232      333      181      333      338      356      144      7        228      257      326      259      254      162      283      315      135      219      
3        153      194      276      0        267      257      328      33       267      242      88       244      293      167      97       356      297      145      212      151      65       312      247      319      211      101      241      192      101      197      269      375      318      176      35       357      340      16       356      211      313      
4        372      75       19       267      0        406      385      298      27       106      289      47       314      143      306      267      138      370      174      258      239      362      74       246      336      169      338      340      351      149      17       245      270      328      247      270      180      275      328      142      233      
5        125      363      403      257      406      0        130      268      422      442      169      362      162      386      159      288      334      136      241      150      319      132      431      261      70       312      81       71       188      259      397      335      238      86       289      287      349      240      229      269      268      
6        237      366      376      328      385      130      0        349      408      450      244      338      73       412      242      188      276      247      212      181      379      22       430      173      123      347      88       149      290      239      372      240      144      160      353      186      273      314      112      243      184      
7        154      223      308      33       298      268      349      0        296      265      105      277      319      189      110      387      330      144      245      177      76       335      273      350      229      129      262      207      93       230      301      408      349      193      53       388      374      37       384      245      345      
8        381      72       46       267      27       422      408      296      0        81       296      71       338      128      314      295      166      378      196      273      233      385      49       273      353      166      357      355      355      170      45       273      297      342      244      298      208      276      355      164      260      
9        378      84       126      242      106      442      450      265      81       0        294      137      385      76       311      363      238      373      242      293      192      428      32       336      376      143      388      372      340      213      123      347      356      357      212      365      283      255      413      213      324      
10       84       226      292      88       289      169      244      105      296      294      0        254      218      228      17       302      275      81       176      80       149      230      290      265      123      152      156      104      73       173      285      331      258      88       119      302      311      72       286      188      263      
11       335      73       41       244      47       362      338      277      71       137      254      0        267      151      270      227      101      334      127      216      227      315      107      203      291      154      292      297      319      103      35       210      226      285      230      229      148      250      284      96       190      
12       238      300      304      293      314      162      73       319      338      385      218      267      0        353      221      126      203      246      143      142      336      51       363      105      121      293      87       147      278      172      300      176      77       152      313      125      202      282      72       174      114      
13       310      77       160      167      143      386      412      189      128      76       228      151      353      0        244      356      246      304      218      241      115      391      90       325      323      75       340      315      267      188      155      352      340      300      136      358      294      181      393      194      314      
14       67       243      309      97       306      159      242      110      314      311      17       270      221      244      0        311      289      64       189      88       161      229      307      274      119      169      154      97       61       188      302      342      265      82       131      311      324      81       291      203      273      
15       345      286      252      356      267      288      188      387      295      363      302      227      126      356      311      0        130      351      148      223      380      170      334      37       237      318      209      260      372      173      250      52       50       261      364      2        102      350      82       164      43       
16       344      169      122      297      138      334      276      330      166      238      275      101      203      246      289      130      0        346      101      211      299      254      208      114      267      228      255      281      347      102      121      108      142      274      293      133      48       297      198      87       101      
17       11       307      373      145      370      136      247      144      378      373      81       334      246      304      64       351      346      0        245      136      210      240      371      316      127      229      164      100      53       247      366      388      303      93       180      351      377      128      318      262      317      
18       242      158      166      212      174      241      212      245      196      242      176      127      143      218      189      148      101      245      0        110      231      189      219      112      172      171      167      183      249      29       161      162      122      174      217      149      134      209      175      31       104      
19       133      213      257      151      258      150      181      177      273      293      80       216      142      241      88       223      211      136      110      0        198      163      280      186      82       170      100      81       149      118      251      254      178      69       172      223      241      139      208      131      185      
20       218      163      252      65       239      319      379      76       233      192      149      227      336      115      161      380      299      210      231      198      0        361      203      344      268      73       295      252      164      209      245      391      349      236      30       381      346      82       393      221      336      
21       230      343      353      312      362      132      22       335      385      428      230      315      51       391      229      170      254      240      189      163      361      0        408      153      113      326      76       140      280      217      349      222      125      150      336      168      252      299      99       220      164      
22       375      67       93       247      74       431      430      273      49       32       290      107      363      90       307      334      208      371      219      280      203      408      0        309      362      146      372      361      342      191      91       316      330      347      220      336      252      259      387      189      296      
23       311      257      232      319      246      261      173      350      273      336      265      203      105      325      274      37       114      316      112      186      344      153      309      0        206      283      181      228      336      139      230      74       29       228      328      38       100      313      84       131      13       
24       118      295      333      211      336      70       123      229      353      376      123      291      121      323      119      237      267      127      172      82       268      113      362      206      0        250      37       26       167      188      326      280      187      37       239      236      286      196      193      199      210      
25       235      94       181      101      169      312      347      129      166      143      152      154      293      75       169      318      228      229      171      170      73       326      146      283      250      0        270      241      196      145      174      324      293      225      78       320      276      113      342      155      274      
26       155      305      333      241      338      81       88       262      357      388      156      292      87       340      154      209      255      164      167      100      295      76       372      181      37       270      0        64       204      188      327      255      158      73       268      208      268      227      158      197      187      
27       91       293      338      192      340      71       149      207      355      372      104      297      147      315      97       260      281      100      183      81       252      140      361      228      26       241      64       0        141      196      332      302      210      15       222      260      303      176      219      208      231      
28       64       283      356      101      351      188      290      93       355      340      73       319      278      267      61       372      347      53       249      149      164      280      342      336      167      196      204      141      0        245      349      403      326      130      135      372      384      86       349      260      334      
29       246      128      144      197      149      259      239      230      170      213      173      103      172      188      188      173      102      247      29       118      209      217      191      139      188      145      188      196      245      0        138      181      151      186      198      174      143      195      204      15       129      
30       368      82       7        269      17       397      372      301      45       123      285      35       300      155      302      250      121      366      161      251      245      349      91       230      326      174      327      332      349      138      0        228      254      320      251      253      162      276      312      130      217      
31       383      277      228      375      245      335      240      408      273      347      331      210      176      352      342      52       108      388      162      254      391      222      316      74       280      324      255      302      403      181      228      0        98       301      379      54       66       371      134      169      71       
32       297      275      257      318      270      238      144      349      297      356      258      226      77       340      265      50       142      303      122      178      349      125      330      29       187      293      158      210      326      151      254      98       0        211      330      49       130      311      58       146      42       
33       86       280      326      176      328      86       160      193      342      357      88       285      152      300      82       261      274      93       174      69       236      150      347      228      37       225      73       15       130      186      320      301      211      0        207      260      298      161      224      199      230      
34       188      172      259      35       247      289      353      53       244      212      119      230      313      136      131      364      293      180      217      172      30       336      220      328      239      78       268      222      135      198      251      379      330      207      0        365      339      52       372      211      321      
35       345      288      254      357      270      287      186      388      298      365      302      229      125      358      311      2        133      351      149      223      381      168      336      38       236      320      208      260      372      174      253      54       49       260      365      0        104      351      80       166      45       
36       374      218      162      340      180      349      273      374      208      283      311      148      202      294      324      102      48       377      134      241      346      252      252      100      286      276      268      303      384      143      162      66       130      298      339      104      0        339      180      129      89       
37       136      203      283      16       275      240      314      37       276      255      72       250      282      181      81       350      297      128      209      139      82       299      259      313      196      113      227      176      86       195      276      371      311      161      52       351      339      0        346      210      308      
38       310      331      315      356      328      229      112      384      355      413      286      284      72       393      291      82       198      318      175      208      393      99       387      84       193      342      158      219      349      204      312      134      58       224      372      80       180      346      0        201      97       
39       261      129      135      211      142      269      243      245      164      213      188      96       174      194      203      164      87       262      31       131      221      220      189      131      199      155      197      208      260      15       130      169      146      199      211      166      129      210      201      0        121      
40       312      245      219      313      233      268      184      345      260      324      263      190      114      314      273      43       101      317      104      185      336      164      296      13       210      274      187      231      334      129      217      71       42       230      321      45       89       308      97       121      0        
;



Table delta(i,j)                 Distance
         0        1        2        3        4        5        6        7        8        9        10       11       12       13       14       15       16       17       18       19       20       21       22       23       24       25       26       27       28       29       30       31       32       33       34       35       36       37       38       39       40       
0        0        5760     3730     7570     8840     3650     7030     7090     4330     3460     4470     4860     800      3300     5970     4420     2380     1800     7590     3180     5180     3100     3890     6660     4620     7500     2570     4630     9910     7180     6370     7310     2080     1140     1760     2910     4230     5400     3110     3780     3110     
1        5760     0        642      1007     340      401      651      134      992      904      179      396      627      790      302      1008     790      467      928      258      305      411      668      94       778      173      808      1000     1153     1070     552      1062     779      611      674      804      896      37       305      893      710      
2        3730     642      0        1130     983      243      1024     744      501      434      613      764      321      224      814      685      354      503      1128     463      752      233      758      734      136      790      572      461      1362     1085     942      1101     400      487      543      634      771      607      354      348      684      
3        7570     1007     1130     0        1116     1065     465      1115     959      916      831      617      816      1042     763      708      881      661      136      850      716      1017     384      1048     1211     1131     630      1039     252      181      525      142      816      643      593      548      441      990      943      1023     447      
4        8840     340      983      1116     0        741      671      257      1313     1225     437      529      945      1127     365      1291     1112     740      1006     574      435      752      857      249      1119     216      1086     1328     1196     1225     593      1206     1092     892      945      1064     1129     377      643      1225     939      
5        3650     401      243      1065     741      0        867      500      674      592      399      590      364      424      605      785      485      404      1035     266      555      54       681      491      377      546      619      657      1274     1060     775      1067     503      464      535      656      785      368      145      543      647      
6        7030     651      1024     465      671      867      0        728      1074     1002     508      280      782      1033     356      913      919      531      341      603      348      834      386      661      1142     732      742      1132     526      609      98       581      865      623      623      676      660      648      722      1070     515      
7        7090     134      744      1115     257      500      728      0        1120     1032     304      498      757      908      372      1143     918      601      1027     392      400      520      791      68       877      46       942      1124     1245     1190     633      1179     910      745      809      938      1028     169      426      1015     841      
8        4330     992      501      959      1313     674      1074     1120     0        88       879      903      367      278      1027     282      202      602      1018     740      947      631      698      1086     463      1164     343      88       1212     841      1028     871      225      464      451      423      518      955      696      159      572      
9        3460     904      434      916      1225     592      1002     1032     88       0        791      821      279      219      941      283      113      517      966      652      862      547      632      997      416      1076     288      131      1168     811      951      838      141      384      379      370      481      866      609      123      509      
10       4470     179      613      831      437      399      508      304      879      791      0        234      512      715      205      859      679      307      759      154      165      385      489      244      748      334      655      900      989      891      410      883      656      458      516      641      725      158      261      801      537      
11       4860     396      764      617      529      590      280      498      903      821      234      0        565      806      164      808      722      306      532      324      100      560      329      430      889      514      610      945      758      703      185      688      679      439      469      568      610      385      444      865      424      
12       800      627      321      816      945      364      782      757      367      279      512      565      0        251      671      421      167      259      827      372      593      311      459      720      395      800      262      389      1055     764      717      780      152      177      224      315      452      590      341      300      369      
13       3300     790      224      1042     1127     424      1033     908      278      219      715      806      251      0        895      492      172      506      1067     562      822      391      704      885      200      953      427      238      1288     966      965      987      234      423      454      504      635      753      484      124      601      
14       5970     302      814      763      365      605      356      372      1027     941      205      164      671      895      0        958      835      426      663      351      81       589      493      304      947      378      756      1060     875      861      261      844      801      573      613      721      772      306      465      970      584      
15       4420     1008     685      708      1291     785      913      1143     282      283      859      808      421      492      958      0        331      551      787      751      877      732      528      1094     692      1181     204      370      958      571      889      604      289      400      346      242      274      973      752      407      401      
16       2380     790      354      881      1112     485      919      918      202      113      679      722      167      172      835      331      0        415      915      538      757      438      564      883      368      962      257      224      1130     796      862      819      65       296      307      336      465      753      495      151      450      
17       1800     467      503      661      740      404      531      601      602      517      307      306      259      506      426      551      415      0        636      225      345      356      277      547      614      636      347      640      874      665      459      668      376      152      208      336      435      435      288      558      261      
18       7590     928      1128     136      1006     1035     341      1027     1018     966      759      532      827      1067     663      787      915      636      0        799      627      990      370      959      1221     1039     677      1093     239      311      413      275      852      650      613      596      513      915      903      1064     466      
19       3180     258      463      850      574      266      603      392      740      652      154      324      372      562      351      751      538      225      799      0        292      241      475      348      596      432      553      755      1037     878      510      876      522      357      425      556      660      222      120      652      485      
20       5180     305      752      716      435      555      348      400      947      862      165      100      593      822      81       877      757      345      627      292      0        533      422      332      883      415      675      981      849      802      249      788      721      492      532      641      696      300      411      893      507      
21       3100     411      233      1017     752      54       834      520      631      547      385      560      311      391      589      732      438      356      990      241      533      0        632      504      369      566      565      618      1229     1008     744      1015     453      410      480      602      731      376      124      505      595      
22       3890     668      758      384      857      681      386      791      698      632      489      329      459      704      493      528      564      277      370      475      422      632      0        727      852      816      359      763      604      405      364      401      504      282      256      290      290      644      560      715      129      
23       6660     94       734      1048     249      491      661      68       1086     997      244      430      720      885      304      1094     883      547      959      348      332      504      727      0        869      89       892      1094     1177     1124     565      1113     871      695      756      884      970      132      400      987      781      
24       4620     778      136      1211     1119     377      1142     877      463      416      748      889      395      200      947      692      368      614      1221     596      883      369      852      869      0        923      616      402      1450     1149     1064     1168     427      571      617      688      823      744      490      304      764      
25       7500     173      790      1131     216      546      732      46       1164     1076     334      514      800      953      378      1181     962      636      1039     432      415      566      816      89       923      0        980      1168     1253     1211     638      1200     952      782      845      973      1059     210      471      1060     871      
26       2570     808      572      630      1086     619      742      942      343      288      655      610      262      427      756      204      257      347      677      553      675      565      359      892      616      980      0        416      881      538      707      562      193      197      142      82       207      773      566      394      230      
27       4630     1000     461      1039     1328     657      1132     1124     88       131      900      945      389      238      1060     370      224      640      1093     755      981      618      763      1094     402      1168     416      0        1292     926      1080     955      268      512      510      497      600      962      697      114      639      
28       9910     1153     1362     252      1196     1274     526      1245     1212     1168     989      758      1055     1288     875      958      1130     874      239      1037     849      1229     604      1177     1450     1253     881      1292     0        401      615      363      1065     879      835      799      694      1143     1142     1274     688      
29       7180     1070     1085     181      1225     1060     609      1190     841      811      891      703      764      966      861      571      796      665      311      878      802      1008     405      1124     1149     1211     538      926      401      0        651      39       732      606      543      461      332      1048     954      927      413      
30       6370     552      942      525      593      775      98       633      1028     951      410      185      717      965      261      889      862      459      413      510      249      744      364      565      1064     638      707      1080     615      651      0        627      812      567      578      648      652      549      629      1011     488      
31       7310     1062     1101     142      1206     1067     581      1179     871      838      883      688      780      987      844      604      819      668      275      876      788      1015     401      1113     1168     1200     562      955      363      39       627      0        754      618      557      483      357      1041     956      953      422      
32       2080     779      400      816      1092     503      865      910      225      141      656      679      152      234      801      289      65       376      852      522      721      453      504      871      427      952      193      268      1065     732      812      754      0        244      247      271      401      742      494      212      387      
33       1140     611      487      643      892      464      623      745      464      384      458      439      177      423      573      400      296      152      650      357      492      410      282      695      571      782      197      512      879      606      567      618      244      0        72       201      322      577      385      447      197      
34       1760     674      543      593      945      535      623      809      451      379      516      469      224      454      613      346      307      208      613      425      532      480      256      756      617      845      142      510      835      543      578      557      247      72       0        131      251      641      457      459      147      
35       2910     804      634      548      1064     656      676      938      423      370      641      568      315      504      721      242      336      336      596      556      641      602      290      884      688      973      82       497      799      461      648      483      271      201      131      0        137      771      586      475      161      
36       4230     896      771      441      1129     785      660      1028     518      481      725      610      452      635      772      274      465      435      513      660      696      731      290      970      823      1059     207      600      694      332      652      357      401      322      251      137      0        866      705      595      190      
37       5400     37       607      990      377      368      648      169      955      866      158      385      590      753      306      973      753      435      915      222      300      376      644      132      744      210      773      962      1143     1048     549      1041     742      577      641      771      866      0        268      855      682      
38       3110     305      354      943      643      145      722      426      696      609      261      444      341      484      465      752      495      288      903      120      411      124      560      400      490      471      566      697      1142     954      629      956      494      385      457      586      705      268      0        588      546      
39       3780     893      348      1023     1225     543      1070     1015     159      123      801      865      300      124      970      407      151      558      1064     652      893      505      715      987      304      1060     394      114      1274     927      1011     953      212      447      459      475      595      855      588      0        599      
40       3110     710      684      447      939      647      515      841      572      509      537      424      369      601      584      401      450      261      466      485      507      595      129      781      764      871      230      639      688      413      488      422      387      197      147      161      190      682      546      599      0        
;

