

sets
i        orders          /0*10/
k        routes          /1*10/
p        positions       /0*10/
;

alias(i,j)
alias(i,h)
alias(i,hh)
alias(i,jj)
alias(k,kk)
                            Parameters

rho(i)	Processing time
/
0	0
1	86
2	70
3	8
4	71
5	85
6	82
7	90
8	98
9	7
10	72
/

gamma(i)	Duedate
/
0	0
1	9
2	60
3	84
4	64
5	83
6	59
7	4
8	88
9	91
10	5
/

sigma(i)	Size
/
0	0
1	3
2	4
3	3
4	7
5	4
6	8
7	3
8	8
9	1
10	6
/

epsilon(i)	Priority
/
0	0
1	4
2	1
3	9
4	5
5	7
6	5
7	5
8	4
9	4
10	8
/

psi	Vehicle Capacity
/ 20 /
;

Table kappa(i,j)                 Setup
         0        1        2        3        4        5        6        7        8        9        10       
0        0        333      168      75       178      102      418      339      191      118      303      
1        333      0        238      265      214      244      173      350      223      228      123      
2        168      238      0        152      218      77       264      417      237      71       157      
3        75       265      152      0        106      74       368      286      121      82       253      
4        178      214      218      106      0        155      359      198      18       151      254      
5        102      244      77       74       155      0        316      350      173      17       201      
6        418      173      264      368      359      316      0        520      372      300      115      
7        339      350      417      286      198      350      520      0        179      348      432      
8        191      223      237      121      18       173      372      179      0        170      270      
9        118      228      71       82       151      17       300      348      170      0        185      
10       303      123      157      253      254      201      115      432      270      185      0        
;



Table delta(i,j)                 Distance
         0        1        2        3        4        5        6        7        8        9        10       
0        0        1190     1150     1000     1560     2050     900      1350     1410     2430     980      
1        1190     0        96       114      163      191      51       177      76       261      176      
2        1150     96       0        29       66       101      122      85       168      165      209      
3        1000     114      29       0        60       106      129      63       179      156      198      
4        1560     163      66       60       0        50       186      47       234      99       255      
5        2050     191      101      106      50       0        224      93       267      83       304      
6        900      51       122      129      186      224      0        188      54       285      127      
7        1350     177      85       63       47       93       188      0        240      107      232      
8        1410     76       168      179      234      267      54       240      0        333      150      
9        2430     261      165      156      99       83       285      107      333      0        340      
10       980      176      209      198      255      304      127      232      150      340      0        
;

