
sets
i        orders          /0*80/
k        routes          /1*80/
p        positions       /0*80/
;

alias(i,j)
alias(i,h)
alias(i,hh)
alias(i,jj)
alias(k,kk)
                
                    Parameters

rho(i)	Processing time
/
0	0
1	75
2	6
3	28
4	91
5	76
6	7
7	65
8	55
9	10
10	84
11	78
12	48
13	94
14	3
15	70
16	78
17	89
18	29
19	12
20	88
21	49
22	53
23	95
24	42
25	28
26	47
27	45
28	44
29	3
30	50
31	13
32	96
33	77
34	2
35	54
36	33
37	69
38	80
39	38
40	94
41	46
42	21
43	68
44	89
45	97
46	15
47	52
48	9
49	95
50	80
51	45
52	46
53	1
54	37
55	87
56	2
57	52
58	10
59	74
60	9
61	43
62	38
63	71
64	37
65	75
66	98
67	84
68	68
69	58
70	18
71	89
72	16
73	93
74	35
75	7
76	11
77	14
78	45
79	96
80	3
/

gamma(i)	Duedate
/
0	0
1	51
2	10
3	43
4	50
5	22
6	88
7	7
8	10
9	83
10	87
11	1
12	16
13	83
14	34
15	34
16	77
17	67
18	3
19	50
20	97
21	93
22	42
23	11
24	22
25	42
26	97
27	89
28	38
29	87
30	7
31	94
32	32
33	46
34	53
35	72
36	62
37	51
38	82
39	44
40	9
41	67
42	53
43	82
44	66
45	82
46	34
47	74
48	79
49	44
50	89
51	63
52	80
53	81
54	68
55	73
56	10
57	26
58	46
59	26
60	39
61	85
62	22
63	10
64	49
65	92
66	85
67	4
68	48
69	48
70	98
71	8
72	46
73	9
74	7
75	56
76	33
77	73
78	64
79	41
80	78
/

sigma(i)	Size
/
0	0
1	7
2	5
3	2
4	7
5	2
6	3
7	8
8	8
9	7
10	3
11	1
12	9
13	3
14	7
15	7
16	3
17	4
18	7
19	8
20	6
21	3
22	1
23	2
24	9
25	4
26	9
27	1
28	5
29	7
30	4
31	6
32	1
33	4
34	2
35	4
36	8
37	7
38	8
39	8
40	5
41	4
42	9
43	3
44	5
45	2
46	1
47	3
48	8
49	9
50	1
51	7
52	4
53	2
54	9
55	8
56	8
57	4
58	7
59	9
60	3
61	6
62	2
63	5
64	6
65	7
66	6
67	2
68	8
69	2
70	7
71	7
72	7
73	9
74	1
75	2
76	5
77	8
78	2
79	5
80	5
/

epsilon(i)	Priority
/
0	0
1	6
2	8
3	6
4	2
5	9
6	7
7	6
8	5
9	4
10	5
11	1
12	6
13	8
14	9
15	7
16	8
17	8
18	5
19	5
20	8
21	3
22	8
23	6
24	6
25	3
26	5
27	7
28	6
29	4
30	2
31	3
32	9
33	2
34	8
35	9
36	3
37	8
38	9
39	9
40	4
41	5
42	4
43	6
44	3
45	5
46	1
47	2
48	5
49	4
50	1
51	5
52	1
53	6
54	6
55	8
56	9
57	3
58	5
59	9
60	7
61	1
62	1
63	7
64	1
65	3
66	9
67	5
68	7
69	7
70	1
71	9
72	9
73	4
74	5
75	4
76	7
77	8
78	5
79	8
80	3
/

psi	Vehicle Capacity
/ 42 /
;

Table kappa(i,j)                 Setup
         0        1        2        3        4        5        6        7        8        9        10       11       12       13       14       15       16       17       18       19       20       21       22       23       24       25       26       27       28       29       30       31       32       33       34       35       36       37       38       39       40       41       42       43       44       45       46       47       48       49       50       51       52       53       54       55       56       57       58       59       60       61       62       63       64       65       66       67       68       69       70       71       72       73       74       75       76       77       78       79       80       
0        0        737      767      878      142      973      686      496      898      840      433      444      628      491      1152     1215     901      714      840      556      416      1146     838      830      598      285      640      535      174      1155     899      394      726      976      251      553      578      291      692      455      811      974      775      579      1232     869      909      421      385      120      581      746      865      429      372      804      1233     1322     176      1006     246      1028     1044     370      592      832      723      390      661      354      476      824      83       640      496      960      1001     242      709      676      905      
1        737      0        932      1441     597      581      630      1190     985      1288     1088     522      362      1128     526      1301     1083     1452     1445     1294     1139     1333     428      99       157      841      615      958      893      476      1618     969      317      272      823      749      1078     613      1319     1186     896      1200     1464     1067     1348     1542     938      1082     904      786      961      865      554      935      1076     88       1400     1510     561      650      809      873      385      559      788      121      1374     1111     1399     964      439      595      719      1378     393      601      344      621      1444     85       1513     
2        767      932      0        1614     772      1456     1312     777      1609     1606     1159     1066     1117     1222     1458     1942     1640     1152     1557     1063     834      1895     1293     960      797      522      1272     1300     896      1396     1451     515      1158     1192     549      1264     1344     511      1407     896      1514     1726     1414     405      1968     1520     1600     664      1153     887      264      71       1385     431      752      1019     1980     2075     745      1515     545      1650     1315     1021     1309     1051     1414     815      1114     564      521      1385     683      1118     1023     1463     1275     554      1222     848      1614     
3        878      1441     1614     0        949      1303     949      971      788      251      455      924      1136     392      1626     883      666      756      103      690      858      717      1268     1540     1355     1092     928      490      722      1689     560      1128     1241     1582     1065     738      362      1169     218      817      787      611      367      1307     852      323      858      1024     546      763      1381     1606     1194     1203     917      1469     784      804      993      1285     1070     1094     1584     882      716      1484     253      864      739      1073     1336     1113     957      708      1055     1269     1552     1120     639      1416     128      
4        142      597      772      949      0        847      589      631      844      875      528      336      496      580      1012     1173     868      856      925      696      557      1123     707      691      462      362      544      545      298      1012     1028     489      590      833      330      496      618      261      782      598      751      955      890      658      1197     979      843      546      417      201      628      738      744      503      508      662      1208     1303     44       885      320      936      902      271      539      690      822      531      802      459      387      711      157      781      365      838      859      217      846      539      992      
5        973      581      1456     1303     847      0        363      1467     593      1080     1121     535      358      1130     350      829      726      1611     1348     1449     1376     919      163      622      672      1200     397      841      1055     448      1669     1331     298      466      1170     587      974      1017     1269     1402     543      841      1470     1482     887      1516     521      1392     888      945      1415     1397     116      1330     1343     520      963      1071     838      70       1159     348      380      613      596      501      1343     1353     1559     1305     935      191      1005     1530     483      38       375      999      1559     645      1411     
6        686      630      1312     949      589      363      0        1163     355      740      764      254      267      769      677      679      456      1266     989      1106     1060     702      323      713      634      951      46       478      731      745      1307     1075     336      672      918      224      612      817      905      1079     266      575      1107     1247     722      1153     314      1105     530      630      1210     1264     248      1092     1040     617      770      879      596      364      909      346      647      319      234      617      979      1040     1216     1039     815      173      739      1185     298      334      620      785      1206     652      1053     
7        496      1190     777      971      631      1467     1163     0        1309     1059     574      934      1124     629      1642     1589     1274     374      888      307      122      1481     1334     1272     1036     369      1117     869      438      1636     680      282      1221     1447     376      992      834      596      753      154      1235     1314     684      385      1592     789      1337     125      718      532      513      802      1358     363      123      1267     1568     1636     653      1497     391      1492     1527     857      1021     1297     729      131      338      253      816      1312     481      345      992      1454     1484     575      451      1116     930      
8        898      985      1609     788      844      593      355      1309     0        540      791      553      623      768      943      335      136      1311     859      1169     1192     349      634      1066     986      1183     376      457      876      1035     1264     1291     682      1001     1149     348      550      1099     828      1192     96       248      1050     1478     371      1063     75       1282     593      805      1470     1568     514      1327     1197     968      414      524      865      551      1143     310      951      588      307      966      907      1178     1269     1246     1139     436      970      1235     639      555      933      1059     1225     1007     911      
9        840      1288     1606     251      875      1080     740      1059     540      0        487      766      956      430      1414     642      415      922      336      819      938      485      1063     1385     1224     1095     726      340      717      1486     782      1159     1054     1398     1064     548      261      1122     363      911      548      363      573      1348     617      556      612      1085     459      720      1397     1587     976      1223     980      1305     560      601      915      1055     1066     849      1386     741      517      1315     433      936      893      1105     1256     893      924      860      895      1044     1357     1073     813      1276     378      
10       433      1088     1159     455      528      1121     764      574      791      487      0        624      853      63       1390     1035     728      521      408      378      452      914      1035     1187     974      637      725      335      268      1425     553      681      965      1280     610      546      265      722      259      431      737      751      376      867      1030     455      836      597      233      328      930      1151     1004     752      492      1135     999      1063     572      1128     614      1034     1314     557      554      1157     294      449      477      627      905      936      508      444      740      1096     1276     674      446      1045     472      
11       444      522      1066     924      336      535      254      934      553      766      624      0        229      649      768      889      613      1083     937      920      840      875      420      619      467      699      210      437      520      801      1177     824      340      666      666      240      562      565      823      867      457      720      996      994      923      1061     536      866      407      409      956      1021     424      839      810      545      953      1057     341      563      657      601      690      77       284      559      887      818      1031     791      585      380      489      1003     130      520      653      531      1042     511      1006     
12       628      362      1117     1136     496      358      267      1124     623      956      853      229      0        878      541      943      720      1303     1157     1140     1041     970      211      448      377      842      254      646      733      572      1406     975      111      446      813      408      777      661      1049     1073     534      838      1225     1124     988      1288     579      1042     635      619      1059     1062     269      972      1000     356      1038     1147     482      406      802      548      461      299      442      361      1114     1016     1250     950      599      271      652      1224     131      355      424      641      1267     386      1224     
13       491      1128     1222     392      580      1130     769      629      768      430      63       649      878      0        1410     997      696      544      348      411      507      869      1052     1227     1019     700      733      317      330      1450     538      744      989      1311     673      547      226      782      202      482      720      710      346      929      989      415      818      657      245      383      993      1214     1014     816      551      1172     954      1014     624      1133     677      1023     1340     586      550      1192     247      506      504      690      961      942      568      470      769      1104     1302     733      458      1088     414      
14       1152     526      1458     1626     1012     350      677      1642     943      1414     1390     768      541      1410     0        1170     1075     1843     1662     1680     1568     1268     360      506      673      1324     699      1148     1271     119      1944     1456     432      274      1300     892      1282     1108     1569     1605     889      1192     1757     1576     1229     1813     872      1548     1165     1157     1479     1390     439      1435     1520     438      1308     1415     988      401      1287     687      144      840      910      406      1639     1543     1790     1442     961      522      1161     1764     667      388      182      1106     1808     611      1728     
15       1215     1301     1942     883      1173     829      679      1589     335      642      1035     889      943      997      1170     0        317      1534     977      1408     1469     175      914      1375     1314     1501     706      720      1170     1276     1425     1602     988      1280     1467     677      771      1431     996      1459     432      289      1213     1792     61       1198     365      1577     874      1113     1794     1902     783      1644     1485     1273     156      249      1196     770      1462     483      1209     922      633      1267     1071     1458     1498     1555     1475     718      1291     1464     971      792      1199     1390     1434     1330     1011     
16       901      1083     1640     666      868      726      456      1274     136      415      728      613      720      696      1075     317      0        1240     743      1106     1154     261      755      1168     1067     1187     467      405      852      1164     1165     1285     791      1120     1152     382      471      1129     729      1147     193      120      951      1476     331      955      211      1260     557      797      1482     1604     642      1329     1168     1073     342      444      895      687      1148     444      1077     632      335      1074     807      1143     1200     1238     1193     561      979      1166     715      688      1057     1086     1146     1097     791      
17       714      1452     1152     756      856      1611     1266     374      1311     922      521      1083     1303     544      1843     1534     1240     0        656      163      343      1396     1504     1544     1310     708      1224     856      572      1858     321      649      1411     1687     704      1057     769      912      562      283      1258     1245     401      757      1522     490      1358     492      744      686      887      1176     1495     733      426      1519     1477     1523     891      1626     717      1554     1747     1007     1071     1546     505      369      53       611      1134     1433     740      80       1176     1590     1705     878      119      1389     675      
18       840      1445     1557     103      925      1348     989      888      859      336      408      937      1157     348      1662     977      743      656      0        599      779      813      1302     1544     1349     1035     963      515      676      1718     457      1061     1264     1602     1010     770      381      1130     150      734      849      699      263      1235     948      222      926      949      541      731      1317     1553     1237     1138     843      1479     883      906      969      1335     1016     1160     1612     887      754      1496     159      786      642      1007     1309     1157     916      612      1066     1316     1578     1082     538      1414     68       
19       556      1294     1063     690      696      1449     1106     307      1169     819      378      920      1140     411      1680     1408     1106     163      599      0        229      1279     1340     1386     1154     584      1064     712      409      1695     389      549      1247     1526     574      901      637      772      477      167      1111     1121     378      688      1400     481      1212     402      590      523      802      1079     1333     634      313      1359     1362     1417     733      1465     586      1401     1584     844      917      1385     439      250      110      503      992      1273     588      85       1012     1428     1542     735      165      1232     633      
20       416      1139     834      858      557      1376     1060     122      1192     938      452      840      1041     507      1568     1469     1154     343      779      229      0        1359     1249     1225     989      365      1015     748      329      1570     618      320      1141     1387     361      882      712      572      639      62       1120     1192     591      466      1470     696      1223     176      600      432      573      850      1264     405      85       1211     1446     1514     586      1403     374      1384     1460     763      908      1240     621      27       295      275      795      1215     420      290      909      1360     1417     542      390      1070     824      
21       1146     1333     1895     717      1123     919      702      1481     349      485      914      875      970      869      1268     175      261      1396     813      1279     1359     0        978      1415     1325     1429     719      623      1078     1367     1266     1521     1031     1347     1395     643      648      1385     846      1344     436      172      1058     1712     135      1036     407      1481     781      1036     1728     1861     854      1570     1384     1317     87       182      1152     867      1392     588      1290     893      596      1315     918      1352     1363     1471     1455     779      1226     1329     974      881      1275     1341     1291     1351     844      
22       838      428      1293     1268     707      163      323      1334     634      1063     1035     420      211      1052     360      914      755      1504     1302     1340     1249     978      0        480      510      1051     340      787      937      422      1588     1184     135      368      1023     532      921      861      1208     1280     563      875      1397     1329     967      1453     571      1253     807      824      1256     1234     133      1178     1211     376      1033     1143     693      226      1011     455      324      496      552      363      1278     1225     1451     1160     772      198      863      1423     342      175      301      846      1461     487      1368     
23       830      99       960      1540     691      622      713      1272     1066     1385     1187     619      448      1227     506      1375     1168     1544     1544     1386     1225     1415     480      0        236      917      702      1056     989      436      1715     1041     387      234      901      843      1177     685      1418     1275     980      1286     1562     1128     1424     1642     1016     1161     1003     883      1013     891      611      1002     1160     103      1480     1590     653      692      886      934      361      658      882      120      1474     1198     1490     1040     494      661      806      1471     489      646      326      699      1538     155      1613     
24       598      157      797      1355     462      672      634      1036     986      1224     974      467      377      1019     673      1314     1067     1310     1349     1154     989      1325     510      236      0        684      609      886      761      631      1491     811      379      429      667      706      996      455      1216     1039     892      1180     1346     911      1356     1430     949      926      810      660      807      733      620      777      924      243      1398     1506     422      736      653      923      535      483      750      276      1266     962      1256     807      288      643      571      1237     352      685      493      465      1307     80       1418     
25       285      841      522      1092     362      1200     951      369      1183     1095     637      699      842      700      1324     1501     1187     708      1035     584      365      1429     1051     917      684      0        905      812      378      1304     972      133      925      1107     34       836      837      232      885      426      1094     1257     906      297      1518     1009     1191     248      656      393      302      519      1101     144      282      923      1516     1603     363      1242     41       1297     1199     631      876      955      894      339      660      123      447      1072     214      654      717      1194     1155     220      749      763      1093     
26       640      615      1272     928      544      397      46       1117     376      726      725      210      254      733      699      706      467      1224     963      1064     1015     719      340      702      609      905      0        450      686      762      1271     1029     334      676      872      193      584      775      875      1034     283      584      1073     1202     747      1122     343      1059     492      584      1166     1225     281      1047     995      608      790      898      552      403      864      391      660      274      212      612      948      995      1174     993      778      210      693      1143     265      370      631      742      1166     632      1028     
27       535      958      1300     490      545      841      478      869      457      340      335      437      646      317      1148     720      405      856      515      712      748      623      787      1056     886      812      450      0        454      1203     841      898      751      1092     778      256      134      801      427      742      403      452      634      1090     725      674      502      859      157      419      1113     1274     727      950      765      982      711      792      582      835      777      707      1097     403      246      995      502      738      812      847      920      650      618      779      567      811      1064     753      775      940      581      
28       174      893      896      722      298      1055     731      438      876      717      268      520      733      330      1271     1170     852      572      676      409      329      1078     937      989      761      378      686      454      0        1286     729      446      839      1118     348      554      460      456      526      348      798      907      601      638      1178     695      901      408      297      113      679      884      941      506      321      954      1166     1245     340      1078     351      1055     1174     442      583      980      552      311      519      395      650      888      242      494      604      1037     1133     409      551      838      739      
29       1155     476      1396     1689     1012     448      745      1636     1035     1486     1425     801      572      1450     119      1276     1164     1858     1718     1695     1570     1367     422      436      631      1304     762      1203     1286     0        1977     1434     461      205      1282     951      1337     1081     1617     1610     975      1282     1797     1542     1334     1859     966      1536     1206     1172     1437     1327     522      1406     1516     388      1411     1519     984      505      1269     793      111      869      974      355      1685     1544     1805     1424     915      604      1155     1780     688      486      153      1083     1831     561      1785     
30       899      1618     1451     560      1028     1669     1307     680      1264     782      553      1177     1406     538      1944     1425     1165     321      457      389      618      1266     1588     1715     1491     972      1271     841      729      1977     0        938      1517     1827     960      1084     721      1146     436      556      1233     1140     214      1066     1400     239      1323     787      781      832      1188     1468     1552     1023     702      1673     1339     1364     1069     1670     971      1544     1866     1108     1084     1697     358      640      344      893      1361     1480     948      335      1290     1642     1827     1106     229      1566     446      
31       394      969      515      1128     489      1331     1075     282      1291     1159     681      824      975      744      1456     1602     1285     649      1061     549      320      1521     1184     1041     811      133      1029     898      446      1434     938      0        1057     1237     161      948      906      356      913      382      1205     1349     901      192      1615     1007     1304     158      740      488      258      530      1232     85       236      1052     1608     1690     494      1373     172      1419     1331     755      986      1084     911      299      607      54       560      1201     335      607      848      1325     1287     351      709      889      1114     
32       726      317      1158     1241     590      298      336      1221     682      1054     965      340      111      989      432      988      791      1411     1264     1247     1141     1031     135      387      379      925      334      751      839      461      1517     1057     0        344      897      507      883      729      1158     1176     600      911      1336     1198     1037     1399     629      1134     745      725      1122     1098     242      1048     1098     286      1094     1204     571      359      885      556      350      409      537      283      1225     1117     1358     1036     636      277      744      1332     235      307      314      715      1376     364      1332     
33       976      272      1192     1582     833      466      672      1447     1001     1398     1280     666      446      1311     274      1280     1120     1687     1602     1526     1387     1347     368      234      429      1107     676      1092     1118     205      1827     1237     344      0        1087     851      1222     881      1490     1431     927      1240     1656     1340     1334     1725     940      1344     1072     1006     1233     1124     497      1206     1330     185      1401     1511     802      536      1073     809      131      725      881      153      1552     1361     1634     1229     711      567      969      1611     541      499      104      887      1668     357      1670     
34       251      823      549      1065     330      1170     918      376      1149     1064     610      666      813      673      1300     1467     1152     704      1010     574      361      1395     1023     901      667      34       872      778      348      1282     960      161      897      1087     0        802      805      219      860      421      1060     1223     887      331      1483     990      1157     260      623      359      335      542      1071     178      281      903      1482     1569     333      1212     14       1264     1177     598      842      935      871      334      655      141      440      1041     180      647      687      1164     1133     202      740      746      1069     
35       553      749      1264     738      496      587      224      992      348      548      546      240      408      547      892      677      382      1057     770      901      882      643      532      843      706      836      193      256      554      951      1084     948      507      851      802      0        390      753      682      892      258      483      883      1132     704      929      355      952      314      469      1121     1226     472      980      874      759      724      825      519      586      796      503      846      250      46       768      755      864      1009     905      812      397      622      977      359      558      815      712      991      747      836      
36       578      1078     1344     362      618      974      612      834      550      261      265      562      777      226      1282     771      471      769      381      637      712      648      921      1177     996      837      584      134      460      1337     721      906      883      1222     805      390      0        861      297      695      512      486      510      1097     765      543      605      844      201      458      1138     1325     860      967      743      1107     734      801      659      966      806      822      1230     520      378      1121     373      706      730      853      1003     782      662      695      692      943      1197     813      677      1055     448      
37       291      613      511      1169     261      1017     817      596      1099     1122     722      565      661      782      1108     1431     1129     912      1130     772      572      1385     861      685      455      232      775      801      456      1081     1146     356      729      881      219      753      861      0        981      630      1005     1216     1047     470      1456     1146     1093     479      662      408      399      477      929      326      496      696      1470     1565     234      1067     205      1162     979      513      798      728      1008     545      861      355      222      913      214      849      546      1016     935      49       936      533      1194     
38       692      1319     1407     218      782      1269     905      753      828      363      259      823      1049     202      1569     996      729      562      150      477      639      846      1208     1418     1216     885      875      427      526      1617     436      913      1158     1490     860      682      297      981      0        598      802      709      221      1090     977      247      890      806      418      585      1168     1403     1154     990      699      1358     923      963      826      1262     865      1114     1508     767      673      1377     78       645      538      859      1163     1077     767      505      949      1239     1473     933      450      1283     212      
39       455      1186     896      817      598      1402     1079     154      1192     911      431      867      1073     482      1605     1459     1147     283      734      167      62       1344     1280     1275     1039     426      1034     742      348      1610     556      382      1176     1431     421      892      695      630      598      0        1124     1179     536      522      1458     641      1226     234      599      457      634      912      1289     467      147      1257     1430     1494     629      1426     434      1395     1500     789      916      1285     575      87       234      337      852      1237     468      228      942      1385     1457     598      328      1119     776      
40       811      896      1514     787      751      543      266      1235     96       548      737      457      534      720      889      432      193      1258     849      1111     1120     436      563      980      892      1094     283      403      798      975      1233     1205     600      927      1060     258      512      1005     802      1124     0        313      1020     1390     467      1043     102      1203     526      722      1378     1473     452      1238     1120     883      506      615      771      511      1054     312      885      492      219      883      881      1105     1214     1161     1042     370      881      1181     543      506      865      966      1178     915      905      
41       974      1200     1726     611      955      841      575      1314     248      363      751      720      838      710      1192     289      120      1245     699      1121     1192     172      875      1286     1180     1257     584      452      907      1282     1140     1349     911      1240     1223     483      486      1216     709      1179     313      0        927      1540     279      918      321      1311     610      864      1556     1693     760      1398     1214     1192     259      348      984      799      1220     544      1196     733      437      1193     784      1184     1210     1299     1294     680      1054     1175     828      803      1177     1172     1145     1212     739      
42       775      1464     1414     367      890      1470     1107     684      1050     573      376      996      1225     346      1757     1213     951      401      263      378      591      1058     1397     1562     1346     906      1073     634      601      1797     214      901      1336     1656     887      883      510      1047     221      536      1020     927      0        1057     1190     105      1110     768      591      689      1159     1421     1354     984      668      1512     1132     1163     934      1468     896      1332     1686     932      880      1533     143      606      395      850      1250     1280     837      369      1115     1441     1649     1002     282      1419     274      
43       579      1067     405      1307     658      1482     1247     385      1478     1348     867      994      1124     929      1576     1792     1476     757      1235     688      466      1712     1329     1128     911      297      1202     1090     638      1542     1066     192      1198     1340     331      1132     1097     470      1090     522      1390     1540     1057     0        1806     1163     1488     289      932      678      151      443      1388     155      393      1154     1800     1882     654      1528     338      1593     1444     928      1171     1187     1082     453      723      244      633      1364     511      731      1002     1479     1400     483      837      984      1285     
44       1232     1348     1968     852      1197     887      722      1592     371      617      1030     923      988      989      1229     61       331      1522     948      1400     1470     135      967      1424     1356     1518     747      725      1178     1334     1400     1615     1037     1334     1483     704      765      1456     977      1458     467      279      1190     1806     0        1171     409      1585     881      1127     1813     1930     837      1660     1490     1323     96       188      1222     829      1479     542      1265     952      659      1318     1050     1461     1487     1567     1508     770      1310     1453     1010     849      1255     1414     1419     1375     979      
45       869      1542     1520     323      979      1516     1153     789      1063     556      455      1061     1288     415      1813     1198     955      490      222      481      696      1036     1453     1642     1430     1009     1122     674      695      1859     239      1007     1399     1725     990      929      543      1146     247      641      1043     918      105      1163     1171     0        1128     873      654      777      1265     1526     1401     1090     773      1587     1106     1127     1023     1509     999      1356     1750     1001     921      1607     174      711      490      956      1345     1325     934      466      1184     1486     1713     1100     372      1501     207      
46       909      938      1600     858      843      521      314      1337     75       612      836      536      579      818      872      365      211      1358     926      1212     1223     407      571      1016     949      1191     343      502      901      966      1323     1304     629      940      1157     355      605      1093     890      1226     102      321      1110     1488     409      1128     0        1304     628      822      1472     1557     448      1335     1222     916      464      575      861      478      1151     236      884      579      319      912      969      1207     1314     1261     1118     372      977      1281     608      483      869      1055     1276     965      980      
47       421      1082     664      1024     546      1392     1105     125      1282     1085     597      866      1042     657      1548     1577     1260     492      949      402      176      1481     1253     1161     926      248      1059     859      408      1536     787      158      1134     1344     260      952      844      479      806      234      1203     1311     768      289      1585     873      1304     0        703      483      400      684      1286     240      107      1161     1569     1643     562      1427     274      1443     1429     791      984      1192     794      163      451      129      696      1246     390      454      911      1381     1385     462      558      1006     997      
48       385      904      1153     546      417      888      530      718      593      459      233      407      635      245      1165     874      557      744      541      590      600      781      807      1003     810      656      492      157      297      1206     781      740      745      1072     623      314      201      662      418      599      526      610      591      932      881      654      628      703      0        266      959      1130     772      793      610      941      869      950      458      894      622      810      1096     349      327      959      480      587      696      690      802      702      469      664      531      863      1059     614      677      873      610      
49       120      786      887      763      201      945      630      532      805      720      328      409      619      383      1157     1113     797      686      731      523      432      1036     824      883      660      393      584      419      113      1172     832      488      725      1006     359      469      458      408      585      457      722      864      689      678      1127     777      822      483      266      0        694      867      832      533      411      844      1124     1209     245      970      357      961      1060     331      503      869      622      411      633      441      578      782      204      608      490      928      1019     359      661      734      797      
